ID	IJC_SAMPLE_1	SJC_SAMPLE_1	IJC_SAMPLE_2	SJC_SAMPLE_2	IncFormLen	SkipFormLen
0	0,1,0	0,1,0	0,0,0	0,1,0	-2	-1
2	3951,4909,2448	52,35,62	3156,1688,1280	35,35,26	-2	-1
4	8,1,1	20,15,21	4,8,9	9,51,33	-2	-1
5	1,0,0	2,0,0	0,0,0	2,2,0	-2	-1
10	1,0,0	2,1,1	1,1,2	3,2,1	-2	-1
11	2,2,0	15,11,5	1,0,0	19,2,8	-2	-1
17	1,0,1	180,194,173	2,0,3	154,174,188	-2	-1
18	12,7,5	0,0,1	5,4,2	0,0,0	-2	-1
22	0,0,2	53,71,55	0,0,1	62,75,73	-2	-1
23	1,7,3	4,9,5	2,1,2	22,4,7	-2	-1
27	37,48,40	10,12,5	13,25,20	4,7,3	-2	-1
28	0,2,1	55,62,38	0,8,0	45,34,34	-2	-1
29	3,1,4	13,21,18	1,0,0	18,11,8	-2	-1
30	5,5,10	75,78,80	6,7,3	85,56,62	-2	-1
31	2,6,6	37,43,51	3,5,6	23,27,29	-2	-1
33	0,0,0	217,89,352	0,0,1	97,221,194	-2	-1
34	1,2,0	1,1,4	1,0,0	4,1,5	-2	-1
35	0,0,1	4,4,5	1,0,0	5,3,4	-2	-1
36	0,1,0	8,11,2	0,0,0	5,18,15	-2	-1
37	0,2,0	184,777,222	1,1,1	364,602,1013	-2	-1
38	2,1,0	6,4,2	0,1,0	4,4,5	-2	-1
40	3,1,2	6,2,10	2,1,3	12,8,6	-2	-1
42	1,0,0	2,7,7	0,0,0	2,0,6	-2	-1
43	4,1,1	94,150,145	0,1,1	110,252,258	-2	-1
44	0,0,1	383,486,354	0,0,0	472,339,354	-2	-1
45	0,0,1	381,387,359	0,0,0	421,188,197	-2	-1
46	33,36,39	658,590,667	32,22,31	666,405,369	-2	-1
52	3,0,0	23,37,28	2,6,1	16,33,22	-2	-1
53	9,4,0	2,0,0	0,0,1	3,0,1	-2	-1
54	0,4,0	39,37,27	0,1,0	28,18,32	-2	-1
55	3,6,4	52,52,54	5,2,1	38,56,54	-2	-1
56	2,3,1	76,47,84	0,0,1	29,25,30	-2	-1
58	0,0,0	76,160,125	0,1,1	140,63,54	-2	-1
59	0,3,1	171,170,205	0,1,1	113,261,220	-2	-1
66	1,3,0	4,9,3	0,0,3	3,0,5	-2	-1
67	11,5,9	57,45,56	9,11,9	40,54,33	-2	-1
69	0,0,0	4,7,4	0,1,0	3,4,5	-2	-1
73	6,10,4	14,41,30	8,3,6	29,37,29	-2	-1
77	3,1,1	38,29,49	0,3,0	35,6,14	-2	-1
78	3,1,2	5,2,10	0,3,0	4,4,1	-2	-1
79	0,0,1	0,0,0	0,0,0	1,0,0	-2	-1
83	0,3,3	4,14,6	0,0,0	8,12,10	-2	-1
86	0,0,0	10,21,7	0,0,1	21,13,2	-2	-1
88	0,3,1	5,17,7	3,5,3	12,18,13	-2	-1
90	20,10,10	3,2,0	5,13,4	1,1,2	-2	-1
91	4,2,2	166,112,122	1,2,1	72,60,66	-2	-1
97	1,0,7	115,84,105	1,2,0	59,52,46	-2	-1
98	16,22,12	6,7,5	16,13,8	9,6,2	-2	-1
106	1,2,1	9,10,11	2,0,4	4,12,10	-2	-1
107	3,0,0	17,17,10	0,1,0	7,16,6	-2	-1
108	0,2,1	1,0,0	0,1,1	0,0,0	-2	-1
109	0,4,2	29,11,13	0,3,1	10,12,4	-2	-1
110	7,10,10	0,1,0	4,7,6	0,0,1	-2	-1
121	3,0,0	2,6,2	0,1,0	5,3,0	-2	-1
122	1,0,0	11,8,8	0,0,0	6,10,9	-2	-1
125	13,17,24	216,269,253	18,17,9	170,190,235	-2	-1
127	2,8,5	0,2,0	10,4,8	0,0,0	-2	-1
130	21,26,41	0,1,0	27,15,37	0,1,1	-2	-1
138	2,1,0	8,10,7	0,2,0	7,7,9	-2	-1
140	4,2,0	0,6,0	0,0,2	2,0,1	-2	-1
142	0,1,0	3,1,0	0,0,0	1,0,0	-2	-1
143	0,1,0	4,4,0	0,0,0	0,1,0	-2	-1
154	5,2,6	80,75,90	5,0,2	78,39,29	-2	-1
156	0,2,0	3,5,1	0,0,1	3,10,5	-2	-1
158	1,1,3	57,82,39	1,6,2	25,46,44	-2	-1
159	0,0,0	3,1,0	1,2,0	7,2,1	-2	-1
160	9,16,11	1,0,0	17,20,12	1,0,0	-2	-1
161	0,0,0	12,8,15	1,2,0	14,12,3	-2	-1
162	29,34,27	540,733,571	36,92,92	403,807,796	-2	-1
179	1,0,0	122,141,141	0,0,0	97,104,89	-2	-1
181	1,0,0	6,2,6	0,0,0	2,3,2	-2	-1
189	0,1,0	0,2,2	0,0,0	0,0,2	-2	-1
190	3,4,2	6,8,12	0,1,0	8,5,10	-2	-1
191	0,0,7	4,7,9	1,0,0	4,8,2	-2	-1
195	1,2,2	44,31,39	0,0,1	28,31,22	-2	-1
199	1,4,0	1,3,5	0,7,4	1,6,2	-2	-1
203	2,2,0	1,4,1	2,1,3	0,1,1	-2	-1
204	1,1,0	3,5,3	1,0,1	6,1,1	-2	-1
207	0,0,0	0,1,3	0,0,1	0,0,1	-2	-1
215	1,3,0	18,78,9	3,2,4	38,56,73	-2	-1
218	0,0,1	23,34,28	0,0,1	19,28,16	-2	-1
223	2,5,3	117,127,135	3,0,3	58,21,29	-2	-1
228	6,6,5	93,153,90	0,4,9	120,139,119	-2	-1
237	1,0,0	1,1,3	0,2,0	0,0,2	-2	-1
238	0,0,0	1,10,5	0,1,2	1,8,1	-2	-1
239	0,2,0	6,7,6	0,0,0	1,3,4	-2	-1
242	4,3,5	16,90,6	6,6,1	69,33,15	-2	-1
248	0,2,1	5,31,9	2,2,2	25,24,5	-2	-1
249	2,4,1	5,1,5	2,3,2	4,0,4	-2	-1
250	2,2,0	18,61,18	0,1,0	26,15,6	-2	-1
256	1,0,0	19,31,31	0,0,0	15,18,22	-2	-1
258	1,1,1	41,31,22	0,1,1	22,32,28	-2	-1
266	2,1,2	18,8,14	1,0,0	11,1,0	-2	-1
267	12,10,10	2,1,3	3,2,0	1,0,0	-2	-1
269	5,6,12	105,93,111	4,6,6	51,63,62	-2	-1
272	6,2,1	758,358,769	1,1,0	476,434,409	-2	-1
273	0,5,2	149,158,207	0,0,1	133,112,116	-2	-1
274	0,1,0	153,134,141	0,0,0	107,90,102	-2	-1
275	15,12,9	118,119,125	12,9,16	69,107,59	-2	-1
277	7,7,6	11,9,7	6,0,5	1,1,8	-2	-1
278	1,0,2	11,18,10	0,0,0	12,4,10	-2	-1
281	6,5,5	26,23,35	8,10,7	21,33,23	-2	-1
282	15,15,9	0,0,0	14,16,17	0,2,0	-2	-1
286	0,0,0	4,1,1	0,0,1	4,0,4	-2	-1
287	2,0,4	16,25,25	1,2,1	15,20,26	-2	-1
288	2,0,7	23,24,31	0,0,3	22,32,34	-2	-1
293	3,0,2	59,83,65	0,2,1	50,65,47	-2	-1
296	1,1,0	0,0,0	3,2,0	0,1,0	-2	-1
297	2,0,2	24,26,29	0,1,1	34,23,31	-2	-1
301	31,59,57	2,2,0	53,34,26	1,1,1	-2	-1
303	5,11,2	41,106,50	7,6,1	54,59,52	-2	-1
305	5,2,3	105,101,131	5,2,7	102,120,122	-2	-1
309	3,1,1	17,28,17	1,1,4	19,15,33	-2	-1
310	3,4,2	45,29,22	0,0,0	22,12,21	-2	-1
312	1,1,0	5,18,12	0,3,3	5,13,6	-2	-1
313	1,1,0	263,333,253	0,3,3	162,248,344	-2	-1
314	0,0,0	325,416,276	0,3,0	222,291,371	-2	-1
316	0,1,2	50,57,56	0,0,0	40,56,53	-2	-1
330	2,1,1	18,35,14	0,1,0	10,16,29	-2	-1
331	1,0,0	2,2,7	0,0,0	2,11,6	-2	-1
332	2,1,1	26,29,16	3,2,5	9,11,18	-2	-1
340	2,7,1	43,70,23	4,3,4	35,64,48	-2	-1
346	1,0,0	71,81,61	1,1,0	72,50,60	-2	-1
351	2,1,0	0,0,2	1,0,0	0,0,0	-2	-1
352	12,4,10	47,97,63	5,0,2	84,48,59	-2	-1
353	5,0,2	269,129,489	1,7,3	142,393,323	-2	-1
369	0,1,0	11,1,5	2,0,0	13,10,3	-2	-1
370	0,1,0	1,4,5	2,0,0	2,2,1	-2	-1
371	0,1,0	0,3,3	2,0,0	8,0,3	-2	-1
372	6,6,3	107,118,116	2,4,3	67,97,98	-2	-1
376	2,2,0	3,11,6	0,0,0	3,2,0	-2	-1
377	1,0,0	3,3,4	0,0,2	3,1,1	-2	-1
387	0,0,0	1,4,8	0,1,0	5,9,7	-2	-1
388	0,0,0	299,259,298	0,1,0	176,280,225	-2	-1
399	0,2,0	104,117,127	0,0,0	116,72,71	-2	-1
411	46,47,31	57,69,42	16,3,10	26,12,62	-2	-1
412	4,2,1	70,77,71	1,3,4	35,92,70	-2	-1
413	1,1,2	0,0,0	1,2,1	0,1,1	-2	-1
414	2,0,1	3,12,9	1,0,0	5,1,2	-2	-1
417	0,0,0	4,7,1	0,0,1	2,2,1	-2	-1
418	2,2,7	27,46,35	2,1,5	29,29,37	-2	-1
422	2,0,0	23,40,28	0,1,3	24,40,29	-2	-1
425	1,0,0	7,9,9	3,2,0	8,11,10	-2	-1
432	2,0,2	9,10,10	2,6,0	18,15,19	-2	-1
434	0,0,0	3,14,7	0,1,0	10,4,7	-2	-1
435	1,1,0	0,0,0	0,1,1	1,5,2	-2	-1
437	0,0,5	20,36,17	2,0,0	45,30,37	-2	-1
443	0,0,1	7,18,7	0,0,0	12,4,5	-2	-1
448	1,1,1	6,0,2	0,2,2	0,1,3	-2	-1
458	1,0,0	641,574,872	0,0,0	347,974,959	-2	-1
464	0,0,0	1,6,1	1,0,0	0,0,2	-2	-1
465	0,0,0	19,35,25	1,0,0	20,12,15	-2	-1
466	0,0,0	16,9,11	1,0,0	17,12,7	-2	-1
467	3,2,3	15,28,23	1,3,1	21,9,12	-2	-1
468	9,9,3	6,17,8	10,9,4	2,14,7	-2	-1
471	1,0,0	3,0,0	0,0,0	2,1,2	-2	-1
472	0,1,0	2,5,3	2,0,0	9,8,4	-2	-1
476	1,1,1	14,43,19	0,0,0	27,22,28	-2	-1
485	0,0,0	7,22,12	1,0,0	8,19,6	-2	-1
487	32,63,52	4,2,7	32,32,24	1,4,3	-2	-1
488	35,66,54	114,156,104	33,36,28	122,110,131	-2	-1
491	1,5,3	7,39,7	1,11,18	23,44,63	-2	-1
492	0,0,0	8,3,8	1,0,0	12,4,8	-2	-1
495	12,13,5	80,108,75	3,12,7	94,97,117	-2	-1
505	3,1,1	66,69,42	2,2,3	43,30,33	-2	-1
506	0,1,0	4,10,7	5,0,0	16,11,11	-2	-1
507	0,0,2	9,13,12	0,0,0	3,9,7	-2	-1
510	0,0,4	7,5,13	0,0,0	7,6,7	-2	-1
512	4,3,0	7,3,3	0,0,0	5,4,1	-2	-1
513	4,4,4	13,6,9	0,0,1	2,0,6	-2	-1
514	2,1,2	21,24,17	0,0,1	17,7,6	-2	-1
515	2,1,3	13,18,14	4,3,1	14,6,2	-2	-1
516	1,0,0	22,11,19	0,0,0	12,8,2	-2	-1
517	3,0,2	21,10,15	4,2,0	6,5,2	-2	-1
518	4,5,4	26,36,29	2,2,1	25,30,24	-2	-1
519	1,1,4	23,38,25	5,8,3	30,18,19	-2	-1
520	3,2,1	28,28,24	3,3,4	28,18,27	-2	-1
521	1,2,0	2,6,2	0,0,0	1,5,6	-2	-1
531	0,6,1	8,17,11	5,0,1	5,11,10	-2	-1
539	0,1,1	156,157,147	0,0,2	122,98,118	-2	-1
543	14,41,4	175,260,238	24,9,27	225,181,143	-2	-1
544	4,3,5	23,20,14	3,2,1	9,11,14	-2	-1
545	8,5,9	5,3,3	3,3,1	5,2,3	-2	-1
546	4,2,4	0,1,1	0,1,0	0,0,0	-2	-1
547	2,3,2	73,47,71	1,1,0	39,41,27	-2	-1
548	0,4,1	0,0,0	1,2,1	0,0,4	-2	-1
551	0,0,1	6,2,2	0,0,1	1,0,0	-2	-1
553	0,0,0	2,6,5	0,2,0	4,1,4	-2	-1
556	0,0,0	4,3,5	1,2,2	2,5,3	-2	-1
558	4,5,3	2,2,3	1,2,4	0,0,0	-2	-1
560	3,12,8	134,243,202	11,12,10	182,231,204	-2	-1
568	0,2,1	19,32,11	1,0,1	11,24,14	-2	-1
569	1,0,2	25,35,22	1,0,0	17,31,31	-2	-1
570	0,1,0	20,31,20	0,0,0	18,14,24	-2	-1
577	0,0,0	2,7,7	0,0,1	9,9,9	-2	-1
581	3,0,0	5,8,2	0,2,2	4,4,4	-2	-1
585	0,0,0	175,310,168	0,1,0	162,284,329	-2	-1
586	0,0,0	372,666,291	0,4,1	542,504,580	-2	-1
587	1,0,0	0,0,0	0,0,0	0,2,1	-2	-1
589	0,0,0	2,0,0	0,1,0	1,2,2	-2	-1
593	1,1,0	2,6,2	1,0,0	9,4,8	-2	-1
595	2,1,0	3,5,2	2,1,4	3,5,4	-2	-1
596	8,7,5	25,17,39	1,3,3	18,30,13	-2	-1
597	10,11,14	52,46,56	3,8,11	29,65,62	-2	-1
598	3,8,6	0,0,0	1,4,3	1,0,0	-2	-1
600	13,15,26	250,156,326	10,12,12	94,125,112	-2	-1
603	3,1,2	70,76,50	0,1,0	57,85,51	-2	-1
610	1,1,0	0,0,0	29,12,5	0,0,2	-2	-1
621	0,1,0	8,22,16	1,0,1	23,6,6	-2	-1
624	1,3,1	12,9,14	0,0,0	9,2,5	-2	-1
626	7,4,9	2,4,2	6,16,16	2,2,4	-2	-1
627	0,0,1	13,85,58	0,0,0	43,20,21	-2	-1
630	3,9,5	62,68,60	8,3,5	63,43,37	-2	-1
631	0,1,3	21,27,18	1,0,0	21,34,50	-2	-1
632	1,1,0	3,6,5	0,1,2	1,1,4	-2	-1
640	0,0,1	7,9,2	0,0,0	11,11,7	-2	-1
644	0,1,1	9,21,14	2,0,0	13,14,6	-2	-1
647	0,0,0	0,0,1	3,0,0	0,0,0	-2	-1
648	18,22,19	26,8,33	14,17,12	16,14,8	-2	-1
649	1,1,0	0,1,2	0,0,1	1,0,1	-2	-1
650	0,1,1	4,6,0	0,5,1	8,7,14	-2	-1
653	1,1,0	7,14,7	2,2,1	5,8,11	-2	-1
654	4,3,1	18,22,21	1,3,2	8,20,17	-2	-1
655	4,3,1	0,1,0	0,1,3	0,0,0	-2	-1
656	4,3,1	26,34,23	0,0,2	10,26,20	-2	-1
657	1,0,0	4,3,0	0,0,1	6,5,4	-2	-1
660	0,0,1	3,3,9	0,0,0	16,1,11	-2	-1
661	1,0,0	1,4,0	0,1,3	3,5,1	-2	-1
663	0,0,0	0,1,4	1,0,0	0,0,1	-2	-1
670	0,0,0	47,48,34	0,1,0	15,24,27	-2	-1
672	1,0,0	1,4,1	0,0,1	3,0,0	-2	-1
677	0,0,0	54,49,68	0,0,3	44,32,31	-2	-1
678	1,1,1	57,33,58	0,0,4	45,17,15	-2	-1
681	11,15,7	76,108,64	13,10,7	97,95,106	-2	-1
685	0,2,1	8,25,3	0,0,0	12,12,9	-2	-1
687	1,4,3	2,11,10	5,2,2	15,4,2	-2	-1
691	1,2,1	8,13,20	0,0,1	15,14,16	-2	-1
696	0,0,0	8,12,6	1,2,0	7,5,5	-2	-1
699	0,2,0	13,24,16	3,1,1	11,12,6	-2	-1
704	1,0,0	20,23,13	1,0,0	19,6,6	-2	-1
708	0,2,0	1,3,0	0,0,0	2,0,2	-2	-1
722	3,5,7	165,223,210	3,8,6	186,422,449	-2	-1
724	0,0,0	4,3,4	1,0,0	9,5,2	-2	-1
726	0,0,0	58,84,66	0,0,1	76,54,89	-2	-1
727	0,0,0	34,113,54	0,0,1	78,44,74	-2	-1
731	0,1,2	21,15,42	2,0,0	20,21,18	-2	-1
737	4,12,8	47,44,30	2,7,12	16,26,24	-2	-1
738	0,0,1	8,4,2	1,1,0	5,5,5	-2	-1
741	0,2,0	4,13,10	0,0,0	13,8,7	-2	-1
748	0,0,0	0,2,0	1,0,0	0,0,0	-2	-1
749	8,5,9	190,110,219	3,0,1	104,58,58	-2	-1
754	0,0,0	7,15,6	1,1,0	8,6,3	-2	-1
760	0,0,0	2,0,0	1,0,0	4,2,6	-2	-1
765	3,1,2	57,55,71	0,2,0	47,14,12	-2	-1
766	1,0,1	4,14,12	0,1,2	20,11,8	-2	-1
774	20,11,21	2,0,1	10,4,5	0,1,0	-2	-1
775	20,11,21	754,356,725	10,4,5	421,116,120	-2	-1
776	0,0,0	9,14,10	1,0,1	17,12,17	-2	-1
777	0,0,0	0,2,1	0,1,0	3,0,0	-2	-1
779	2,1,3	13,20,18	1,1,0	5,3,3	-2	-1
780	0,2,0	4,0,0	2,0,0	0,0,0	-2	-1
786	0,0,0	1,5,2	0,0,1	4,4,2	-2	-1
792	0,0,0	1,1,0	0,1,0	0,1,0	-2	-1
793	0,0,0	8,12,5	0,1,0	19,9,10	-2	-1
794	0,1,0	8,21,16	2,2,0	15,15,8	-2	-1
798	0,2,1	3,8,4	1,0,0	2,3,6	-2	-1
799	10,6,4	2,8,1	0,0,2	2,2,1	-2	-1
800	5,0,3	0,2,3	0,0,0	1,1,1	-2	-1
803	0,5,3	6,10,11	5,4,5	6,14,8	-2	-1
807	1,3,3	25,10,22	3,3,2	18,17,10	-2	-1
808	0,2,4	23,12,11	3,0,1	13,15,13	-2	-1
809	2,0,3	26,16,28	1,0,0	36,20,12	-2	-1
811	0,1,3	19,9,21	5,1,6	24,16,3	-2	-1
814	0,0,1	53,36,76	0,0,0	31,15,19	-2	-1
817	2,4,2	28,57,28	0,2,2	30,36,25	-2	-1
821	1,1,0	56,63,72	0,0,0	33,34,21	-2	-1
822	1,0,0	17,45,26	0,2,0	18,17,12	-2	-1
823	3,1,3	32,31,19	1,0,2	23,28,37	-2	-1
826	0,0,1	15,41,15	3,0,1	8,33,32	-2	-1
827	6,6,8	57,54,35	8,13,12	52,29,26	-2	-1
830	19,8,9	166,137,127	8,19,9	105,143,110	-2	-1
831	0,0,0	8,6,3	1,0,0	7,9,9	-2	-1
832	0,1,0	1,6,5	0,0,0	5,4,9	-2	-1
833	2,1,1	15,21,11	1,0,1	13,25,16	-2	-1
834	1,2,4	34,45,31	5,0,0	57,21,31	-2	-1
835	1,0,1	4,5,5	1,0,0	6,6,5	-2	-1
836	0,2,0	7,5,11	0,0,0	4,8,4	-2	-1
839	23,30,43	216,210,242	20,35,23	151,228,213	-2	-1
840	0,2,0	92,137,143	0,0,0	127,74,88	-2	-1
841	0,2,0	130,165,175	0,0,0	129,116,114	-2	-1
845	1,3,3	24,33,20	3,0,0	12,15,10	-2	-1
850	4,4,1	147,152,125	9,4,2	148,103,115	-2	-1
851	11,8,10	131,106,117	11,5,9	115,104,76	-2	-1
855	0,5,0	1,2,2	0,1,1	0,0,0	-2	-1
858	1,0,0	0,0,0	0,0,0	0,0,1	-2	-1
862	18,21,13	183,168,148	10,15,11	115,191,139	-2	-1
863	0,0,0	144,143,141	0,2,0	104,91,79	-2	-1
865	2,1,0	38,48,25	0,0,0	31,15,18	-2	-1
868	2,8,4	7,2,3	6,3,4	2,1,9	-2	-1
869	2,8,4	5,7,3	6,3,4	2,1,0	-2	-1
870	2,0,1	0,0,0	0,2,0	0,0,2	-2	-1
871	5,0,2	17,15,7	0,2,1	2,10,4	-2	-1
877	5,11,8	84,136,79	3,15,12	72,94,91	-2	-1
880	0,0,0	26,20,29	0,1,0	27,33,40	-2	-1
881	0,0,0	1,0,0	0,1,0	1,0,0	-2	-1
885	0,0,0	16,24,18	0,0,1	23,15,16	-2	-1
887	0,1,0	9,12,7	0,1,0	4,10,5	-2	-1
902	21,12,20	6,4,13	1,2,33	4,11,4	-2	-1
905	3,4,3	38,49,11	1,0,0	38,36,25	-2	-1
906	0,0,1	14,29,12	1,0,0	15,15,17	-2	-1
910	2,1,0	10,5,13	0,0,0	9,0,0	-2	-1
911	9,4,6	40,92,48	0,10,6	63,91,77	-2	-1
912	0,9,3	54,56,48	2,5,4	50,72,85	-2	-1
919	5,2,5	52,90,45	7,0,1	74,45,26	-2	-1
922	1,0,0	2,0,0	0,0,0	1,1,1	-2	-1
923	0,1,0	46,36,36	0,1,0	24,24,16	-2	-1
924	0,1,0	3,0,1	0,1,0	9,5,1	-2	-1
925	0,1,0	0,0,2	0,0,0	3,0,1	-2	-1
931	4,3,3	62,57,49	4,4,4	38,55,49	-2	-1
935	3,0,0	6,5,9	0,0,1	1,6,4	-2	-1
943	3,3,0	0,0,3	4,6,3	1,1,0	-2	-1
944	0,0,0	73,122,106	1,0,0	227,167,98	-2	-1
945	0,0,0	68,109,110	1,0,0	185,210,84	-2	-1
946	0,1,4	1,2,5	0,0,0	8,0,1	-2	-1
949	1,1,1	0,1,0	1,0,1	0,0,0	-2	-1
954	0,0,0	3,0,1	1,0,0	1,0,3	-2	-1
956	1,0,3	0,2,7	1,1,0	0,8,5	-2	-1
957	1,2,1	0,3,1	0,0,0	0,0,1	-2	-1
958	13,8,14	50,67,75	8,10,9	69,75,82	-2	-1
959	11,16,11	63,105,91	7,6,9	79,57,57	-2	-1
966	0,1,0	5,17,7	0,0,0	3,14,9	-2	-1
967	0,3,0	7,11,2	1,1,0	12,4,5	-2	-1
970	0,0,2	23,27,41	0,4,4	7,17,19	-2	-1
971	3,4,0	22,33,16	0,3,2	23,35,19	-2	-1
973	0,2,1	0,4,0	4,1,1	0,0,0	-2	-1
974	4,7,3	86,152,86	10,8,5	131,108,93	-2	-1
976	0,1,0	6,3,2	0,0,0	5,2,5	-2	-1
982	14,13,18	11,14,33	9,20,21	12,34,24	-2	-1
983	20,7,9	139,86,162	4,14,13	68,119,113	-2	-1
984	2,0,1	83,79,78	0,0,1	40,48,64	-2	-1
994	0,0,0	22,29,19	0,0,1	34,18,33	-2	-1
995	3,10,1	45,69,44	12,1,2	82,32,41	-2	-1
999	0,0,0	15,37,16	0,3,0	54,28,35	-2	-1
1000	1,1,0	5,8,1	0,0,0	4,12,2	-2	-1
1001	0,6,3	45,43,35	1,2,0	42,25,37	-2	-1
1004	0,0,0	15,15,20	0,1,0	13,9,8	-2	-1
1006	5,4,0	21,40,18	3,0,1	29,22,17	-2	-1
1013	0,1,1	10,7,11	1,5,0	5,5,4	-2	-1
1014	5,0,0	3,8,9	0,2,0	5,8,2	-2	-1
1017	0,4,1	1,2,0	2,5,2	2,0,0	-2	-1
1019	4,5,5	2,3,3	1,5,0	3,1,0	-2	-1
1022	0,1,2	4,16,7	0,1,1	5,13,18	-2	-1
1023	0,0,1	15,14,10	0,0,0	11,12,9	-2	-1
1024	1,0,0	30,36,36	0,0,0	24,33,24	-2	-1
1025	1,0,0	27,18,19	0,0,0	15,19,16	-2	-1
1027	1,0,0	12,16,20	0,0,0	10,16,10	-2	-1
1028	1,0,0	23,19,9	0,0,0	6,17,14	-2	-1
1029	4,7,0	9,11,13	2,0,4	7,7,3	-2	-1
1031	0,5,1	18,11,17	1,0,2	17,11,11	-2	-1
1032	0,5,2	15,9,14	1,1,2	16,5,2	-2	-1
1033	2,6,3	16,23,23	0,0,4	19,9,6	-2	-1
1034	7,6,5	8,5,12	1,1,4	11,10,15	-2	-1
1035	1,1,1	51,52,53	7,1,4	51,38,31	-2	-1
1036	5,7,2	116,152,85	7,3,2	139,117,106	-2	-1
1040	2,1,4	44,45,51	6,2,2	24,26,40	-2	-1
1041	5,1,2	77,101,44	3,4,1	80,73,77	-2	-1
1044	0,0,1	5,14,5	0,1,0	10,4,6	-2	-1
1045	0,1,0	13,4,6	0,0,0	10,7,16	-2	-1
1047	61,48,73	288,198,303	36,24,25	124,182,142	-2	-1
1048	40,15,28	0,4,0	34,13,18	1,2,0	-2	-1
1054	5,1,3	3,3,2	2,4,2	1,2,0	-2	-1
1058	9,12,7	2,0,0	5,4,2	1,1,0	-2	-1
1059	0,3,0	14,17,13	1,0,0	8,11,7	-2	-1
1061	2,0,1	71,101,100	0,0,0	87,86,56	-2	-1
1067	1,1,0	14,33,7	0,0,0	38,16,19	-2	-1
1076	2,2,2	0,1,0	4,7,7	0,1,0	-2	-1
1077	0,0,1	0,1,2	0,0,2	0,0,0	-2	-1
1078	0,0,1	0,0,0	0,0,2	0,0,1	-2	-1
1079	0,3,1	7,10,3	0,0,4	0,4,3	-2	-1
1080	0,0,0	4,8,5	0,0,2	2,4,10	-2	-1
1084	0,0,1	1,10,2	0,0,0	4,6,3	-2	-1
1085	1,2,1	11,23,32	0,0,0	15,47,28	-2	-1
1101	1,0,0	0,0,0	0,0,0	0,0,1	-2	-1
1103	0,2,3	1,6,5	0,0,0	7,14,5	-2	-1
1104	1,3,3	70,62,83	0,0,0	35,12,13	-2	-1
1105	0,3,3	3,4,2	0,2,2	1,1,5	-2	-1
1108	2,2,0	84,114,93	1,5,4	124,159,162	-2	-1
1110	1,0,1	86,127,51	0,0,0	76,118,96	-2	-1
1111	0,0,0	22,21,27	0,0,1	29,20,23	-2	-1
1112	0,0,0	0,0,2	0,1,1	0,0,0	-2	-1
1113	1,2,6	12,35,17	2,2,3	17,29,27	-2	-1
1121	0,0,0	67,82,91	0,0,1	44,77,86	-2	-1
1123	0,0,0	23,45,26	2,0,0	40,42,28	-2	-1
1126	1,0,0	4,0,3	0,0,0	1,3,1	-2	-1
1127	1,5,4	16,41,19	3,1,0	17,20,14	-2	-1
1132	0,1,0	13,19,11	0,3,0	6,15,14	-2	-1
1136	0,0,1	1,1,1	0,0,0	2,2,3	-2	-1
1137	0,0,1	1,3,2	0,0,0	2,3,2	-2	-1
1138	3,3,5	3,2,0	1,1,3	0,0,0	-2	-1
1139	0,1,0	10,11,6	1,1,1	10,5,3	-2	-1
1140	0,1,0	13,11,3	4,0,0	6,11,5	-2	-1
1142	0,0,1	13,15,9	0,0,0	14,2,0	-2	-1
1144	1,1,1	18,21,9	1,1,0	12,7,6	-2	-1
1148	8,12,11	3,0,1	13,10,3	5,2,3	-2	-1
1149	0,0,0	32,37,17	1,0,0	45,28,21	-2	-1
1150	1,3,0	19,30,13	3,0,11	21,24,42	-2	-1
1151	1,0,1	5,8,15	0,0,0	9,19,11	-2	-1
1152	0,3,0	12,19,11	0,1,1	12,23,13	-2	-1
1154	0,2,1	20,16,15	4,1,0	23,28,8	-2	-1
1155	0,0,1	36,18,31	2,2,0	23,23,11	-2	-1
1156	3,8,6	0,0,0	3,15,2	0,1,0	-2	-1
1157	1,1,6	298,190,351	1,6,4	130,195,209	-2	-1
1158	1,0,0	1,5,4	0,0,0	10,1,1	-2	-1
1159	0,4,0	3,10,5	0,0,0	8,21,10	-2	-1
1160	3,1,1	19,14,13	0,0,0	16,3,6	-2	-1
1161	0,0,0	10,8,8	0,1,0	11,2,4	-2	-1
1165	5,7,8	63,62,69	7,3,9	36,51,41	-2	-1
1172	1,2,0	6,12,6	2,0,0	6,7,8	-2	-1
1173	1,4,0	1,0,1	0,4,0	1,3,1	-2	-1
1176	19,26,28	3,1,1	26,16,15	3,2,3	-2	-1
1177	15,12,14	248,195,216	16,9,8	165,186,192	-2	-1
1184	1,0,4	4,17,19	1,1,1	5,12,8	-2	-1
1185	0,2,1	18,6,7	0,0,0	8,6,5	-2	-1
1188	10,22,37	0,2,1	5,30,26	0,0,0	-2	-1
1192	6,8,4	17,27,17	2,0,2	15,4,9	-2	-1
1195	16,16,15	1,1,0	11,8,3	1,0,0	-2	-1
1196	23,21,17	3,3,0	12,11,5	0,0,1	-2	-1
1197	7,5,2	24,34,17	3,3,2	14,14,15	-2	-1
1198	0,0,0	0,1,1	1,0,0	2,3,0	-2	-1
1203	5,1,5	17,21,18	4,4,10	14,17,11	-2	-1
1204	0,1,1	0,2,1	1,0,1	0,1,5	-2	-1
1206	0,0,0	1,0,0	1,0,0	0,0,0	-2	-1
1210	0,1,1	13,15,9	1,0,0	13,3,0	-2	-1
1217	1,0,0	90,91,98	0,0,0	65,60,58	-2	-1
1220	0,3,0	4,18,2	0,0,0	8,3,2	-2	-1
1223	0,0,2	35,66,34	2,0,0	59,96,78	-2	-1
1224	0,2,2	52,120,54	0,0,0	85,104,99	-2	-1
1232	1,2,1	9,6,3	0,4,0	4,9,8	-2	-1
1234	6,1,5	46,73,66	2,4,2	56,36,40	-2	-1
1235	4,4,2	0,2,0	2,3,7	0,0,0	-2	-1
1237	0,1,0	9,2,4	0,0,2	2,1,0	-2	-1
1239	0,0,0	7,2,0	0,1,0	5,3,1	-2	-1
1241	9,17,9	56,55,41	8,15,18	39,67,65	-2	-1
1248	0,0,2	4,3,4	0,0,0	2,1,1	-2	-1
1252	0,3,1	66,76,69	0,6,1	67,47,42	-2	-1
1253	1,7,4	16,22,12	8,1,0	16,9,9	-2	-1
1255	0,0,0	49,50,45	3,1,1	67,70,33	-2	-1
1262	1,7,5	0,0,0	2,2,5	0,1,0	-2	-1
1264	1,7,5	1,0,0	2,2,5	0,0,0	-2	-1
1265	1,7,5	7,12,6	2,2,5	22,22,16	-2	-1
1266	1,0,1	25,34,34	0,0,0	22,25,36	-2	-1
1267	1,1,3	43,25,16	2,0,2	17,26,29	-2	-1
1269	1,3,0	12,4,12	1,3,0	10,7,5	-2	-1
1271	0,0,0	2,7,8	3,1,0	1,8,7	-2	-1
1272	0,0,0	4,7,14	0,1,0	9,4,5	-2	-1
1285	0,0,0	28,18,18	0,1,0	10,19,13	-2	-1
1287	58,48,17	742,814,606	33,22,20	650,271,318	-2	-1
1294	0,1,1	25,64,21	7,3,3	48,55,56	-2	-1
1296	0,1,0	1,1,3	0,0,1	0,1,0	-2	-1
1298	2,8,6	57,103,66	10,9,9	62,102,98	-2	-1
1300	4,5,3	0,0,0	0,5,2	1,0,0	-2	-1
1305	19,42,33	7,12,9	28,24,23	5,13,7	-2	-1
1306	15,16,29	1034,1291,1255	22,6,13	947,970,769	-2	-1
1310	4,3,3	50,56,71	3,2,1	55,56,44	-2	-1
1311	1,1,0	4,3,8	1,0,1	1,1,4	-2	-1
1316	0,0,0	4,6,6	0,3,1	6,4,3	-2	-1
1321	0,0,0	11,18,12	1,0,1	23,14,12	-2	-1
1329	0,1,0	20,36,17	0,0,0	7,47,31	-2	-1
1336	0,2,0	14,17,4	0,0,0	6,5,11	-2	-1
1339	0,1,1	13,3,13	1,0,0	12,6,10	-2	-1
1341	0,0,1	207,246,179	0,0,0	196,156,142	-2	-1
1342	1,0,0	18,27,6	0,0,1	37,15,12	-2	-1
1344	2,0,0	1,1,0	0,1,0	3,0,0	-2	-1
1347	2,1,2	7,19,9	1,1,1	16,4,10	-2	-1
1349	0,0,0	21,80,18	2,3,3	36,48,22	-2	-1
1350	1,11,1	24,29,18	1,2,3	12,17,15	-2	-1
1351	3,4,5	84,132,86	2,5,2	82,88,71	-2	-1
1359	0,1,2	34,26,20	1,3,2	13,14,19	-2	-1
1366	0,1,0	1,7,1	0,0,0	5,3,4	-2	-1
1367	6,0,3	50,52,48	1,0,2	55,44,27	-2	-1
1371	0,0,0	12,8,5	0,2,0	3,10,10	-2	-1
1372	0,0,3	20,17,12	0,0,0	3,14,11	-2	-1
1374	21,11,32	456,306,643	9,37,28	284,475,476	-2	-1
1381	1,8,2	30,50,25	0,9,3	32,50,45	-2	-1
1385	2,0,1	0,2,0	0,4,1	0,0,0	-2	-1
1386	2,0,1	1,0,3	0,4,1	1,0,0	-2	-1
1389	0,2,1	43,95,28	1,0,0	65,37,39	-2	-1
1392	0,0,0	4,12,3	0,0,1	7,6,6	-2	-1
1394	0,0,0	3,5,4	0,0,1	2,5,3	-2	-1
1400	0,2,0	26,27,33	1,1,3	10,17,24	-2	-1
1401	1,1,0	17,9,15	0,0,1	14,9,12	-2	-1
1402	0,0,0	4,2,2	1,0,0	0,0,4	-2	-1
1405	4,3,8	0,0,0	0,2,0	0,1,1	-2	-1
1408	4,2,2	45,87,37	3,6,14	70,98,106	-2	-1
1409	1,3,1	74,139,58	0,4,2	91,62,101	-2	-1
1410	0,0,0	55,110,38	0,0,1	49,66,45	-2	-1
1414	2,4,1	25,37,28	1,0,2	27,40,22	-2	-1
1415	3,3,3	337,450,348	0,0,2	305,404,404	-2	-1
1416	3,3,3	110,133,99	0,0,2	125,111,130	-2	-1
1417	2,0,2	316,336,278	0,0,0	273,238,307	-2	-1
1418	2,0,2	187,190,175	0,0,0	146,193,185	-2	-1
1420	8,7,6	54,54,45	6,8,4	20,56,49	-2	-1
1428	0,0,1	35,38,32	1,1,0	22,43,13	-2	-1
1431	0,1,1	12,15,10	4,0,2	13,10,14	-2	-1
1432	2,2,3	0,0,0	0,2,1	1,0,0	-2	-1
1433	3,2,5	40,38,47	0,2,4	35,37,47	-2	-1
1434	0,0,3	43,13,36	0,1,1	12,16,21	-2	-1
1439	22,23,29	330,280,285	26,10,12	211,106,65	-2	-1
1440	95,81,91	0,0,0	71,79,74	0,2,1	-2	-1
1441	10,14,10	258,193,267	11,13,23	204,324,259	-2	-1
1444	0,1,1	1,1,1	0,0,0	0,2,0	-2	-1
1445	0,2,1	8,8,1	0,0,1	2,16,7	-2	-1
1448	1,5,5	95,93,101	2,2,3	105,43,56	-2	-1
1456	1,4,0	4,7,7	3,1,3	3,10,4	-2	-1
1457	0,0,0	6,10,7	2,0,0	3,2,3	-2	-1
1458	1,4,0	21,16,12	2,1,0	21,7,2	-2	-1
1459	2,3,1	10,7,3	4,3,0	5,11,3	-2	-1
1460	4,4,3	19,12,14	0,1,1	7,24,10	-2	-1
1462	1,2,0	19,19,18	0,2,0	15,20,4	-2	-1
1468	1,0,0	32,46,36	0,0,1	24,16,20	-2	-1
1470	9,8,4	123,40,117	6,4,5	80,73,55	-2	-1
1471	0,0,0	65,81,85	0,0,1	35,86,79	-2	-1
1472	0,0,0	22,23,22	1,0,0	21,32,35	-2	-1
1473	3,2,3	5,6,6	0,1,5	14,7,8	-2	-1
1476	0,1,0	79,72,66	3,0,0	76,67,38	-2	-1
1489	2,1,0	17,19,18	0,1,0	12,9,4	-2	-1
1496	25,15,27	294,184,340	8,36,28	149,336,304	-2	-1
1501	0,0,3	35,47,24	0,0,1	23,43,32	-2	-1
1509	0,0,0	551,449,418	0,1,0	221,418,372	-2	-1
1518	0,0,1	15,26,12	0,2,1	12,15,4	-2	-1
1519	0,0,0	1,5,0	1,0,2	2,3,8	-2	-1
1520	0,2,0	50,59,41	0,0,0	43,33,39	-2	-1
1521	5,5,3	36,30,40	6,13,2	27,28,21	-2	-1
1522	3,0,1	59,52,70	2,2,3	36,54,56	-2	-1
1534	5,9,8	23,32,31	9,7,4	31,20,13	-2	-1
1552	0,0,0	2,0,1	0,0,1	1,0,0	-2	-1
1554	0,1,4	65,43,62	0,2,0	41,43,35	-2	-1
1556	1,1,1	12,17,11	1,0,0	12,21,14	-2	-1
1557	1,2,3	22,33,17	3,6,3	18,35,28	-2	-1
1559	0,0,0	4,3,1	0,1,0	1,1,7	-2	-1
1569	8,3,3	36,35,40	2,4,0	20,19,25	-2	-1
1573	1,0,2	49,90,82	0,0,2	86,179,201	-2	-1
1576	0,0,0	14,17,12	1,0,0	5,25,13	-2	-1
1577	1,5,0	26,12,12	0,1,0	11,5,12	-2	-1
1578	2,2,0	2,10,5	1,7,2	6,11,10	-2	-1
1580	0,3,0	5,6,3	0,0,1	7,12,5	-2	-1
1581	0,6,0	1,1,0	0,2,1	0,2,0	-2	-1
1588	0,0,1	0,0,0	1,1,0	0,1,0	-2	-1
1589	0,0,0	19,11,8	0,1,0	4,6,18	-2	-1
1590	2,1,6	24,64,29	1,5,3	34,44,29	-2	-1
1594	0,0,0	2,3,2	0,0,2	2,1,1	-2	-1
1598	13,26,17	1,3,3	24,34,25	1,3,5	-2	-1
1599	0,3,0	31,36,21	2,1,1	38,38,25	-2	-1
1600	0,3,1	67,69,53	0,1,0	41,48,55	-2	-1
1603	0,0,0	80,94,77	0,1,0	93,113,95	-2	-1
1604	0,0,0	79,143,82	0,1,0	111,87,89	-2	-1
1606	12,10,9	17,29,16	7,8,9	25,17,23	-2	-1
1615	0,1,1	111,110,123	3,3,1	108,66,63	-2	-1
1616	0,1,0	14,23,7	0,0,0	18,11,9	-2	-1
1631	0,0,0	10,34,12	3,4,3	22,39,30	-2	-1
1632	0,0,1	0,2,6	0,0,0	4,3,2	-2	-1
1637	1,2,1	3,1,2	1,0,0	3,2,0	-2	-1
1640	19,11,14	92,83,73	5,13,7	70,106,72	-2	-1
1641	0,0,0	142,86,101	0,0,1	98,98,98	-2	-1
1642	33,40,33	93,85,105	27,39,31	75,104,109	-2	-1
1643	0,1,0	26,14,26	0,0,0	9,18,21	-2	-1
1645	4,0,8	50,37,48	2,2,4	37,36,47	-2	-1
1647	0,0,0	8,3,9	1,0,0	9,6,4	-2	-1
1649	1,2,3	11,16,8	1,0,0	22,2,4	-2	-1
1658	1,2,2	3,13,8	1,0,1	6,11,2	-2	-1
1662	1,0,0	454,301,411	0,1,5	377,224,221	-2	-1
1671	1,1,3	0,1,0	0,1,3	0,0,0	-2	-1
1673	0,1,0	3,2,3	0,0,1	0,1,2	-2	-1
1674	0,1,2	1,2,1	0,1,1	1,0,0	-2	-1
1675	2,13,3	14,31,12	2,1,1	20,32,46	-2	-1
1684	1,2,1	0,0,1	1,0,0	0,0,0	-2	-1
1685	0,2,1	2,5,7	1,0,0	0,0,0	-2	-1
1688	1,4,4	14,19,16	0,2,1	20,9,11	-2	-1
1689	2,4,2	1,0,0	6,0,2	0,0,3	-2	-1
1694	0,0,0	94,98,84	0,0,1	62,67,55	-2	-1
1695	20,17,18	83,109,74	19,9,19	62,63,57	-2	-1
1696	0,5,3	76,83,61	8,3,2	58,82,80	-2	-1
1702	27,17,29	613,381,729	13,31,28	319,629,561	-2	-1
1703	10,3,11	282,282,315	11,16,14	227,250,258	-2	-1
1704	7,4,5	14,20,17	1,2,9	25,16,12	-2	-1
1705	4,2,1	10,27,21	1,1,2	20,25,27	-2	-1
1709	1,4,1	0,0,0	3,1,2	0,0,1	-2	-1
1710	1,4,1	2,5,2	3,1,2	11,5,8	-2	-1
1726	0,0,1	9,7,8	0,3,0	8,5,2	-2	-1
1730	0,0,1	0,2,0	0,0,1	0,3,0	-2	-1
1731	0,1,2	0,5,0	0,0,2	2,2,3	-2	-1
1732	5,6,2	70,92,79	5,4,5	68,92,61	-2	-1
1733	0,0,2	44,29,46	0,0,0	21,33,21	-2	-1
1734	7,2,2	33,36,43	4,1,4	31,27,21	-2	-1
1737	11,7,2	0,0,2	12,18,11	1,5,0	-2	-1
1738	0,0,2	12,19,10	0,1,0	18,37,23	-2	-1
1739	0,0,2	17,39,17	0,0,0	31,29,31	-2	-1
1740	9,192,17	37,1507,96	62,98,78	277,498,429	-2	-1
1741	0,2,1	78,900,145	4,1,0	224,132,106	-2	-1
1745	4,2,2	439,273,539	1,0,0	190,526,398	-2	-1
1750	1,4,7	51,55,36	4,0,0	40,39,28	-2	-1
1751	6,4,6	53,63,43	2,0,2	37,18,13	-2	-1
1752	2,2,0	12,14,14	1,0,2	23,24,9	-2	-1
1755	0,0,0	0,1,0	0,1,0	0,0,0	-2	-1
1756	0,0,2	27,32,28	0,0,1	9,29,17	-2	-1
1757	2,0,2	23,23,15	4,3,3	7,10,12	-2	-1
1758	8,8,10	39,92,38	5,6,4	42,38,43	-2	-1
1760	0,0,2	72,106,72	2,0,0	79,50,60	-2	-1
1761	1,1,3	39,57,40	9,1,3	46,54,44	-2	-1
1764	0,0,2	68,49,89	0,0,0	70,51,41	-2	-1
1765	4,10,10	3,3,1	1,2,0	0,0,0	-2	-1
1769	0,3,2	7,12,3	0,0,2	1,5,1	-2	-1
1773	7,8,7	1,4,0	5,6,0	3,1,0	-2	-1
1774	7,8,7	16,40,8	5,4,0	13,13,7	-2	-1
1781	6,6,7	26,31,24	7,11,2	24,34,41	-2	-1
1782	1,0,0	546,475,555	0,0,0	426,461,401	-2	-1
1788	1,2,1	4,5,5	0,0,4	2,7,17	-2	-1
1792	1,0,0	14,11,6	0,0,0	18,10,6	-2	-1
1805	0,2,0	13,17,9	0,0,0	12,27,24	-2	-1
1806	3,3,5	1,1,1	7,6,5	0,0,0	-2	-1
1808	2,14,11	61,62,40	12,6,5	52,58,45	-2	-1
1809	0,0,0	66,163,102	0,1,0	117,161,141	-2	-1
1810	2,6,4	64,117,101	12,17,8	89,151,120	-2	-1
1811	3,2,10	82,125,126	1,11,5	118,162,137	-2	-1
1812	3,3,1	89,176,108	0,5,2	96,207,170	-2	-1
1814	4,6,3	51,60,59	3,0,4	24,25,38	-2	-1
1816	0,0,1	6,3,10	0,0,2	2,5,4	-2	-1
1819	30,18,13	6,3,10	6,18,6	0,2,1	-2	-1
1820	0,1,2	49,27,33	2,1,0	8,27,10	-2	-1
1823	7,2,8	2,2,2	2,2,3	7,3,3	-2	-1
1824	3,6,7	56,29,75	5,2,4	29,39,31	-2	-1
1825	5,3,6	74,66,82	1,6,4	66,60,89	-2	-1
1829	0,5,1	39,35,46	0,0,0	24,40,29	-2	-1
1831	2,3,4	9,18,2	9,4,7	8,9,9	-2	-1
1832	5,4,4	18,28,14	1,8,0	10,9,16	-2	-1
1833	0,0,0	30,34,29	2,1,0	19,10,15	-2	-1
1834	1,0,1	6,3,0	3,0,2	3,1,0	-2	-1
1837	1,1,1	4,4,1	2,0,1	1,0,0	-2	-1
1841	0,0,0	3,8,4	3,1,0	5,2,7	-2	-1
1842	0,0,1	2,7,3	1,0,0	5,6,6	-2	-1
1847	1,1,0	7,14,19	0,0,0	1,14,19	-2	-1
1850	0,4,0	102,124,114	0,0,1	113,86,81	-2	-1
1851	0,4,0	2,4,0	0,0,1	2,1,3	-2	-1
1852	0,0,1	5,20,14	0,1,0	3,6,7	-2	-1
1859	0,2,1	393,373,347	1,0,2	349,156,140	-2	-1
1861	4,4,1	166,140,166	0,2,1	131,97,89	-2	-1
1863	2,3,3	184,155,153	0,1,0	110,107,146	-2	-1
1865	0,0,2	21,23,3	0,3,0	17,38,35	-2	-1
1869	34,78,43	11,9,11	37,72,80	4,22,8	-2	-1
1870	52,109,72	46,68,72	54,107,133	43,148,112	-2	-1
1881	1,0,0	9,10,13	0,0,0	7,4,2	-2	-1
1886	0,1,0	9,21,8	0,0,0	8,8,10	-2	-1
1892	0,0,2	1716,1149,1794	0,0,0	918,729,679	-2	-1
1896	1,2,0	21,22,20	0,2,0	13,9,10	-2	-1
1898	0,2,2	12,13,4	1,1,3	4,11,9	-2	-1
1899	2,1,0	8,7,13	1,1,1	7,7,4	-2	-1
1900	183,172,148	32,48,27	165,189,161	20,55,42	-2	-1
1901	183,172,148	8,2,4	165,189,161	3,7,4	-2	-1
1902	23,22,8	197,353,214	11,25,16	220,136,127	-2	-1
1908	10,1,15	88,30,130	6,22,12	176,216,94	-2	-1
1909	0,4,1	115,151,91	1,4,1	127,174,188	-2	-1
1919	1,1,1	46,35,43	1,5,7	25,55,49	-2	-1
1920	0,0,0	22,38,30	1,1,0	17,38,26	-2	-1
1921	0,9,2	0,0,0	0,2,2	0,1,2	-2	-1
1923	0,9,2	26,41,29	0,2,2	14,42,34	-2	-1
1924	0,2,0	7,15,7	4,1,3	10,10,11	-2	-1
1928	0,0,0	3,2,6	0,0,1	0,3,6	-2	-1
1931	5,13,7	5,12,11	14,8,14	11,8,6	-2	-1
1933	1,1,1	11,23,11	0,2,2	5,11,10	-2	-1
1935	0,1,2	153,193,132	3,4,3	122,135,111	-2	-1
1938	0,0,2	4,4,4	0,2,0	5,3,2	-2	-1
1939	1,2,5	8,10,12	2,2,5	11,14,7	-2	-1
1940	0,0,1	4,8,3	0,1,1	3,1,4	-2	-1
1941	1,2,2	1,5,2	0,0,1	2,7,2	-2	-1
1942	3,3,2	10,8,3	0,2,2	7,9,4	-2	-1
1943	1,2,1	0,0,1	0,1,1	0,0,1	-2	-1
1944	1,0,0	2,1,6	0,0,0	0,1,1	-2	-1
1946	8,14,5	169,179,122	11,4,2	124,78,94	-2	-1
1947	2,5,0	373,285,271	0,0,0	220,233,228	-2	-1
1948	3,8,2	1,2,0	1,2,11	0,2,3	-2	-1
1950	0,1,0	1,1,1	0,0,0	0,1,0	-2	-1
1951	13,12,14	44,44,57	8,11,9	29,91,86	-2	-1
1952	19,9,18	93,94,97	7,15,10	60,164,151	-2	-1
1953	17,15,17	126,109,130	10,16,13	86,170,187	-2	-1
1954	36,14,29	1,0,1	19,19,14	1,0,0	-2	-1
1955	27,16,22	20,28,41	12,19,18	23,16,22	-2	-1
1956	36,16,26	95,101,88	22,24,19	93,66,77	-2	-1
1957	27,14,20	20,22,36	20,21,8	14,12,18	-2	-1
1958	22,16,29	105,110,99	19,16,14	102,71,71	-2	-1
1959	23,16,17	87,100,98	9,18,12	91,40,45	-2	-1
1960	0,0,1	157,110,150	0,0,0	108,62,53	-2	-1
1966	1,1,0	4,8,6	0,0,0	2,10,7	-2	-1
1975	0,2,0	0,1,0	0,0,2	0,0,2	-2	-1
1977	0,3,4	2,10,2	0,0,0	3,13,4	-2	-1
1978	1,0,0	14,12,11	0,0,1	2,8,18	-2	-1
1997	0,0,1	3,4,1	0,0,0	3,0,1	-2	-1
1998	0,0,0	2,4,2	1,2,0	1,1,1	-2	-1
2003	0,5,5	52,55,29	2,5,6	31,46,38	-2	-1
2011	3,2,1	25,45,23	4,1,2	29,19,26	-2	-1
2013	8,10,9	1,0,0	12,15,10	0,3,2	-2	-1
2014	0,2,2	29,49,22	4,2,1	43,21,19	-2	-1
2015	162,193,156	208,308,217	161,104,96	254,187,174	-2	-1
2016	0,0,0	1,0,0	0,0,2	0,1,0	-2	-1
2017	0,0,0	6,5,10	0,0,2	9,3,6	-2	-1
2018	7,7,6	1,0,2	4,2,1	1,1,0	-2	-1
2019	7,7,6	36,51,23	4,2,1	50,19,51	-2	-1
2021	0,2,4	32,41,48	0,5,3	22,20,27	-2	-1
2022	1,1,4	26,30,35	2,5,2	18,32,16	-2	-1
2023	2,1,5	23,22,10	0,1,0	9,22,7	-2	-1
2028	2,0,4	71,66,50	2,1,4	48,38,49	-2	-1
2029	0,1,0	1,3,4	1,0,0	2,0,3	-2	-1
2039	6,0,6	47,30,36	0,0,3	20,17,18	-2	-1
2041	1,0,0	6,6,8	0,0,0	4,4,4	-2	-1
2045	0,0,0	2,4,2	2,3,1	5,4,4	-2	-1
2048	4,3,4	39,63,45	10,2,5	43,41,43	-2	-1
2053	8,9,9	8,2,2	10,12,10	1,2,3	-2	-1
2055	0,0,1	564,681,474	0,0,1	445,565,481	-2	-1
2056	26,29,23	3,10,8	21,61,60	3,23,7	-2	-1
2057	4,2,1	64,65,61	0,2,1	49,38,48	-2	-1
2058	1,0,0	24,11,26	0,1,0	12,5,7	-2	-1
2060	1,0,2	5,12,4	1,0,2	3,6,16	-2	-1
2061	1,4,4	2,0,0	4,7,2	3,1,0	-2	-1
2062	1,4,4	1,5,0	4,7,2	1,4,3	-2	-1
2065	3,11,4	63,130,47	7,6,15	95,93,114	-2	-1
2068	2,2,1	10,12,16	1,3,0	13,10,11	-2	-1
2073	2,0,1	63,53,38	1,3,0	44,33,35	-2	-1
2074	2,2,2	7,14,21	0,2,0	4,21,11	-2	-1
2076	0,0,1	406,312,564	0,0,0	153,124,132	-2	-1
2079	0,0,1	1,0,1	5,0,0	0,2,0	-2	-1
2081	0,0,1	9,9,7	5,0,0	1,6,10	-2	-1
2082	0,0,1	2,8,7	5,0,0	2,6,1	-2	-1
2083	1,1,0	5,9,9	0,0,0	12,5,5	-2	-1
2084	2,13,6	16,47,35	1,2,3	35,38,28	-2	-1
2085	1,2,0	27,22,23	0,1,0	27,28,31	-2	-1
2086	2,3,1	32,28,13	1,1,2	17,43,37	-2	-1
2088	3,2,1	24,32,16	0,2,1	14,37,15	-2	-1
2091	0,0,0	0,6,3	0,1,0	6,6,7	-2	-1
2097	7,6,5	91,99,63	10,3,10	59,54,54	-2	-1
2103	4,12,0	53,100,63	6,8,3	46,45,49	-2	-1
2105	1,4,0	40,56,54	2,1,0	34,50,50	-2	-1
2122	52,91,59	41,39,36	35,50,42	21,33,39	-2	-1
2129	1,3,2	19,41,14	0,1,2	42,23,15	-2	-1
2133	0,0,0	8,8,10	0,0,2	4,16,11	-2	-1
2134	0,0,0	2,5,0	0,1,0	2,4,2	-2	-1
2136	6,5,5	1,3,5	10,3,4	2,0,1	-2	-1
2138	0,1,0	110,200,78	0,1,0	88,176,194	-2	-1
2139	0,1,0	1,4,2	0,0,0	7,3,2	-2	-1
2140	8,2,11	79,68,82	1,8,3	43,46,46	-2	-1
2146	1,4,2	32,30,34	4,1,3	19,27,12	-2	-1
2151	0,3,0	63,85,76	3,0,0	71,31,28	-2	-1
2154	0,0,1	162,414,254	0,0,0	191,163,148	-2	-1
2156	1,1,2	25,48,21	3,0,0	36,25,20	-2	-1
2159	5,0,4	211,176,303	7,3,1	191,241,184	-2	-1
2160	0,0,2	212,194,206	0,0,0	202,122,121	-2	-1
2161	0,0,2	196,204,187	0,0,0	137,157,119	-2	-1
2164	15,26,16	369,465,352	10,22,17	408,402,379	-2	-1
2165	7,2,10	393,660,435	10,6,11	501,477,453	-2	-1
2168	0,0,3	105,80,72	0,1,0	65,54,50	-2	-1
2171	3,1,0	6,14,5	1,0,1	11,15,6	-2	-1
2177	1,1,0	16,12,17	0,1,0	8,38,28	-2	-1
2178	3,1,3	14,13,15	2,6,1	8,18,27	-2	-1
2179	2,2,0	10,12,8	0,0,0	6,8,8	-2	-1
2180	5,4,2	57,70,61	7,7,7	47,43,50	-2	-1
2181	12,2,11	43,64,41	13,4,8	52,76,71	-2	-1
2182	5,7,1	13,24,15	1,3,3	25,49,31	-2	-1
2183	12,28,15	120,108,124	17,8,3	101,36,36	-2	-1
2187	0,0,0	27,29,18	0,0,1	16,19,18	-2	-1
2188	0,0,1	9,15,13	0,0,1	16,13,7	-2	-1
2191	0,0,1	0,0,0	0,0,0	1,0,0	-2	-1
2193	0,0,0	3,1,0	1,0,0	2,1,2	-2	-1
2202	1,0,1	16,15,18	0,2,1	21,16,12	-2	-1
2206	0,0,0	0,0,1	2,0,0	0,0,0	-2	-1
2212	0,0,1	0,2,0	0,0,0	1,0,2	-2	-1
2214	0,0,0	1,0,0	0,0,1	0,1,2	-2	-1
2217	4,5,8	18,35,11	1,9,6	13,23,20	-2	-1
2223	0,0,1	16,23,9	0,0,5	14,17,14	-2	-1
2224	0,3,3	19,12,27	1,2,2	22,16,18	-2	-1
2227	2,3,1	153,157,132	3,1,3	115,180,159	-2	-1
2228	0,0,0	84,117,96	2,0,0	77,105,83	-2	-1
2230	0,2,1	6,7,3	0,3,0	8,6,12	-2	-1
2231	2,0,1	50,51,56	0,0,0	31,61,40	-2	-1
2236	0,2,0	24,25,17	0,0,0	25,30,14	-2	-1
2238	2,0,1	30,52,49	0,0,0	40,31,28	-2	-1
2241	2,7,1	2,5,2	0,0,2	0,2,4	-2	-1
2245	0,2,0	14,6,19	0,0,0	6,0,2	-2	-1
2262	1,0,0	0,4,2	0,0,0	5,0,1	-2	-1
2265	0,1,1	31,20,23	0,0,0	16,12,9	-2	-1
2275	0,0,1	71,72,92	0,0,0	63,44,47	-2	-1
2276	19,9,13	0,0,2	13,8,7	0,0,0	-2	-1
2277	24,16,26	68,65,99	17,11,8	62,35,47	-2	-1
2280	0,0,0	29,39,33	1,0,0	26,15,14	-2	-1
2282	0,0,0	2,0,2	0,1,1	2,0,0	-2	-1
2288	0,0,0	7,11,6	1,0,0	3,3,5	-2	-1
2292	1,3,0	32,43,39	1,0,1	33,42,33	-2	-1
2294	0,4,2	17,13,11	1,1,0	9,4,2	-2	-1
2295	0,4,2	0,3,0	1,1,0	1,0,0	-2	-1
2305	4,15,24	132,216,168	12,17,6	137,96,54	-2	-1
2306	0,4,0	21,17,17	0,0,0	2,22,15	-2	-1
2307	0,3,1	17,18,16	0,0,0	8,17,11	-2	-1
2308	0,0,1	3,3,2	0,0,0	1,5,3	-2	-1
2310	3,2,2	10,6,2	2,0,0	6,4,5	-2	-1
2311	4,2,1	9,24,14	4,4,3	10,14,15	-2	-1
2313	0,1,0	7,2,0	0,1,2	7,9,11	-2	-1
2314	0,1,0	2,9,1	1,0,1	11,10,17	-2	-1
2315	0,3,0	0,0,1	0,0,0	0,2,0	-2	-1
2316	1,5,0	8,18,9	1,0,1	7,17,7	-2	-1
2317	0,0,0	0,1,1	1,0,2	2,3,1	-2	-1
2318	0,2,0	13,5,5	0,0,0	7,2,7	-2	-1
2321	0,1,0	83,172,84	0,0,0	144,178,150	-2	-1
2323	0,1,0	9,5,11	0,0,0	3,4,5	-2	-1
2324	1,0,0	7,2,8	0,0,2	8,2,3	-2	-1
2328	1,2,0	1,11,1	0,0,0	3,0,1	-2	-1
2335	1,0,2	19,21,15	0,0,0	10,28,20	-2	-1
2338	0,0,0	1,0,2	0,1,0	0,4,1	-2	-1
2345	4,0,6	45,45,36	1,1,0	25,23,16	-2	-1
2346	2,6,5	18,23,16	5,2,3	8,19,10	-2	-1
2354	0,0,0	7,14,18	3,2,0	2,17,1	-2	-1
2361	0,0,2	1,4,1	0,0,0	1,2,1	-2	-1
2363	0,0,2	3,0,3	0,0,0	0,1,6	-2	-1
2366	1,3,0	15,19,17	0,0,1	11,0,5	-2	-1
2370	0,0,0	3,7,6	0,1,1	4,2,0	-2	-1
2371	1,0,0	7,2,4	0,0,0	0,4,3	-2	-1
2382	1,0,6	4,2,0	0,0,0	0,0,1	-2	-1
2386	0,1,0	8,5,6	0,0,0	3,10,9	-2	-1
2387	0,1,1	7,5,7	0,2,0	3,11,9	-2	-1
2394	1,0,0	21,24,19	0,4,0	15,16,13	-2	-1
2398	1,3,4	13,32,14	4,2,1	29,12,11	-2	-1
2399	0,1,1	24,36,10	0,2,1	15,38,25	-2	-1
2400	3,1,1	28,41,27	0,4,5	47,53,38	-2	-1
2401	5,5,3	42,56,42	2,5,3	47,62,42	-2	-1
2402	194,246,164	2,5,1	155,144,91	0,0,1	-2	-1
2403	3,3,1	0,0,1	1,2,2	0,0,0	-2	-1
2404	3,3,1	296,244,249	1,2,2	216,138,142	-2	-1
2405	3,3,1	1,0,0	1,2,2	0,0,0	-2	-1
2407	0,0,0	5,10,5	0,0,2	7,10,7	-2	-1
2408	4,2,3	24,18,8	5,5,2	20,24,12	-2	-1
2409	9,19,14	116,146,123	3,16,20	80,113,110	-2	-1
2411	3,1,1	64,41,94	1,4,5	45,58,39	-2	-1
2414	1,1,1	6,12,8	0,1,1	8,11,15	-2	-1
2415	0,0,0	4,11,11	0,1,0	1,10,5	-2	-1
2421	4,0,2	37,42,45	0,1,0	17,11,21	-2	-1
2422	0,0,1	41,25,22	1,3,1	14,37,33	-2	-1
2423	2,2,3	602,791,649	0,3,2	540,372,354	-2	-1
2424	2,2,3	585,804,663	0,3,2	583,313,368	-2	-1
2426	6,11,12	0,0,0	13,5,3	0,1,0	-2	-1
2433	0,0,0	50,104,77	1,0,0	71,102,93	-2	-1
2434	0,0,1	0,0,2	0,0,1	0,0,0	-2	-1
2436	0,1,0	3,11,1	0,0,0	3,11,7	-2	-1
2442	0,0,0	0,3,2	0,0,1	0,4,0	-2	-1
2444	13,13,11	153,184,120	11,4,7	184,159,154	-2	-1
2449	1,2,1	5,3,6	0,0,0	2,6,3	-2	-1
2450	1,0,0	1,7,0	0,2,1	5,9,0	-2	-1
2451	0,0,1	105,89,92	1,3,0	60,109,106	-2	-1
2457	4,5,5	30,36,36	2,5,2	34,59,63	-2	-1
2458	1,0,2	114,127,119	1,3,3	107,92,80	-2	-1
2459	0,0,0	96,109,94	0,2,0	92,96,98	-2	-1
2464	0,0,0	0,0,1	0,0,1	0,1,0	-2	-1
2469	0,2,3	0,0,0	0,2,0	0,0,2	-2	-1
2470	8,7,7	63,66,86	6,4,7	32,68,55	-2	-1
2477	0,1,0	5,37,6	0,0,0	19,16,30	-2	-1
2480	2,5,4	46,29,32	0,2,1	19,23,21	-2	-1
2489	0,0,0	3,3,0	1,0,0	0,0,1	-2	-1
2492	6,3,5	31,69,30	1,6,3	38,81,70	-2	-1
2493	5,8,5	119,106,144	5,4,6	67,30,41	-2	-1
2494	0,1,2	3,13,9	2,1,1	12,7,5	-2	-1
2501	3,2,1	9,52,14	2,1,1	16,37,17	-2	-1
2502	0,1,0	11,48,12	2,3,0	41,10,13	-2	-1
2504	4,2,1	108,71,96	0,2,0	68,73,69	-2	-1
2508	8,1,3	29,52,23	0,0,0	45,14,19	-2	-1
2509	1,0,0	0,3,1	1,0,1	0,1,0	-2	-1
2511	1,0,0	0,5,1	0,0,0	2,0,1	-2	-1
2514	74,56,72	2,0,0	49,36,30	1,0,0	-2	-1
2515	47,39,51	0,0,2	38,18,17	0,0,1	-2	-1
2517	17,25,15	1,1,1	10,4,3	0,1,2	-2	-1
2518	0,0,0	0,0,2	0,0,1	0,0,2	-2	-1
2519	2,2,1	6,5,9	2,3,2	1,1,5	-2	-1
2522	1,2,1	15,16,8	2,1,1	13,11,7	-2	-1
2527	0,0,0	147,152,204	0,1,0	131,42,44	-2	-1
2528	3,2,1	0,1,0	0,3,1	0,0,1	-2	-1
2530	2,0,1	19,10,19	0,0,1	11,35,20	-2	-1
2534	14,14,8	64,55,63	9,3,9	33,36,26	-2	-1
2537	4,5,3	0,2,0	1,1,1	0,0,0	-2	-1
2538	0,1,0	6,8,9	0,0,0	7,6,9	-2	-1
2539	0,1,0	28,36,32	0,0,0	23,36,23	-2	-1
2542	6,9,1	12,20,11	4,1,4	12,11,16	-2	-1
2544	0,0,0	17,50,27	0,0,1	15,14,13	-2	-1
2547	28,66,28	1,6,1	23,68,84	4,3,3	-2	-1
2550	0,0,0	0,2,1	1,2,0	0,1,2	-2	-1
2551	0,1,0	7,3,7	0,0,0	4,10,11	-2	-1
2552	1,0,3	5,4,7	0,2,0	5,6,13	-2	-1
2556	0,0,0	0,1,0	0,0,2	0,1,0	-2	-1
2557	0,0,1	0,0,0	0,0,2	0,0,3	-2	-1
2558	0,0,1	0,6,0	0,0,2	1,0,0	-2	-1
2561	2,4,4	3,2,0	1,0,3	1,2,4	-2	-1
2562	2,4,3	43,31,29	1,0,2	38,39,37	-2	-1
2568	1,2,0	14,20,9	0,4,1	14,21,10	-2	-1
2577	1,4,1	25,65,29	1,2,4	60,48,49	-2	-1
2579	13,13,11	47,86,59	12,7,9	53,89,70	-2	-1
2581	0,0,0	0,0,1	1,0,1	2,0,2	-2	-1
2582	2,2,2	3,12,8	0,1,2	0,6,4	-2	-1
2586	4,2,1	9,17,9	3,2,2	15,4,7	-2	-1
2587	0,0,0	2,14,4	1,0,1	6,21,10	-2	-1
2589	5,9,7	72,55,60	8,4,2	24,42,34	-2	-1
2591	4,19,1	14,29,15	16,9,8	50,12,17	-2	-1
2594	0,1,0	2,1,1	0,0,0	1,2,3	-2	-1
2595	0,0,0	5,1,0	2,0,1	2,0,1	-2	-1
2599	7,7,3	25,29,30	2,10,5	16,40,34	-2	-1
2601	2,1,3	41,44,42	2,1,1	32,10,11	-2	-1
2602	0,2,0	3,5,1	0,0,1	6,3,3	-2	-1
2603	4,2,4	32,57,38	4,3,15	44,34,46	-2	-1
2604	4,2,4	0,0,1	4,3,15	0,0,0	-2	-1
2605	0,0,0	52,65,40	1,0,0	26,50,72	-2	-1
2606	2,6,4	27,44,51	1,6,3	30,48,43	-2	-1
2607	0,0,0	20,19,12	0,0,2	17,43,43	-2	-1
2608	1,0,0	43,51,43	2,0,0	33,32,44	-2	-1
2621	0,0,0	12,31,12	0,1,1	19,15,24	-2	-1
2622	2,0,0	6,12,7	0,1,0	5,9,7	-2	-1
2629	0,1,0	90,95,88	0,0,3	60,114,109	-2	-1
2636	1,0,0	71,91,66	0,0,0	53,33,31	-2	-1
2637	0,1,1	2,4,7	0,0,0	0,3,1	-2	-1
2638	0,1,1	1,2,3	0,0,0	0,1,0	-2	-1
2647	0,0,0	13,10,6	2,0,1	11,7,15	-2	-1
2649	7,11,15	104,172,137	17,12,5	141,112,86	-2	-1
2652	0,0,0	1,1,0	0,1,2	0,1,0	-2	-1
2654	1,1,1	5,9,5	0,1,1	3,7,9	-2	-1
2655	10,1,7	105,53,81	5,2,5	57,61,55	-2	-1
2656	1,2,2	70,51,77	2,4,0	52,52,44	-2	-1
2657	0,2,0	38,42,47	2,4,1	28,27,27	-2	-1
2658	3,3,6	0,0,0	3,6,2	1,0,0	-2	-1
2659	3,1,6	47,48,53	1,2,1	30,31,35	-2	-1
2668	2,1,3	10,12,12	0,3,8	12,37,42	-2	-1
2670	4,15,15	1,4,1	4,34,27	1,2,3	-2	-1
2675	0,1,1	18,19,30	0,3,0	9,20,19	-2	-1
2680	2,3,3	61,69,41	0,0,2	28,48,36	-2	-1
2682	2,3,3	2,3,2	0,0,2	2,4,4	-2	-1
2687	0,3,0	3,5,2	0,0,0	5,4,0	-2	-1
2697	1,5,0	11,9,10	4,3,1	6,13,5	-2	-1
2700	1,4,2	17,24,16	0,1,0	15,10,8	-2	-1
2702	2,6,3	25,12,19	1,8,4	11,23,20	-2	-1
2709	0,0,2	4,7,12	0,0,0	0,6,1	-2	-1
2716	0,0,0	19,23,18	1,0,0	20,6,14	-2	-1
2719	1,1,1	2,5,3	0,1,2	2,1,2	-2	-1
2725	3,1,0	3,3,4	2,1,1	5,4,0	-2	-1
2726	112,70,102	420,290,468	38,36,68	157,143,186	-2	-1
2727	1,0,1	454,381,358	1,1,0	359,218,282	-2	-1
2728	0,3,1	11,20,13	3,1,0	11,9,8	-2	-1
2731	0,1,0	1,17,3	0,1,0	7,3,18	-2	-1
2732	0,3,1	4,14,5	7,2,1	5,3,11	-2	-1
2733	0,3,0	8,7,3	1,0,1	8,12,10	-2	-1
2734	9,2,8	173,146,171	5,1,1	140,46,74	-2	-1
2735	212,147,224	1,0,0	159,79,71	0,0,0	-2	-1
2736	1,2,0	83,148,70	0,0,0	137,45,51	-2	-1
2740	10,5,1	1,3,0	1,3,2	1,2,1	-2	-1
2748	0,3,0	1,12,0	0,0,0	3,5,7	-2	-1
2750	0,1,0	5,15,8	1,0,0	8,11,7	-2	-1
2755	0,1,0	29,43,35	0,0,0	37,15,17	-2	-1
2759	1,1,0	3354,2117,4277	1,0,0	2909,1545,895	-2	-1
2760	5,0,0	3488,2509,4748	2,0,0	3390,1564,913	-2	-1
2773	0,0,2	0,4,0	0,0,0	0,2,1	-2	-1
2777	1,2,1	3,10,1	0,1,2	7,8,4	-2	-1
2778	3,5,9	44,53,42	7,6,8	52,31,55	-2	-1
2783	0,1,0	21,12,13	0,0,0	16,20,17	-2	-1
2786	0,2,0	3,9,10	0,1,0	7,2,4	-2	-1
2788	0,0,1	4,2,4	2,0,5	2,13,7	-2	-1
2789	0,0,1	9,8,5	2,0,5	6,10,5	-2	-1
2790	0,0,0	35,50,23	2,0,2	39,30,35	-2	-1
2795	0,0,0	65,92,38	0,0,1	82,107,70	-2	-1
2796	0,0,0	4,1,0	0,0,1	0,3,0	-2	-1
2797	49,37,19	86,84,37	20,32,31	73,54,53	-2	-1
2800	2,2,5	28,17,25	2,2,5	20,17,20	-2	-1
2802	12,4,11	205,106,175	6,9,3	115,126,95	-2	-1
2804	0,4,0	43,62,45	2,2,3	40,54,49	-2	-1
2805	0,1,0	60,61,59	0,1,0	34,20,23	-2	-1
2808	0,3,1	34,27,25	0,3,0	13,20,18	-2	-1
2818	15,13,17	0,1,0	24,17,10	1,1,0	-2	-1
2823	0,1,0	54,98,55	0,0,1	59,56,64	-2	-1
2832	2,2,2	6,15,6	0,2,0	7,7,14	-2	-1
2835	0,1,0	13,22,12	0,0,0	23,14,13	-2	-1
2837	2,3,0	14,23,16	4,0,1	34,20,25	-2	-1
2842	2,1,1	4,5,3	1,2,0	6,2,0	-2	-1
2845	0,1,0	0,6,3	0,0,0	1,1,1	-2	-1
2849	39,9,41	138,60,202	15,17,15	81,129,104	-2	-1
2850	1,0,0	14,14,6	0,0,0	8,24,19	-2	-1
2852	0,0,0	54,64,28	0,1,0	52,54,58	-2	-1
2853	0,1,1	11,12,13	2,1,1	4,28,12	-2	-1
2854	41,38,21	0,0,0	15,34,39	0,2,0	-2	-1
2855	5,8,2	90,85,118	5,4,4	63,92,95	-2	-1
2860	3,0,1	28,36,32	0,0,2	31,8,7	-2	-1
2867	2,7,1	5,32,27	3,2,6	30,26,44	-2	-1
2872	4,4,6	11,28,11	4,6,7	11,17,14	-2	-1
2873	2,4,1	62,71,43	2,3,1	55,55,49	-2	-1
2874	0,0,0	21,19,23	0,0,1	11,11,7	-2	-1
2876	4,4,1	42,51,49	5,3,3	34,97,99	-2	-1
2878	0,0,2	3,10,4	0,0,0	10,1,9	-2	-1
2882	0,0,0	23,31,22	0,1,0	27,28,34	-2	-1
2883	0,0,0	8,29,14	0,1,0	18,20,25	-2	-1
2885	0,3,0	3,6,5	2,1,1	5,6,6	-2	-1
2889	1,1,0	2,4,3	0,0,5	0,2,0	-2	-1
2893	2,0,1	11,15,6	0,0,1	7,7,3	-2	-1
2894	0,0,1	7,9,9	1,1,6	9,14,22	-2	-1
2895	0,0,1	33,80,21	0,0,0	42,68,45	-2	-1
2896	3,4,1	52,82,38	6,5,6	74,72,72	-2	-1
2899	1,2,2	7,19,8	0,0,2	17,18,17	-2	-1
2901	0,0,0	16,27,18	1,0,0	9,23,20	-2	-1
2910	0,1,0	8,24,6	0,0,1	15,6,3	-2	-1
2911	57,14,58	1494,1133,1842	21,53,46	832,2313,1998	-2	-1
2931	0,1,3	12,11,13	0,2,0	4,17,8	-2	-1
2932	1,8,1	2,1,1	0,2,2	0,2,0	-2	-1
2934	0,2,0	6,1,3	1,0,2	6,4,9	-2	-1
2937	2,2,8	21,32,24	3,5,5	24,23,12	-2	-1
2938	5,4,1	24,40,28	6,0,0	30,14,13	-2	-1
2940	1,0,0	0,0,0	0,0,0	1,0,0	-2	-1
2944	2,8,1	0,0,0	4,0,7	5,1,1	-2	-1
2952	1,4,0	44,31,33	1,1,1	24,44,20	-2	-1
2964	7,8,7	55,53,55	13,2,5	22,23,20	-2	-1
2978	5,1,1	0,1,0	0,1,0	0,2,0	-2	-1
2980	8,3,2	67,121,57	4,6,8	99,67,79	-2	-1
2982	25,13,16	33,19,7	11,23,13	16,13,8	-2	-1
2983	1,3,3	20,25,28	2,1,3	5,12,17	-2	-1
2984	0,0,0	5,2,3	1,0,0	0,1,2	-2	-1
2985	0,0,0	3,1,1	0,1,0	0,0,1	-2	-1
2986	0,2,3	80,109,73	0,0,0	34,95,96	-2	-1
2989	147,136,143	1482,1160,1453	81,73,64	851,581,556	-2	-1
2992	0,0,0	57,58,45	0,2,0	42,65,58	-2	-1
2993	0,0,0	45,78,40	0,2,0	66,61,52	-2	-1
2996	1,1,1	1,3,8	0,0,0	6,1,1	-2	-1
2997	0,1,0	5,4,1	0,0,0	1,2,6	-2	-1
2998	1,0,1	7,5,1	2,0,0	8,5,1	-2	-1
3004	0,0,1	14,33,25	0,0,0	19,15,10	-2	-1
3005	0,0,1	6,3,3	0,0,0	1,1,0	-2	-1
3013	0,0,1	13,31,18	3,0,0	16,14,13	-2	-1
3017	1,0,0	3,5,1	1,0,0	2,1,2	-2	-1
3018	0,1,0	1,1,1	0,0,0	1,3,0	-2	-1
3019	0,0,0	0,2,0	0,0,2	3,2,2	-2	-1
3021	1,1,0	17,18,17	0,0,0	8,13,15	-2	-1
3028	1,0,0	32,54,34	0,0,0	30,34,53	-2	-1
3029	1,0,0	5,4,6	0,0,0	8,21,11	-2	-1
3034	0,1,0	3,26,10	0,0,0	22,7,12	-2	-1
3038	1,1,2	2,3,0	0,1,0	0,0,0	-2	-1
3039	0,2,0	0,0,0	0,0,0	1,2,0	-2	-1
3043	2,0,0	0,0,0	2,0,0	0,0,1	-2	-1
3044	6,10,3	55,64,36	4,1,4	40,44,43	-2	-1
3045	0,2,0	28,44,27	2,2,2	32,40,26	-2	-1
3051	2,18,9	26,17,24	7,13,6	20,35,14	-2	-1
3054	0,1,0	0,3,1	0,0,0	2,1,3	-2	-1
3058	1,2,0	15,31,21	1,0,0	19,18,9	-2	-1
3061	0,8,8	31,31,34	3,2,2	15,23,26	-2	-1
3062	0,2,0	7,17,24	1,2,4	13,18,24	-2	-1
3065	0,1,0	1,2,0	0,0,0	1,0,0	-2	-1
3069	7,12,10	173,229,181	6,13,14	174,277,237	-2	-1
3070	3,1,4	6,6,3	0,0,2	2,8,1	-2	-1
3072	3,1,2	10,17,16	4,1,5	7,19,18	-2	-1
3073	1,0,0	7,25,10	0,1,3	18,22,22	-2	-1
3080	1,1,1	5,22,17	1,0,1	13,13,5	-2	-1
3081	0,1,1	1,2,1	1,0,0	1,0,1	-2	-1
3082	2,5,0	0,0,1	0,1,4	2,0,0	-2	-1
3091	0,0,0	266,307,295	0,1,0	294,110,95	-2	-1
3094	6,8,5	0,0,1	2,4,9	0,0,0	-2	-1
3105	0,1,1	0,0,0	0,0,0	0,3,0	-2	-1
3107	107,90,109	0,0,1	70,47,46	0,0,0	-2	-1
3114	31,15,37	0,0,1	23,31,22	0,0,0	-2	-1
3115	0,1,0	0,0,0	0,0,0	0,0,1	-2	-1
3118	5,3,0	10,28,17	2,6,2	5,16,10	-2	-1
3120	1,2,0	0,0,0	1,1,1	2,0,0	-2	-1
3127	0,0,0	3,2,3	0,2,0	2,1,1	-2	-1
3129	3,13,1	0,3,0	4,0,0	0,0,0	-2	-1
3131	2,14,5	81,93,104	1,1,1	96,74,85	-2	-1
3136	5,0,0	50,80,64	0,1,3	61,48,40	-2	-1
3141	1,2,0	6,21,11	2,1,1	9,9,14	-2	-1
3142	0,0,0	0,5,3	0,2,0	4,6,6	-2	-1
3143	0,0,0	1,9,1	0,2,0	5,4,3	-2	-1
3148	0,0,0	26,52,33	1,0,0	25,48,23	-2	-1
3149	0,0,0	30,47,46	1,0,0	29,27,27	-2	-1
3151	15,5,12	713,464,859	7,5,8	474,295,269	-2	-1
3155	20,29,27	181,356,174	36,35,33	300,296,269	-2	-1
3158	3,3,3	54,71,45	0,3,1	93,48,38	-2	-1
3159	1,0,0	9,17,3	1,2,0	12,8,8	-2	-1
3162	0,1,0	1,6,1	1,0,0	6,4,2	-2	-1
3167	2,0,2	37,19,39	0,0,0	11,13,12	-2	-1
3171	0,0,1	13,27,15	0,1,0	11,28,16	-2	-1
3173	10,5,9	0,6,5	0,3,2	4,1,3	-2	-1
3178	20,9,14	114,98,144	5,23,17	86,112,128	-2	-1
3179	1,0,0	207,592,333	2,0,0	441,227,261	-2	-1
3189	3,8,8	1,0,0	5,4,2	0,0,0	-2	-1
3196	0,0,1	0,2,1	0,0,0	1,0,3	-2	-1
3199	7,10,7	51,87,66	11,6,2	87,62,85	-2	-1
3202	9,1,2	0,6,1	1,1,0	2,0,1	-2	-1
3203	3,1,0	0,0,4	0,0,0	3,1,3	-2	-1
3205	2,0,0	26,40,24	3,1,1	30,18,12	-2	-1
3208	2,3,0	1,0,0	1,0,6	0,0,1	-2	-1
3209	8,15,11	191,176,124	12,7,18	122,144,153	-2	-1
3210	2,3,0	0,0,0	1,0,6	0,0,1	-2	-1
3211	0,0,0	89,151,78	1,0,1	93,133,128	-2	-1
3212	0,0,0	129,168,126	1,0,1	144,154,158	-2	-1
3213	1,1,2	60,82,42	2,1,3	52,118,97	-2	-1
3214	6,10,9	17,33,28	6,20,9	15,67,40	-2	-1
3217	17,20,12	0,1,0	10,12,6	0,0,1	-2	-1
3219	0,0,1	5,9,3	0,1,0	4,9,3	-2	-1
3222	2,1,0	2,4,3	0,1,2	1,1,1	-2	-1
3223	2,1,0	6,7,2	0,0,2	2,3,0	-2	-1
3236	21,44,33	112,139,128	30,52,52	132,111,83	-2	-1
3237	2,1,2	1,1,0	2,2,10	0,0,0	-2	-1
3240	8,10,5	99,99,127	2,2,5	84,125,99	-2	-1
3244	2,0,1	3,14,4	0,0,0	2,3,5	-2	-1
3245	2,0,2	6,6,1	0,0,0	9,3,4	-2	-1
3247	5,8,8	0,0,1	10,4,8	0,0,0	-2	-1
3248	2,5,0	22,21,19	2,0,2	21,30,26	-2	-1
3250	2,1,0	6,7,1	0,0,0	9,7,5	-2	-1
3252	0,2,5	5,2,1	3,4,1	5,2,2	-2	-1
3254	1,0,0	14,11,10	0,0,0	7,10,4	-2	-1
3264	1,2,0	0,0,0	1,0,1	1,0,0	-2	-1
3265	0,0,0	13,10,14	2,0,0	17,13,5	-2	-1
3266	0,3,1	30,30,19	0,0,0	29,16,15	-2	-1
3267	0,0,1	30,30,45	0,0,0	18,32,19	-2	-1
3269	2,3,1	15,17,11	1,4,1	14,26,13	-2	-1
3273	0,0,0	72,43,76	0,1,1	29,62,52	-2	-1
3276	0,0,1	0,0,0	0,0,0	0,0,1	-2	-1
3278	1,4,0	20,58,15	4,0,6	27,27,47	-2	-1
3283	6,21,2	105,136,88	4,3,9	80,80,104	-2	-1
3284	21,11,15	66,33,48	11,2,5	18,30,9	-2	-1
3300	0,0,1	157,247,195	0,0,0	186,151,149	-2	-1
3302	0,0,0	744,869,733	1,1,0	659,568,592	-2	-1
3304	0,0,0	17,30,3	2,1,2	9,33,14	-2	-1
3313	2,1,0	13,35,15	1,0,0	32,48,30	-2	-1
3321	1,1,0	0,0,0	0,1,1	0,0,1	-2	-1
3322	1,0,0	0,0,0	3,0,0	0,1,0	-2	-1
3323	1,0,0	21,48,71	0,0,0	47,48,37	-2	-1
3330	2,1,1	8,13,14	1,0,0	7,7,17	-2	-1
3337	2,3,6	74,84,76	1,4,0	58,39,33	-2	-1
3339	0,1,0	10,19,9	4,0,0	15,10,13	-2	-1
3350	0,3,1	9,12,8	0,0,2	14,9,8	-2	-1
3352	1,2,0	1,0,1	4,0,4	0,0,0	-2	-1
3356	2,7,4	102,174,88	4,4,5	111,144,117	-2	-1
3360	0,0,3	1,5,2	0,0,0	2,1,4	-2	-1
3362	71,117,73	430,427,365	74,76,71	423,410,389	-2	-1
3366	0,0,2	15,24,23	1,0,1	18,36,21	-2	-1
3375	0,2,0	1098,1246,1016	2,2,0	881,1109,1072	-2	-1
3380	2,4,6	34,41,42	0,0,1	42,19,36	-2	-1
3383	2,0,0	19,13,12	0,0,0	9,21,9	-2	-1
3387	1,0,0	0,0,0	0,0,0	1,2,0	-2	-1
3388	3,5,2	60,77,71	2,2,5	70,34,39	-2	-1
3389	39,42,37	244,281,234	24,38,27	191,97,100	-2	-1
3395	0,2,1	14,8,4	0,1,0	2,6,2	-2	-1
3400	0,1,1	116,159,128	2,0,0	93,147,101	-2	-1
3401	8,25,13	3,6,16	7,25,21	2,3,2	-2	-1
3402	8,22,6	109,238,112	4,9,11	194,197,140	-2	-1
3404	14,21,3	65,128,89	7,9,6	93,71,69	-2	-1
3410	2,4,4	2,6,4	3,4,8	0,3,2	-2	-1
3411	1,2,1	4,5,6	1,2,3	1,3,7	-2	-1
3412	6,4,1	26,46,45	2,1,1	34,37,30	-2	-1
3413	6,4,1	6,7,7	2,1,1	4,11,5	-2	-1
3418	0,0,0	20,22,13	0,2,0	22,42,41	-2	-1
3419	10,14,3	29,31,42	1,1,0	23,16,27	-2	-1
3420	10,11,3	0,0,1	1,1,0	0,1,0	-2	-1
3421	0,0,1	19,40,14	0,2,1	19,68,77	-2	-1
3422	0,6,4	0,0,0	1,0,1	0,1,1	-2	-1
3423	0,6,4	8,18,9	1,0,1	7,9,8	-2	-1
3424	2,0,1	34,52,37	1,1,1	23,49,38	-2	-1
3425	0,0,0	3,7,5	0,1,0	6,3,2	-2	-1
3432	0,1,0	9,15,9	0,0,0	9,5,7	-2	-1
3433	0,1,0	38,27,22	0,0,0	22,15,20	-2	-1
3437	0,0,1	0,2,1	0,1,0	0,1,0	-2	-1
3439	2,1,4	5,6,3	4,2,0	2,8,2	-2	-1
3440	0,0,0	32,25,35	0,1,4	23,57,39	-2	-1
3447	24,29,59	560,1077,755	34,76,98	753,1828,1600	-2	-1
3450	0,0,0	20,35,33	0,2,0	19,16,20	-2	-1
3452	6,2,0	22,37,16	0,4,0	20,24,31	-2	-1
3453	0,0,0	2,0,2	0,2,0	1,3,4	-2	-1
3457	1,0,0	7,5,3	0,0,0	1,2,1	-2	-1
3462	0,3,0	0,0,1	0,1,0	0,0,3	-2	-1
3466	374,263,419	2703,1823,2802	325,391,362	1853,2197,2336	-2	-1
3467	0,2,0	10,26,21	0,0,1	15,7,14	-2	-1
3480	0,0,0	19,10,26	0,1,0	9,55,39	-2	-1
3486	1,2,0	8,12,10	1,2,0	26,29,12	-2	-1
3496	2,3,6	40,27,46	3,0,1	24,21,35	-2	-1
3498	0,0,0	1,0,2	4,0,0	0,2,0	-2	-1
3499	1,0,0	1,0,0	0,0,3	0,0,0	-2	-1
3500	1,0,0	0,2,0	0,0,0	1,0,0	-2	-1
3502	0,0,0	4,3,2	0,3,0	1,1,1	-2	-1
3507	18,25,6	140,175,154	9,5,12	133,99,103	-2	-1
3508	21,23,26	164,179,159	20,30,19	124,148,127	-2	-1
3511	5,2,1	0,1,0	1,6,1	0,2,1	-2	-1
3512	5,2,1	2,2,4	1,6,1	7,3,2	-2	-1
3516	1,0,1	90,64,52	0,1,3	29,50,45	-2	-1
3520	0,0,0	17,37,23	1,1,0	14,26,29	-2	-1
3521	2,0,0	11,27,17	1,1,0	25,5,18	-2	-1
3522	2,0,0	14,16,11	1,0,0	19,16,18	-2	-1
3525	1,1,0	9,20,2	1,0,1	21,22,12	-2	-1
3527	1,0,2	1,0,0	4,2,0	0,0,0	-2	-1
3533	5,6,9	15,29,14	3,9,5	20,25,25	-2	-1
3534	1,5,4	81,97,84	4,11,2	110,66,54	-2	-1
3537	1,3,0	0,2,0	6,0,2	0,0,1	-2	-1
3539	0,1,0	22,18,23	5,0,0	8,18,20	-2	-1
3540	0,1,0	3,0,2	5,0,0	0,0,0	-2	-1
3544	1,0,0	0,0,0	0,0,0	2,1,0	-2	-1
3545	9,5,2	43,71,40	1,6,1	32,35,40	-2	-1
3548	7,15,7	97,160,121	6,14,15	90,109,119	-2	-1
3550	0,0,1	32,23,28	1,0,0	21,8,11	-2	-1
3551	8,27,8	29,44,32	17,12,11	37,38,41	-2	-1
3556	4,1,3	17,14,16	1,2,2	12,14,8	-2	-1
3563	0,1,0	13,16,6	1,3,2	11,10,9	-2	-1
3564	0,1,2	32,38,12	0,3,3	17,24,25	-2	-1
3565	0,0,0	10,17,8	0,1,0	9,18,13	-2	-1
3566	0,0,2	14,14,24	2,0,1	2,7,12	-2	-1
3570	1,0,1	1,0,1	0,1,0	1,2,1	-2	-1
3571	0,2,0	0,23,5	2,2,0	24,18,16	-2	-1
3572	0,0,1	0,8,5	0,0,0	0,5,4	-2	-1
3578	0,2,1	2,10,3	0,0,0	1,6,2	-2	-1
3580	1,0,0	0,2,2	0,1,1	1,1,2	-2	-1
3581	0,1,0	1,5,1	0,0,1	8,9,2	-2	-1
3583	1,1,5	6,12,21	0,1,1	16,23,19	-2	-1
3585	2,1,0	26,38,53	1,1,1	31,13,16	-2	-1
3588	0,0,0	20,34,18	0,1,0	25,40,34	-2	-1
3591	2,11,1	9,15,6	4,1,0	14,2,7	-2	-1
3593	4,1,0	34,51,44	3,3,3	48,38,37	-2	-1
3597	71,46,65	5255,6397,5388	82,24,29	4920,4695,3977	-2	-1
3601	5,4,6	5,3,0	6,8,4	3,0,0	-2	-1
3602	5,4,6	81,82,53	6,8,4	49,44,44	-2	-1
3607	3,5,5	71,54,85	8,5,2	41,42,37	-2	-1
3609	2,1,0	12,14,11	2,3,1	11,12,11	-2	-1
3611	1,4,4	0,0,0	0,3,0	0,1,0	-2	-1
3614	6,9,2	57,127,39	14,9,10	132,84,78	-2	-1
3616	1,0,0	9,14,16	0,1,0	6,13,10	-2	-1
3617	4,2,1	5,3,5	2,0,0	0,0,0	-2	-1
3618	5,2,1	10,31,20	2,0,0	15,15,9	-2	-1
3619	2,2,1	9,24,14	1,6,4	6,35,9	-2	-1
3620	1,4,2	129,125,119	1,0,3	89,86,56	-2	-1
3621	1,1,3	122,117,114	2,2,3	82,82,59	-2	-1
3622	1,0,0	6,12,5	0,0,0	0,3,4	-2	-1
3624	46,88,36	1,0,0	65,41,37	0,0,0	-2	-1
3625	2,1,0	29,85,30	3,0,0	64,46,36	-2	-1
3627	0,2,1	1206,1181,1337	0,0,0	848,965,1082	-2	-1
3628	213,309,250	41,48,33	235,245,249	45,30,38	-2	-1
3631	0,0,1	0,2,1	0,0,0	2,1,1	-2	-1
3632	2,1,4	45,60,47	3,3,3	39,107,95	-2	-1
3633	3,7,4	69,92,81	2,8,3	31,124,95	-2	-1
3636	23,30,24	135,143,135	21,12,14	98,70,64	-2	-1
3638	0,5,1	0,3,0	4,6,3	1,0,0	-2	-1
3639	2,5,0	18,16,17	1,2,0	13,5,11	-2	-1
3640	2,2,1	28,20,16	2,1,0	27,11,14	-2	-1
3641	1,1,0	110,88,141	6,0,2	93,55,39	-2	-1
3642	39,31,39	4,6,3	39,8,5	0,3,0	-2	-1
3647	11,13,19	2,1,2	9,17,15	0,0,0	-2	-1
3651	3,3,1	36,103,31	0,1,0	83,79,73	-2	-1
3653	119,185,88	1301,1706,1140	158,90,89	1028,1196,1293	-2	-1
3658	0,2,0	2,3,1	0,5,0	4,7,3	-2	-1
3661	1,0,0	53,55,57	0,0,0	38,47,47	-2	-1
3663	0,0,0	6,5,7	0,0,1	2,2,1	-2	-1
3665	2,0,2	36,46,42	2,0,0	45,19,16	-2	-1
3667	0,87,0	0,0,1	86,25,22	1,1,2	-2	-1
3668	0,1,0	533,483,693	0,0,2	558,340,297	-2	-1
3671	1,0,0	5,13,10	0,0,0	6,9,9	-2	-1
3680	0,0,0	8,2,0	2,0,0	3,2,3	-2	-1
3685	0,8,0	24,29,22	4,3,3	29,37,19	-2	-1
3686	5,12,3	8,29,14	10,3,5	24,22,26	-2	-1
3687	6,3,6	181,96,234	1,5,2	137,144,154	-2	-1
3690	3,5,2	47,112,55	9,5,1	114,79,49	-2	-1
3692	0,0,0	13,11,6	1,2,0	4,8,6	-2	-1
3695	2,2,3	61,50,88	3,3,1	51,164,136	-2	-1
3697	1,0,0	18,16,20	1,0,0	14,27,17	-2	-1
3698	5,12,13	0,0,0	13,14,17	0,1,0	-2	-1
3699	1,0,0	60,67,55	1,0,1	39,42,22	-2	-1
3700	15,13,7	27,58,57	5,6,2	40,36,30	-2	-1
3701	4,4,7	60,60,61	8,0,3	56,36,30	-2	-1
3702	1,2,0	0,3,2	0,0,0	0,0,1	-2	-1
3710	0,4,1	0,0,0	1,2,2	0,1,0	-2	-1
3717	1,2,1	1,0,0	1,1,0	0,1,2	-2	-1
3718	1,2,2	6,8,5	2,2,2	7,13,7	-2	-1
3719	2,2,2	12,12,5	2,3,2	16,19,13	-2	-1
3720	2,2,4	11,16,8	0,4,2	14,32,18	-2	-1
3721	1,4,1	80,76,86	4,1,2	123,51,52	-2	-1
3725	0,1,0	3,1,3	0,0,0	2,2,1	-2	-1
3727	0,0,1	130,115,146	0,0,0	108,147,116	-2	-1
3728	4,8,6	118,142,126	7,2,5	112,185,93	-2	-1
3732	7,3,4	69,57,57	3,1,5	39,50,44	-2	-1
3735	0,1,0	0,1,0	0,0,0	0,0,1	-2	-1
3740	0,6,1	18,26,24	3,0,0	16,4,5	-2	-1
3741	0,6,1	0,0,1	3,0,0	1,0,0	-2	-1
3745	1,0,0	16,13,12	0,0,0	6,14,5	-2	-1
3746	0,1,2	19,16,11	8,3,4	17,10,10	-2	-1
3747	0,0,3	31,19,24	0,0,0	14,13,24	-2	-1
3748	0,0,3	0,0,0	0,0,0	0,0,2	-2	-1
3750	1,1,2	4,4,7	1,0,0	2,1,3	-2	-1
3756	12,6,17	187,146,186	3,10,6	86,100,116	-2	-1
3762	0,0,0	1,0,0	0,0,3	0,0,0	-2	-1
3765	3,8,4	40,76,55	2,6,2	39,53,36	-2	-1
3766	1,2,1	52,34,42	0,1,0	42,73,58	-2	-1
3769	3,0,0	9,5,8	0,0,1	9,11,10	-2	-1
3772	3,4,6	6,8,6	4,12,11	7,8,5	-2	-1
3773	3,4,6	1,0,0	4,12,11	0,4,0	-2	-1
3777	5,3,11	662,385,789	2,6,5	372,348,314	-2	-1
3778	1,0,0	523,268,571	0,0,1	217,301,241	-2	-1
3780	4,3,10	11,6,23	8,8,2	13,11,5	-2	-1
3782	0,0,0	2,3,4	0,0,1	1,0,4	-2	-1
3793	5,4,11	58,61,74	3,6,1	54,21,32	-2	-1
3797	2,2,7	11,6,12	0,6,2	4,2,4	-2	-1
3798	1,2,3	11,4,8	0,0,0	5,10,12	-2	-1
3801	0,1,1	24,61,32	0,1,1	43,66,53	-2	-1
3805	7,9,6	2,2,3	0,6,6	2,7,0	-2	-1
3809	1,0,0	18,103,22	0,0,0	109,72,75	-2	-1
3812	5,7,1	8,10,7	5,0,2	4,9,5	-2	-1
3813	0,1,0	11,22,6	0,0,1	4,10,13	-2	-1
3819	1,4,0	12,7,14	1,1,1	4,2,7	-2	-1
3823	0,0,0	17,17,15	0,0,1	7,19,16	-2	-1
3829	0,0,0	42,52,49	0,1,0	53,58,45	-2	-1
3832	0,0,0	14,19,11	1,0,0	12,21,14	-2	-1
3834	2,3,0	11,13,19	1,0,0	6,28,13	-2	-1
3837	0,0,1	0,0,0	0,0,0	1,0,0	-2	-1
3842	0,2,0	10,12,12	0,1,2	10,8,10	-2	-1
3844	0,0,0	1,0,2	2,0,0	4,4,3	-2	-1
3846	3,2,5	7,11,9	1,0,0	1,9,3	-2	-1
3848	0,1,0	660,506,752	0,0,0	514,276,245	-2	-1
3849	1,2,4	18,23,18	1,1,0	17,6,5	-2	-1
3850	5,4,4	23,15,26	1,10,8	11,24,20	-2	-1
3852	0,1,0	3,3,6	0,0,0	0,0,1	-2	-1
3853	9,9,4	82,87,99	3,23,17	74,145,141	-2	-1
3854	11,13,10	165,108,151	5,17,16	107,113,115	-2	-1
3855	30,11,22	180,96,172	25,20,16	142,168,148	-2	-1
3858	5,6,2	123,99,139	5,11,6	108,82,66	-2	-1
3859	13,10,9	0,0,1	17,16,16	0,0,0	-2	-1
3864	6,4,0	197,250,134	3,6,0	176,143,152	-2	-1
3870	4,2,1	22,25,6	1,0,0	10,18,15	-2	-1
3871	2,3,1	13,26,7	2,2,2	13,15,13	-2	-1
3874	2,1,0	13,5,6	0,2,1	5,3,2	-2	-1
3875	1,5,1	16,23,9	5,6,9	9,7,20	-2	-1
3876	1,4,4	10,27,7	3,6,6	21,23,15	-2	-1
3878	4,0,0	215,188,207	0,3,2	163,187,181	-2	-1
3879	0,3,2	39,31,35	1,1,2	25,44,40	-2	-1
3880	2,3,4	23,34,15	7,1,3	26,18,29	-2	-1
3886	2,0,4	66,33,54	8,0,1	21,25,16	-2	-1
3887	0,1,0	21852,30963,25321	0,1,0	20736,51518,47761	-2	-1
3894	2,1,1	20,4,14	3,3,1	3,8,9	-2	-1
3895	1,1,1	0,0,0	2,3,0	0,1,0	-2	-1
3897	1,2,3	32,32,26	2,0,0	26,13,17	-2	-1
3914	0,0,0	4,4,3	0,0,1	2,1,4	-2	-1
3924	0,3,0	8,13,8	0,1,1	3,2,6	-2	-1
3929	0,0,0	19,49,20	0,0,1	58,44,35	-2	-1
3932	2,4,4	37,92,49	4,2,0	44,62,60	-2	-1
3933	4,7,4	44,54,42	7,5,1	52,47,50	-2	-1
3934	11,9,8	118,96,93	16,11,5	86,85,56	-2	-1
3941	16,17,15	62,57,77	6,6,7	35,48,32	-2	-1
3943	1,0,0	24,34,15	0,0,0	15,13,15	-2	-1
3948	5,1,3	1283,784,1443	3,1,0	795,681,626	-2	-1
3949	1,2,3	12,22,24	3,3,1	18,19,16	-2	-1
3952	3,7,6	5,0,0	3,10,7	0,0,3	-2	-1
3960	1,0,0	5,12,13	0,0,0	4,11,5	-2	-1
3962	1,3,5	38,74,32	0,0,4	31,22,19	-2	-1
3963	0,1,0	48,60,47	0,0,0	55,39,25	-2	-1
3964	1,0,1	2650,2955,2257	0,0,0	2766,2264,1916	-2	-1
3965	18,23,14	65,79,74	21,8,9	54,23,27	-2	-1
3967	2,2,1	23,36,25	1,1,0	30,18,22	-2	-1
3972	3,0,3	68,53,73	4,0,0	58,63,26	-2	-1
3980	1,2,1	0,7,3	3,2,0	8,0,0	-2	-1
3982	3,2,4	17,37,20	1,3,1	23,19,30	-2	-1
3983	2,0,2	20,15,14	0,1,1	11,8,19	-2	-1
3986	0,0,0	0,0,1	0,1,0	0,0,0	-2	-1
3987	2,1,1	0,2,1	2,1,2	1,1,0	-2	-1
3990	2,2,1	1,1,3	0,2,2	0,0,0	-2	-1
3993	0,0,1	1885,1968,2059	0,0,0	1877,2318,2077	-2	-1
3994	3,5,0	18,30,17	0,1,1	18,15,12	-2	-1
3997	0,0,1	1,12,1	0,0,0	5,9,5	-2	-1
3999	2,2,2	38,69,25	3,0,0	35,36,29	-2	-1
4000	8,22,13	6,3,1	15,10,8	0,0,4	-2	-1
4001	7,20,15	20,32,23	15,10,8	8,20,21	-2	-1
4002	6,4,3	0,0,0	4,1,0	1,0,1	-2	-1
4003	0,0,1	10,43,5	0,0,0	32,30,31	-2	-1
4004	2,11,0	27,37,16	2,4,9	23,42,45	-2	-1
4005	40,32,49	102,151,112	29,27,23	69,69,80	-2	-1
4010	0,0,3	2,3,7	0,0,1	3,6,3	-2	-1
4018	0,1,0	19,26,26	0,1,2	15,34,60	-2	-1
4019	0,1,0	0,2,2	0,1,2	0,1,1	-2	-1
4020	0,1,0	2,7,8	0,1,2	3,7,5	-2	-1
4026	2,1,2	21,24,20	0,0,0	18,19,22	-2	-1
4030	0,0,0	8,15,3	0,0,2	14,11,8	-2	-1
4034	0,1,2	12,13,4	0,1,0	16,6,9	-2	-1
4039	10,12,18	203,159,194	0,3,5	89,103,74	-2	-1
4041	11,20,30	129,126,132	6,9,5	62,82,70	-2	-1
4042	9,17,21	3,0,1	3,9,4	2,2,0	-2	-1
4043	0,2,2	7,8,11	0,0,2	5,19,14	-2	-1
4049	0,0,0	59,56,83	0,2,0	26,104,73	-2	-1
4053	0,2,4	5,12,4	1,2,1	17,10,5	-2	-1
4055	10,13,11	285,166,271	11,8,8	128,174,131	-2	-1
4056	37,14,20	268,192,261	10,18,9	122,227,169	-2	-1
4059	0,0,0	2,3,1	1,0,0	0,5,5	-2	-1
4063	26,22,13	120,144,127	19,23,23	143,143,200	-2	-1
4068	4,7,1	0,0,0	3,0,5	0,1,0	-2	-1
4080	8,13,12	57,82,47	5,6,9	39,44,52	-2	-1
4087	0,1,1	14,20,17	0,1,0	7,25,13	-2	-1
4089	0,3,5	74,86,92	0,3,1	43,45,39	-2	-1
4097	1,4,1	8,6,4	0,0,0	3,4,1	-2	-1
4098	1,2,0	8,6,2	0,0,0	10,13,6	-2	-1
4099	1,5,4	15,30,23	3,2,2	20,19,8	-2	-1
4100	0,1,1	22,15,21	3,1,3	5,17,23	-2	-1
4101	1,2,1	12,9,5	0,3,0	13,14,5	-2	-1
4104	13,24,20	188,227,162	9,24,19	152,222,182	-2	-1
4110	0,0,0	2,1,2	0,2,0	1,1,1	-2	-1
4113	0,2,1	26,26,21	1,1,3	15,13,15	-2	-1
4114	0,1,0	0,2,0	0,0,4	0,1,0	-2	-1
4115	1,0,1	27,33,26	0,0,0	9,27,14	-2	-1
4116	8,20,10	16,43,28	12,6,6	11,16,15	-2	-1
4120	0,5,1	41,35,40	0,0,0	22,16,23	-2	-1
4127	2,5,2	28,49,20	2,1,5	40,27,25	-2	-1
4135	1,2,1	1,9,6	2,1,0	3,2,3	-2	-1
4136	1,2,1	2,29,10	2,1,0	5,8,7	-2	-1
4137	1,2,1	9,74,24	2,1,0	33,14,15	-2	-1
4138	0,1,0	6,5,2	0,0,0	4,4,2	-2	-1
4145	0,1,0	0,0,1	1,2,0	1,5,3	-2	-1
4146	0,1,0	8,21,12	1,2,0	5,20,25	-2	-1
4148	0,1,2	4,8,8	0,0,0	4,12,4	-2	-1
