ID	IJC_SAMPLE_1	SJC_SAMPLE_1	IJC_SAMPLE_2	SJC_SAMPLE_2	IncFormLen	SkipFormLen
0	183,173,202	302,233,283	109,127,112	152,192,221	-2	-2
2	122,93,143	37594,33925,23005	66,73,59	27159,17255,13412	-2	-2
3	3,0,1	52,64,77	0,1,0	39,30,23	-2	-2
4	25,37,31	52,64,77	18,19,27	39,30,23	-2	-2
5	97,97,85	116,102,106	71,101,97	50,58,55	-2	-2
6	97,97,85	1,2,0	71,101,97	1,3,0	-2	-2
7	57,59,54	130,154,105	64,22,17	143,83,76	-2	-2
8	89,118,82	117,113,114	66,55,27	76,90,75	-2	-2
9	1,2,2	103,78,65	3,3,6	76,77,83	-2	-2
10	5,12,15	26,37,32	7,6,7	39,14,16	-2	-2
11	21,20,12	18,22,11	32,22,18	5,6,8	-2	-2
12	21,20,12	24,27,16	32,22,19	14,25,24	-2	-2
13	382,387,360	371,325,406	421,188,197	297,311,287	-2	-2
14	8,7,4	3,11,3	4,9,4	9,4,2	-2	-2
16	20,48,16	30,26,17	34,25,28	31,19,16	-2	-2
17	9,16,10	11,18,16	18,16,20	16,17,7	-2	-2
18	0,1,0	0,0,1	0,0,0	1,1,2	-2	-2
19	1,6,2	15,19,10	0,6,8	17,22,19	-2	-2
20	1,6,2	1,0,1	0,6,8	0,2,3	-2	-2
21	1,0,1	0,1,0	0,1,1	4,5,4	-2	-2
22	19,20,15	0,0,0	6,13,16	1,0,0	-2	-2
24	157,218,438	0,0,0	156,319,263	1,0,0	-2	-2
26	2243,4122,1879	1250,1861,1023	2887,4672,5008	1404,1268,1587	-2	-2
27	1128,2137,905	3178,5165,2390	1472,1526,1750	3315,3968,4508	-2	-2
28	3,1,1	1,7,6	1,0,0	1,4,2	-2	-2
29	11,8,11	0,0,0	5,6,14	0,1,0	-2	-2
30	258,346,238	0,2,1	231,335,305	1,1,0	-2	-2
31	258,346,238	137,176,128	231,335,305	111,170,120	-2	-2
32	464,620,457	0,0,0	404,568,517	3,0,2	-2	-2
33	3,3,4	1,10,3	4,1,0	4,2,3	-2	-2
34	0,0,1	1,13,3	0,1,1	4,1,3	-2	-2
35	17,18,16	11,21,7	18,10,17	21,13,1	-2	-2
36	14,15,17	9,13,6	13,12,14	16,8,6	-2	-2
37	1,7,1	5,5,9	6,5,5	11,7,7	-2	-2
38	9,9,4	11,26,7	8,6,6	5,7,13	-2	-2
39	10,4,9	8,16,4	4,7,12	10,5,4	-2	-2
40	167,359,147	187,377,189	328,183,220	268,353,318	-2	-2
41	41712,39895,49558	17,11,11	29757,23184,20573	3,4,2	-2	-2
42	36665,36137,43986	33403,27650,38760	28844,20219,18419	21032,17372,15614	-2	-2
43	9,11,8	80491,79223,96098	10,5,10	59042,46735,41782	-2	-2
44	98,108,103	64,59,54	90,79,104	46,24,30	-2	-2
45	6,61,26	72,204,73	28,109,141	112,145,147	-2	-2
46	43,134,47	70,153,60	70,140,183	107,150,162	-2	-2
47	5,11,2	3,9,7	8,0,0	8,4,7	-2	-2
48	2,10,5	1,2,1	2,3,1	3,2,1	-2	-2
49	163,187,185	197,158,145	163,145,124	150,142,141	-2	-2
50	45,62,28	41,64,38	42,14,23	33,51,35	-2	-2
51	42,59,29	71,73,68	34,38,30	50,35,49	-2	-2
52	6,16,14	3,4,0	26,13,25	17,5,6	-2	-2
53	11,28,27	5,6,4	32,21,37	16,5,8	-2	-2
54	2,21,2	0,1,0	26,4,7	2,1,0	-2	-2
56	132,151,102	115,137,119	114,106,100	100,74,82	-2	-2
57	17,28,26	20,31,23	17,25,13	18,20,19	-2	-2
59	2,0,1	11,3,5	0,0,1	7,15,6	-2	-2
60	2,0,1	12,6,5	0,0,1	6,16,6	-2	-2
62	0,1,0	7,15,4	0,0,0	2,8,4	-2	-2
64	0,3,0	16,24,9	0,3,0	9,17,13	-2	-2
65	4,7,1	16,24,9	4,11,4	9,17,13	-2	-2
66	9,10,8	16,24,9	6,16,4	9,17,13	-2	-2
67	17,15,26	17,28,29	18,9,6	18,6,8	-2	-2
68	17,15,26	6,2,2	18,9,6	1,0,1	-2	-2
69	1,3,3	10,10,8	2,5,0	19,1,2	-2	-2
71	2,0,2	1,2,1	1,0,0	2,2,1	-2	-2
72	8,8,12	6,8,5	11,8,12	7,2,5	-2	-2
73	322,278,313	335,263,331	285,80,94	217,139,145	-2	-2
74	441,362,476	476,443,490	321,148,136	382,166,199	-2	-2
75	3041,3676,2487	212,415,239	2774,3582,2835	206,364,261	-2	-2
76	10,23,17	942,1232,856	19,23,12	1002,1152,893	-2	-2
77	11,8,23	6,11,10	13,12,14	7,9,4	-2	-2
78	103,164,127	1,2,3	108,132,91	0,0,0	-2	-2
79	83,113,96	68,70,74	87,157,121	87,66,51	-2	-2
80	82,111,93	13,19,17	87,158,121	19,18,18	-2	-2
81	5,6,14	32,26,40	0,13,7	16,26,14	-2	-2
88	181,179,184	0,0,0	120,118,115	4,0,0	-2	-2
89	29,33,31	0,3,2	22,27,21	0,0,1	-2	-2
90	0,7,1	2,4,1	0,1,1	0,0,0	-2	-2
92	4,4,1	5,12,3	0,1,4	11,19,6	-2	-2
93	152,259,167	309,597,213	231,796,672	598,382,385	-2	-2
95	28,50,52	34,46,38	40,38,33	20,29,25	-2	-2
96	6,8,5	49,70,54	1,4,2	71,20,35	-2	-2
97	0,0,2	0,1,2	0,3,1	2,0,0	-2	-2
98	2645,4618,2905	4072,5987,4374	2965,4220,3483	4659,3906,3536	-2	-2
99	55,104,44	55,107,32	85,75,89	107,77,78	-2	-2
100	2,21,4	0,24,3	7,10,1	3,11,3	-2	-2
101	5,9,0	1,4,0	3,6,0	0,2,3	-2	-2
102	48,119,50	70,192,92	57,58,49	129,113,112	-2	-2
104	196,256,215	265,329,332	251,231,215	217,226,235	-2	-2
105	158,237,155	138,151,163	174,153,158	122,139,140	-2	-2
106	47,45,33	38,77,50	18,28,11	19,42,32	-2	-2
107	5,10,6	3,12,4	1,5,8	3,5,3	-2	-2
108	5,3,2	7,11,10	0,0,6	5,2,3	-2	-2
109	14,37,17	63,183,60	44,25,32	130,81,86	-2	-2
112	1,0,5	2,3,3	1,2,1	0,3,3	-2	-2
113	2,0,0	5,9,5	0,1,0	8,11,9	-2	-2
114	8,14,4	8,22,11	8,1,5	10,9,9	-2	-2
116	0,1,0	9,15,6	1,3,0	19,26,17	-2	-2
117	52,117,45	108,172,90	83,45,58	108,114,95	-2	-2
118	7,11,2	63,146,60	7,5,18	66,124,87	-2	-2
119	42,53,26	15,13,5	37,37,28	31,5,12	-2	-2
120	16,15,18	18,17,17	13,1,11	13,16,5	-2	-2
121	0,0,0	148,248,150	0,0,1	226,392,350	-2	-2
122	65,85,55	145,230,173	77,205,162	225,199,248	-2	-2
123	1,0,1	142,228,170	0,0,1	218,198,243	-2	-2
124	0,0,1	76,60,82	3,1,0	39,47,54	-2	-2
127	170,138,159	130,207,142	138,229,208	180,162,122	-2	-2
129	4,3,1	0,1,5	6,2,4	6,0,6	-2	-2
130	20,15,14	35,40,46	15,3,6	26,10,14	-2	-2
131	56,58,31	32,35,25	31,30,49	17,25,37	-2	-2
132	1,2,5	3,5,3	3,2,5	2,2,4	-2	-2
133	3,3,1	76,192,68	0,0,2	132,119,96	-2	-2
134	37,90,47	22,48,22	47,46,59	15,33,23	-2	-2
135	3,10,1	1,11,2	2,6,2	5,5,1	-2	-2
136	20,44,23	15,32,9	24,19,21	13,25,33	-2	-2
137	10,31,4	25,175,54	10,53,41	162,153,145	-2	-2
138	0,5,4	45,83,49	7,2,5	53,66,83	-2	-2
139	15,22,7	9,9,3	11,13,16	3,3,4	-2	-2
140	20,17,20	9,11,9	19,14,19	7,7,9	-2	-2
141	16,20,14	12,19,12	3,3,6	6,5,3	-2	-2
142	1,0,0	12,4,11	0,0,1	9,2,5	-2	-2
143	37,65,24	37,58,21	79,55,50	41,32,36	-2	-2
144	18,11,9	17,22,10	4,8,18	7,6,6	-2	-2
145	0,1,2	28,36,25	0,0,2	20,11,14	-2	-2
147	39,45,61	0,0,2	76,64,63	0,0,0	-2	-2
150	12,33,20	128,180,104	37,7,17	152,136,159	-2	-2
151	7,22,19	0,0,0	9,19,17	0,1,0	-2	-2
153	4,10,8	9,19,12	14,20,12	15,16,27	-2	-2
158	0,0,0	17,18,9	0,0,1	22,11,4	-2	-2
159	0,15,9	4,18,3	3,2,4	1,5,4	-2	-2
160	0,15,6	0,0,0	4,2,4	1,0,0	-2	-2
161	0,15,6	6,28,3	4,2,4	4,6,2	-2	-2
162	0,0,0	6,28,3	1,0,0	4,6,2	-2	-2
163	2,14,3	6,28,7	1,3,3	4,6,2	-2	-2
164	3,1,0	19,17,13	0,1,1	10,15,21	-2	-2
165	25,31,25	13,23,19	24,21,20	11,9,9	-2	-2
167	171,259,130	226,230,229	143,174,182	157,99,114	-2	-2
168	3,5,4	5,5,2	2,1,0	3,6,2	-2	-2
169	6,5,6	181,241,184	3,4,3	136,179,144	-2	-2
170	16,19,11	19,46,9	15,14,16	28,33,38	-2	-2
171	9,13,9	17,46,22	13,25,19	23,34,39	-2	-2
172	92,128,211	260,263,347	135,282,239	224,236,195	-2	-2
173	2,0,0	260,263,347	0,0,0	224,236,195	-2	-2
174	135,114,182	282,334,423	156,198,168	270,192,148	-2	-2
185	5,10,2	8,9,8	11,3,3	8,3,4	-2	-2
187	21,37,22	79,111,39	39,40,47	149,98,132	-2	-2
188	12,28,20	3,3,1	22,24,28	7,3,2	-2	-2
189	30,33,19	29,44,30	21,6,8	30,17,17	-2	-2
190	24,43,25	22,66,26	28,10,25	36,16,31	-2	-2
191	7,15,7	0,7,1	7,10,3	0,0,0	-2	-2
192	0,0,0	0,3,2	0,1,0	1,3,1	-2	-2
194	43,31,18	46,63,43	19,18,12	36,48,44	-2	-2
196	252,178,188	39,23,31	98,250,272	7,11,7	-2	-2
197	5,21,16	11,10,8	15,14,5	11,6,5	-2	-2
198	10,31,19	30,43,24	17,21,25	39,61,30	-2	-2
200	30,13,50	94,5,92	30,25,72	95,20,54	-2	-2
202	1,3,3	1,13,4	11,3,5	4,9,11	-2	-2
203	37,34,17	45,49,34	21,13,3	36,24,39	-2	-2
204	10,13,7	28,25,37	13,24,21	18,11,13	-2	-2
205	24,16,15	29,36,42	27,29,25	23,43,37	-2	-2
207	4,15,11	0,2,1	6,7,12	1,0,1	-2	-2
209	0,0,0	20,15,14	0,2,0	22,19,17	-2	-2
210	222,303,177	89,87,76	222,157,153	96,68,44	-2	-2
211	28,38,19	276,408,271	9,18,17	204,273,247	-2	-2
213	222,261,210	12,31,15	266,152,181	16,13,8	-2	-2
214	151,188,125	0,1,0	150,155,157	0,0,0	-2	-2
216	1,18,2	0,1,1	14,10,7	6,1,3	-2	-2
217	59,103,76	100,100,91	34,39,29	71,82,78	-2	-2
218	36,60,33	43,27,24	32,40,18	24,42,30	-2	-2
221	0,1,0	0,1,0	0,0,0	2,0,0	-2	-2
223	12,9,7	17,11,15	9,16,9	17,23,15	-2	-2
224	1,0,1	1,0,2	2,4,3	0,0,4	-2	-2
225	198,207,219	251,174,221	179,68,57	153,175,149	-2	-2
226	84,137,73	105,137,77	118,101,95	107,47,43	-2	-2
227	3,3,7	7,4,4	3,11,6	2,4,4	-2	-2
228	16,23,22	17,41,28	21,32,32	39,39,27	-2	-2
229	16,23,22	22,32,25	21,32,32	19,34,16	-2	-2
230	79,133,103	121,147,118	111,65,69	96,95,124	-2	-2
232	27,31,32	32,29,24	43,32,19	26,31,12	-2	-2
233	0,0,0	0,3,0	0,1,0	0,0,0	-2	-2
234	10,17,4	15,35,20	16,25,28	32,39,48	-2	-2
235	38,49,34	2,1,1	40,25,15	0,5,1	-2	-2
236	14,13,13	2,1,1	5,6,2	0,5,1	-2	-2
237	2,11,8	6,8,9	6,12,11	19,10,8	-2	-2
238	0,1,6	0,2,3	2,0,0	0,1,1	-2	-2
239	243,202,227	159,177,153	183,112,103	121,120,119	-2	-2
240	0,1,0	11,9,12	0,1,0	11,10,9	-2	-2
241	7,11,2	11,9,12	3,4,1	11,10,9	-2	-2
242	2,7,3	11,9,12	0,4,1	11,10,9	-2	-2
244	10,16,20	33,30,27	9,29,23	29,30,24	-2	-2
245	0,1,0	1,2,0	0,0,0	0,0,1	-2	-2
249	8,13,11	10,14,15	8,8,5	11,7,9	-2	-2
250	12,20,13	16,24,14	24,12,9	14,12,6	-2	-2
251	12,18,7	7,36,13	20,6,18	19,21,18	-2	-2
252	3,7,1	0,0,0	5,8,3	0,2,0	-2	-2
253	3,7,1	2,0,2	5,8,3	2,2,1	-2	-2
254	0,0,0	0,0,2	0,3,0	0,0,2	-2	-2
260	250,564,174	372,666,291	383,564,591	542,504,580	-2	-2
261	4,1,1	2,18,9	6,1,2	25,21,16	-2	-2
262	26,49,19	41,55,28	26,34,44	43,28,38	-2	-2
263	54,74,56	33,41,44	50,47,51	44,24,35	-2	-2
265	0,1,1	0,1,1	2,3,7	7,1,2	-2	-2
266	4,3,0	0,4,0	1,0,0	2,3,2	-2	-2
267	20,64,17	67,117,84	18,30,35	51,77,74	-2	-2
269	47,46,45	62,46,1193	40,40,34	33,9,29	-2	-2
270	3,8,11	8,4,3	6,6,13	1,7,4	-2	-2
273	3,0,0	0,7,3	2,0,0	2,1,1	-2	-2
274	15,50,48	20,50,38	16,16,19	22,22,6	-2	-2
275	0,1,0	1,0,0	1,0,0	0,0,0	-2	-2
276	5,13,3	0,1,0	6,7,4	0,0,0	-2	-2
278	5,8,3	21,31,18	1,8,9	25,37,34	-2	-2
280	1,14,0	0,1,0	2,6,11	2,1,0	-2	-2
281	2,1,0	2,1,2	0,0,0	4,2,0	-2	-2
282	15,14,18	10,22,15	7,14,10	13,8,13	-2	-2
283	52814,47710,66206	43876,33907,48094	25385,27811,20801	14171,25618,18673	-2	-2
284	24,24,19	22,36,17	16,18,12	20,24,11	-2	-2
286	2,3,0	0,0,0	0,3,1	2,0,1	-2	-2
287	79,192,111	61,83,56	102,142,124	80,21,18	-2	-2
289	23,21,37	5,4,3	11,41,28	0,5,4	-2	-2
290	24,26,18	36,27,10	7,13,19	18,23,18	-2	-2
291	0,0,1	1,3,2	2,4,1	0,1,2	-2	-2
292	0,0,1	0,0,0	2,4,1	0,1,0	-2	-2
293	2,7,4	1,7,1	3,0,4	1,0,0	-2	-2
294	2,4,0	0,0,1	1,2,2	0,1,0	-2	-2
296	2,0,0	1,2,1	0,1,2	1,1,0	-2	-2
299	29,51,26	4,8,1	50,27,38	1,5,2	-2	-2
300	2,0,3	1,4,2	1,5,1	3,5,4	-2	-2
301	43,26,52	44,29,25	22,6,5	14,17,13	-2	-2
304	0,0,0	1,3,0	1,1,0	5,2,6	-2	-2
305	0,1,0	1,1,0	0,2,1	2,3,2	-2	-2
306	2,2,3	1,0,0	0,2,2	3,0,0	-2	-2
308	24,31,39	48,68,43	18,26,26	27,23,27	-2	-2
309	1,15,5	4,6,1	8,4,11	4,4,0	-2	-2
311	29,54,33	58,60,56	34,20,29	52,24,32	-2	-2
312	0,5,0	0,17,0	9,0,0	4,0,6	-2	-2
313	1,0,0	1,2,5	0,0,0	6,4,4	-2	-2
314	16,27,22	27,31,29	15,37,14	24,27,14	-2	-2
315	12,26,20	24,24,33	14,11,2	12,2,2	-2	-2
316	12,26,20	31,29,39	14,11,2	15,2,4	-2	-2
317	28,14,16	14,14,5	9,13,12	5,10,14	-2	-2
318	62,30,51	39833,30751,44872	25,32,26	26640,20391,18473	-2	-2
319	37777,28676,41344	39833,30751,44872	24095,19147,17647	26640,20391,18473	-2	-2
320	44,66,37	43,51,39	32,34,42	23,42,30	-2	-2
321	8,17,2	5,13,7	5,9,3	8,14,8	-2	-2
322	12,15,8	10,14,10	8,31,20	5,11,12	-2	-2
323	4,6,3	13,19,11	2,2,5	10,13,15	-2	-2
324	17,28,14	21,22,19	22,18,8	11,21,20	-2	-2
325	7,15,10	18,31,18	14,2,5	26,9,10	-2	-2
327	4,1,3	2,2,3	6,4,5	3,4,2	-2	-2
328	2,5,3	2,10,2	0,2,0	1,7,1	-2	-2
329	2,9,11	4,20,5	9,7,9	9,10,5	-2	-2
331	9,11,7	55,63,49	14,12,12	41,54,48	-2	-2
332	51,85,29	47,60,37	55,47,56	31,56,42	-2	-2
333	3,5,1	0,2,0	5,1,5	0,3,1	-2	-2
334	4,2,1	2,1,3	3,2,4	2,1,1	-2	-2
335	496,520,727	753,1047,1111	443,741,744	821,701,764	-2	-2
336	22,48,20	23,31,20	33,29,34	26,29,20	-2	-2
337	0,2,0	1,5,2	1,0,1	3,1,0	-2	-2
338	41,70,34	48,64,47	57,55,58	81,43,36	-2	-2
339	9,44,24	32,88,29	36,33,31	69,49,65	-2	-2
341	172,160,233	146,200,209	109,58,45	109,104,81	-2	-2
342	5,9,3	3,1,3	9,6,1	3,2,2	-2	-2
343	62,100,58	53,80,38	87,25,33	58,90,67	-2	-2
345	71,106,71	73,120,53	55,23,28	75,80,59	-2	-2
346	11,168,31	85,554,168	36,81,101	243,126,109	-2	-2
347	4,3,0	6,7,1	5,5,8	8,2,6	-2	-2
348	2,10,9	8,1,3	8,8,9	6,11,5	-2	-2
349	0,0,0	1,7,1	1,0,0	2,6,2	-2	-2
351	3,2,0	1,7,1	1,1,4	2,6,2	-2	-2
352	3,4,5	5,14,7	1,1,2	12,24,17	-2	-2
353	2,17,1	2,14,4	12,6,8	11,10,5	-2	-2
354	185,108,312	5,5,2	120,86,100	0,0,0	-2	-2
356	6,1,1	12,14,12	3,4,7	10,22,15	-2	-2
357	1,2,2	12,14,12	6,9,6	10,22,15	-2	-2
359	4,16,8	6,20,3	6,13,9	11,21,7	-2	-2
360	13,21,7	0,0,1	6,24,15	0,0,0	-2	-2
361	14,22,14	1,6,1	15,21,15	2,3,4	-2	-2
362	86,83,144	612,453,615	30,101,121	381,407,526	-2	-2
363	41,38,48	1,0,0	25,43,59	0,0,1	-2	-2
364	0,0,1	5,7,2	1,0,0	5,3,3	-2	-2
365	41,76,41	49,69,26	74,81,60	31,20,25	-2	-2
366	6,8,4	9,15,10	5,4,3	13,12,9	-2	-2
367	9,29,24	41,28,37	17,24,37	29,30,29	-2	-2
368	9,21,10	10,11,19	12,15,15	15,22,15	-2	-2
369	9,21,10	3,0,0	12,14,17	1,1,0	-2	-2
370	16,31,15	23,38,18	19,22,20	16,20,30	-2	-2
371	1,0,0	23,19,15	0,1,0	15,27,21	-2	-2
372	3,4,1	26,19,15	0,0,1	15,28,19	-2	-2
373	13,25,28	4,11,4	16,25,20	8,3,6	-2	-2
374	11,11,19	23,19,15	14,22,15	16,27,19	-2	-2
375	24,39,18	22,23,16	16,20,31	18,13,18	-2	-2
376	8,15,7	23,19,11	6,4,9	23,13,18	-2	-2
377	8,12,6	18,12,14	3,6,11	18,20,18	-2	-2
379	0,4,7	31,35,39	4,1,1	28,34,32	-2	-2
380	22,17,26	31,36,39	24,13,18	28,34,32	-2	-2
381	2,2,2	30,46,46	1,2,0	47,37,35	-2	-2
384	57,157,70	103,176,119	143,110,128	183,121,91	-2	-2
385	4,11,11	447,518,646	10,8,6	329,407,335	-2	-2
386	1160,997,897	1523,1219,1227	804,993,780	903,1671,1269	-2	-2
387	1101,1181,778	1211,1189,878	794,1254,999	886,846,709	-2	-2
388	565,691,371	769,911,580	558,437,345	652,600,485	-2	-2
389	659,919,506	643,917,479	773,1102,882	577,1053,871	-2	-2
390	541,896,387	404,610,318	794,1068,904	543,462,304	-2	-2
391	23,39,31	24,21,18	30,35,23	20,18,16	-2	-2
392	7,24,6	4,9,4	32,15,21	8,10,4	-2	-2
393	8,4,5	1,8,3	4,4,0	3,5,1	-2	-2
395	109,83,62	142,153,127	55,77,56	127,167,123	-2	-2
396	31,46,30	83,93,50	33,25,14	59,62,68	-2	-2
397	6,11,3	12,14,5	8,11,4	11,12,14	-2	-2
398	12,19,7	3,13,7	20,10,11	2,21,13	-2	-2
399	657,612,646	1051,836,943	499,598,531	712,777,728	-2	-2
402	26,49,18	1,0,0	34,32,40	0,0,0	-2	-2
403	1,11,4	1,3,7	0,4,1	1,1,0	-2	-2
405	49,44,25	19,17,20	38,32,31	10,19,11	-2	-2
406	44,97,41	50,65,52	62,44,51	56,39,38	-2	-2
408	16,40,30	23,21,14	27,8,20	16,27,21	-2	-2
412	80,73,64	80,99,101	36,52,46	81,70,53	-2	-2
422	3,2,4	3,10,6	3,2,10	6,6,7	-2	-2
423	0,1,0	4,1,2	1,2,2	3,6,2	-2	-2
427	4,13,3	103,120,85	7,3,1	87,103,116	-2	-2
428	0,0,2	2123,1837,1940	0,0,0	1702,924,1010	-2	-2
429	598,666,538	2123,1837,1940	511,266,321	1702,924,1010	-2	-2
430	1,0,3	0,0,0	2,2,2	4,3,2	-2	-2
431	52,114,28	0,2,2	154,120,135	2,2,0	-2	-2
434	13,41,33	52,78,65	21,55,52	46,95,68	-2	-2
435	0,1,2	8,10,7	1,8,3	18,21,10	-2	-2
437	9,19,11	24,28,19	13,12,3	19,33,27	-2	-2
438	160,262,108	94,184,58	228,168,148	87,70,73	-2	-2
439	30,39,41	81,66,76	18,28,11	40,93,66	-2	-2
440	66,67,57	80,65,76	32,39,55	40,94,66	-2	-2
441	55,71,63	71,80,78	46,52,45	37,52,33	-2	-2
442	1,6,0	9,15,2	1,4,4	2,10,8	-2	-2
443	61,80,68	100,116,82	42,61,59	84,62,46	-2	-2
444	882,1529,803	63,102,97	1356,2232,2297	72,112,88	-2	-2
445	2759,4192,2668	63,102,97	3921,4069,4081	72,112,88	-2	-2
446	26,30,21	30,61,37	15,27,24	38,35,23	-2	-2
448	1,0,1	1,0,0	0,0,1	0,1,1	-2	-2
449	58,111,45	139,178,127	105,92,78	135,129,124	-2	-2
450	0,0,2	86,119,64	1,0,0	98,79,89	-2	-2
451	81,138,87	96,133,73	102,114,123	107,93,100	-2	-2
452	3,5,6	0,2,0	4,5,8	0,0,0	-2	-2
453	58,99,71	6,3,3	82,54,61	1,4,6	-2	-2
454	12,17,16	7,18,20	10,12,12	15,15,14	-2	-2
457	3,12,5	2,13,3	6,6,7	17,8,10	-2	-2
458	12,17,13	31,43,28	9,16,13	24,29,33	-2	-2
459	12,17,13	0,0,0	9,16,14	0,1,0	-2	-2
462	11,17,11	0,3,1	3,12,9	0,0,0	-2	-2
463	9,16,16	12,17,20	22,16,9	19,22,11	-2	-2
464	11,15,20	1,13,10	23,17,14	7,7,12	-2	-2
465	3,10,4	4,28,4	5,20,19	21,21,31	-2	-2
466	1,6,2	2,24,0	4,12,0	31,15,9	-2	-2
467	0,4,0	10,16,8	5,2,3	25,16,21	-2	-2
468	6,11,5	40,98,34	9,26,42	75,78,112	-2	-2
470	52,68,54	40,25,23	47,58,47	16,28,15	-2	-2
471	3,3,1	5,5,3	2,3,1	7,5,5	-2	-2
473	2,8,1	3,10,5	4,10,4	7,5,8	-2	-2
474	1,0,2	2,0,0	1,2,0	0,0,0	-2	-2
475	37,39,38	45,29,46	41,28,24	55,13,28	-2	-2
477	417,425,358	686,627,756	478,197,156	761,377,347	-2	-2
478	1,0,1	0,0,3	1,3,0	0,0,1	-2	-2
479	0,0,1	1,2,1	1,2,0	2,0,1	-2	-2
480	0,0,3	1,2,1	0,0,0	2,0,1	-2	-2
481	0,0,1	2,1,1	0,0,0	1,1,1	-2	-2
482	5,8,5	7,17,4	5,8,7	20,10,7	-2	-2
483	1,8,4	1,3,1	4,3,2	0,2,0	-2	-2
484	33,51,27	54,64,44	33,24,32	34,32,50	-2	-2
485	148,207,136	142,129,117	177,60,80	146,112,88	-2	-2
486	83,100,75	2,2,0	75,52,50	0,1,0	-2	-2
487	66,139,92	4,8,3	120,90,112	2,4,2	-2	-2
488	66,139,92	3,0,7	120,90,112	0,2,1	-2	-2
489	65,141,92	132,152,123	120,90,112	154,47,66	-2	-2
498	7,1,1	665,574,632	5,2,1	554,402,416	-2	-2
499	6,18,10	6,22,11	9,16,13	8,3,15	-2	-2
500	3,2,4	10,3,12	7,2,0	15,2,0	-2	-2
501	0,7,0	2,11,6	8,3,1	5,3,9	-2	-2
502	36,79,36	1,0,0	49,35,42	0,0,0	-2	-2
503	22,73,29	6,15,12	43,54,35	19,12,16	-2	-2
504	26,51,30	18,46,13	53,38,34	25,29,32	-2	-2
505	0,5,1	13,25,6	0,3,6	15,27,21	-2	-2
506	1,2,0	40,49,53	1,5,3	44,38,34	-2	-2
507	11,17,15	23,19,19	8,18,4	21,3,6	-2	-2
509	1,1,5	12,6,2	1,8,4	7,11,7	-2	-2
510	0,0,3	0,1,0	1,7,3	0,0,1	-2	-2
511	1,0,0	3,1,0	4,0,1	0,1,0	-2	-2
512	0,1,2	1,1,0	0,0,1	0,1,1	-2	-2
515	1,0,0	0,3,0	0,0,0	2,1,0	-2	-2
516	11,12,4	16,28,15	8,12,10	12,15,33	-2	-2
517	121,123,99	83,52,61	87,32,39	44,29,41	-2	-2
518	0,0,2	63,52,74	0,0,1	52,67,45	-2	-2
519	2,6,2	1,0,2	3,3,2	0,2,0	-2	-2
521	6,17,5	6,15,11	5,14,4	12,16,6	-2	-2
522	0,4,1	14,8,3	0,1,3	1,3,3	-2	-2
524	17,39,42	64,98,60	23,18,19	76,66,83	-2	-2
525	3,10,7	6,11,5	9,9,6	6,8,11	-2	-2
527	150,113,200	155,128,131	116,23,20	99,52,65	-2	-2
528	12,19,11	37,15,30	12,23,13	18,21,11	-2	-2
530	3,16,0	6,10,0	25,7,15	9,4,2	-2	-2
531	2,8,4	2,4,1	26,6,5	3,2,1	-2	-2
532	6,11,5	6,13,4	28,6,6	15,15,14	-2	-2
533	2,8,4	2,3,0	26,6,5	1,3,0	-2	-2
534	10,19,4	2,2,0	23,16,16	3,0,0	-2	-2
535	33,44,15	4,9,9	62,30,43	13,1,3	-2	-2
536	12,27,22	28,33,34	11,14,16	14,21,16	-2	-2
537	1,4,2	1,11,5	1,1,1	6,3,3	-2	-2
538	20,16,24	0,1,0	19,17,14	0,0,0	-2	-2
539	1,6,3	3,1,1	2,6,4	1,3,0	-2	-2
540	1426,2127,1801	2645,3608,2612	1280,4549,3642	2273,3101,2582	-2	-2
541	2,5,0	18,23,9	1,9,7	15,16,22	-2	-2
542	8,33,16	0,1,0	19,28,31	0,0,0	-2	-2
544	80,79,99	46,27,35	101,45,54	15,28,15	-2	-2
545	82,78,82	69,92,103	87,48,49	101,51,44	-2	-2
546	0,0,1	0,1,1	0,0,1	3,1,3	-2	-2
548	6,10,4	4,17,19	5,5,3	5,12,8	-2	-2
549	9,3,71	5,1,74	69,3,3	48,2,3	-2	-2
551	0,0,5	0,0,12	0,0,0	1,2,0	-2	-2
552	0,0,40	0,0,16	2,0,0	1,0,0	-2	-2
553	0,0,40	0,0,26	2,0,0	4,0,0	-2	-2
554	0,0,40	0,0,4	2,0,0	0,0,0	-2	-2
555	0,0,40	0,0,2	2,0,0	4,0,0	-2	-2
556	0,0,40	1,0,25	2,0,0	4,0,0	-2	-2
557	23,10,68	3,0,0	38,8,6	4,0,3	-2	-2
559	42,23,99	0,1,0	60,30,6	2,0,0	-2	-2
560	14,10,52	4,10,69	68,25,18	90,21,14	-2	-2
561	25032,21746,22634	10849,10042,9954	16236,20277,16962	6246,6201,5595	-2	-2
562	17,29,10	10,37,10	16,38,30	23,19,8	-2	-2
564	16,15,11	18,17,14	9,10,11	7,11,13	-2	-2
565	16,15,11	3,4,2	9,10,11	1,4,1	-2	-2
566	3,5,8	23,10,14	8,11,13	11,10,10	-2	-2
567	875,898,337	2760,1868,2000	681,697,450	1506,2193,1496	-2	-2
570	1175,1021,1007	1916,1686,1853	1005,672,688	1659,1096,1104	-2	-2
572	3,12,6	8,6,2	6,2,2	16,5,5	-2	-2
573	4,13,10	6,10,2	12,3,8	10,5,3	-2	-2
574	0,0,1	3,9,3	1,0,0	12,8,2	-2	-2
575	2,14,1	3,9,3	14,3,5	12,8,2	-2	-2
576	0,3,0	0,2,0	3,1,0	2,0,0	-2	-2
577	0,3,0	0,2,0	4,1,0	2,0,0	-2	-2
578	1,1,0	12,9,2	1,0,0	5,0,1	-2	-2
579	10,15,7	13,14,20	11,10,6	16,9,5	-2	-2
580	83,88,67	87,119,68	56,46,65	84,59,44	-2	-2
581	48,34,55	6,9,5	34,20,27	8,10,8	-2	-2
582	44,29,24	71,68,70	21,19,14	55,45,49	-2	-2
583	922,864,1225	60903,57352,62684	636,2104,1918	41575,45792,40191	-2	-2
584	7568,10822,10956	60903,57352,62685	8470,6160,4991	41575,45792,40192	-2	-2
585	56,50,116	923,864,1225	26,44,73	636,2104,1918	-2	-2
586	56,50,116	20537,20647,22447	26,44,73	16288,16608,15964	-2	-2
587	13,31,41	19615,19783,21224	20,66,37	15652,14507,14050	-2	-2
590	1,0,0	0,0,0	1,0,0	5,0,0	-2	-2
591	0,0,0	121,161,117	2,0,0	155,126,77	-2	-2
592	7,3,14	625,543,509	7,10,4	663,451,301	-2	-2
593	21,31,29	572,627,487	20,64,38	634,528,360	-2	-2
594	0,0,1	1,0,0	0,0,2	0,0,0	-2	-2
595	3,3,3	18,17,18	3,0,0	14,26,23	-2	-2
596	61,80,44	91,65,58	56,94,53	71,87,89	-2	-2
605	0,0,0	0,1,1	1,0,0	0,1,1	-2	-2
606	3,3,2	0,2,0	0,1,4	0,0,0	-2	-2
607	0,3,1	12,20,7	3,2,0	16,27,22	-2	-2
608	0,3,4	0,0,1	4,1,5	0,0,0	-2	-2
609	2,4,2	0,4,4	3,6,1	0,0,1	-2	-2
610	0,0,1	0,4,2	3,2,0	2,2,0	-2	-2
611	1,17,6	1,8,5	5,7,3	6,9,8	-2	-2
612	0,1,0	6,7,5	2,0,0	7,6,7	-2	-2
616	158,195,623	191,223,800	110,135,148	178,155,154	-2	-2
618	3,15,2	4,18,3	12,9,8	16,13,13	-2	-2
619	6,23,10	10,20,3	13,17,29	20,15,12	-2	-2
620	9,2,6	8,8,9	2,2,2	6,7,6	-2	-2
623	4,6,8	570,1214,581	3,10,7	846,493,468	-2	-2
624	1290,1982,1515	1307,1694,1451	1115,1415,1426	957,1094,1142	-2	-2
625	0,0,2	0,0,1	3,1,0	0,0,0	-2	-2
626	2125,1793,2311	1881,1607,1715	1456,2096,2485	1218,720,790	-2	-2
627	786,823,1088	3175,2047,3063	502,1102,1129	2088,1513,1791	-2	-2
629	1,2,0	0,0,0	0,0,0	0,1,1	-2	-2
630	13,14,20	32,24,23	10,19,29	9,16,17	-2	-2
632	2,4,0	22,41,8	4,0,1	42,36,33	-2	-2
633	1,3,1	0,1,0	1,1,1	0,0,0	-2	-2
634	116,117,76	686,754,718	51,78,64	562,492,416	-2	-2
635	4,8,0	0,3,2	11,12,11	5,1,1	-2	-2
637	1,4,1	2,5,0	2,2,0	12,15,8	-2	-2
638	9,59,23	105,240,85	38,77,85	226,201,186	-2	-2
639	7,15,5	78,219,88	8,18,11	218,300,260	-2	-2
640	2,5,2	10,11,1	1,4,2	2,1,1	-2	-2
641	146,112,183	89,84,94	112,29,38	113,27,34	-2	-2
642	36,31,20	43,45,33	27,15,14	49,29,32	-2	-2
643	124,48,120	141,98,169	35,33,0	106,109,69	-2	-2
644	106,100,91	160,123,172	59,76,50	134,108,89	-2	-2
645	3,0,2	160,123,172	0,0,0	134,108,89	-2	-2
646	495,475,410	652,621,538	516,616,596	569,692,700	-2	-2
647	26,23,16	37,23,40	14,16,22	36,23,31	-2	-2
648	16,17,20	24,23,19	5,12,19	16,14,13	-2	-2
649	22,29,27	34,55,37	30,18,21	46,32,28	-2	-2
650	24,48,17	46,45,37	20,30,37	38,32,29	-2	-2
654	34,83,30	2,4,1	48,59,42	6,2,6	-2	-2
655	31,76,26	2,4,1	33,46,39	6,2,6	-2	-2
657	9,14,4	2,1,4	3,10,14	5,5,3	-2	-2
658	10,18,5	0,0,0	3,10,14	0,0,1	-2	-2
659	0,6,5	12,7,7	9,2,9	9,8,14	-2	-2
660	41,24,11	0,0,0	23,22,12	1,0,0	-2	-2
661	19,18,17	0,2,0	14,8,6	0,0,0	-2	-2
662	41,24,11	16,20,9	23,22,12	27,7,10	-2	-2
663	19,18,17	16,22,9	14,8,6	26,7,10	-2	-2
664	19,18,17	0,0,0	14,8,6	1,4,3	-2	-2
665	16,17,17	43,31,10	15,8,6	12,21,18	-2	-2
666	57,28,38	78,43,43	13,49,21	26,61,20	-2	-2
668	4,9,2	0,0,1	1,0,5	1,0,0	-2	-2
669	7,16,9	11,24,18	12,10,11	9,7,9	-2	-2
670	4,9,1	14,16,7	9,5,6	7,4,7	-2	-2
671	0,9,2	8,17,12	4,1,1	12,9,7	-2	-2
672	95,203,135	107,163,125	215,134,115	167,125,134	-2	-2
673	42,53,26	63,131,60	29,30,29	46,58,46	-2	-2
674	137,180,193	92,134,129	109,122,106	78,44,53	-2	-2
675	135,179,190	195,209,212	107,122,106	114,92,73	-2	-2
676	26,35,24	30,35,32	34,47,33	47,42,37	-2	-2
677	0,1,3	9,13,14	0,4,0	16,2,7	-2	-2
679	1,1,1	0,2,2	2,0,2	2,0,0	-2	-2
680	3,4,1	1,0,0	2,3,4	0,0,1	-2	-2
681	36,40,40	31,27,25	20,25,30	11,14,9	-2	-2
684	0,3,3	1,2,1	2,2,1	4,4,0	-2	-2
685	3,8,0	2,8,2	5,0,1	19,6,8	-2	-2
686	35,66,28	86,91,93	31,29,33	83,58,63	-2	-2
687	35,66,28	1,0,0	31,29,33	0,0,0	-2	-2
688	29,57,44	51,29,27	49,37,45	33,24,29	-2	-2
689	90,55,203	105,59,253	96,90,50	135,102,58	-2	-2
691	2,11,5	1,2,0	11,1,7	2,0,0	-2	-2
692	24,15,31	2,6,6	15,5,7	0,4,1	-2	-2
695	1,0,1	5,11,8	0,4,1	5,7,15	-2	-2
696	5,9,5	0,9,2	9,5,8	18,12,12	-2	-2
699	5,3,0	1,6,1	3,2,6	8,5,5	-2	-2
700	4,5,10	10,20,9	10,5,6	6,3,8	-2	-2
701	21,20,26	9,6,8	6,6,15	5,21,3	-2	-2
702	542,381,501	856,670,715	377,705,693	686,561,472	-2	-2
703	562,514,645	4,2,1	350,1149,1031	3,3,1	-2	-2
704	560,515,645	466,518,333	350,1149,1031	269,191,179	-2	-2
705	19,27,25	13,17,8	20,24,16	13,6,2	-2	-2
706	0,0,1	0,2,3	0,0,0	0,0,2	-2	-2
707	0,2,0	1,0,0	0,2,0	0,0,0	-2	-2
709	12,8,9	104,88,138	5,21,26	68,146,129	-2	-2
710	8,3,5	49,40,58	10,16,13	30,59,49	-2	-2
717	6,13,8	14,21,6	17,5,4	15,20,6	-2	-2
720	30,55,53	90,84,92	32,35,42	77,85,70	-2	-2
722	11,16,13	60,87,48	16,15,34	75,64,97	-2	-2
723	2667,2283,2647	920,841,910	1091,1464,1471	273,561,613	-2	-2
724	2026,2012,1964	3144,2650,3174	742,895,1153	1075,2079,2275	-2	-2
725	1905,1960,1871	2154,1878,2099	661,1560,1728	853,1201,1179	-2	-2
726	7,10,2	1,3,1	6,4,3	4,1,3	-2	-2
727	7,10,2	0,0,0	6,4,3	0,1,0	-2	-2
730	10,36,11	18,24,12	28,7,14	22,2,2	-2	-2
731	234,283,253	757,610,611	123,359,313	356,149,133	-2	-2
733	6,6,0	3,7,1	5,6,3	0,1,2	-2	-2
738	4,5,1	24,52,23	9,2,2	30,13,12	-2	-2
739	80,136,56	6,14,4	82,33,36	3,1,6	-2	-2
740	1,1,0	0,0,1	0,0,0	1,0,0	-2	-2
741	0,1,0	101,260,94	1,0,0	149,177,195	-2	-2
742	74,152,56	101,260,94	67,121,131	149,177,195	-2	-2
743	74,152,56	0,1,0	67,121,131	1,0,0	-2	-2
744	312,487,259	0,1,0	335,487,523	1,0,0	-2	-2
745	170,283,126	136,277,112	230,209,259	225,171,200	-2	-2
746	266,546,175	207,487,178	429,312,375	298,279,327	-2	-2
747	14,39,11	15,23,12	37,28,26	27,8,8	-2	-2
748	14,11,10	14,15,10	9,6,8	4,7,10	-2	-2
749	1,0,0	41,72,50	1,0,0	50,43,43	-2	-2
750	1,12,0	2,3,2	4,7,2	5,1,1	-2	-2
751	3,13,3	25,20,11	13,17,13	35,17,12	-2	-2
752	49,59,57	42,58,44	35,26,22	32,37,33	-2	-2
753	30,47,38	208,308,204	18,10,21	223,227,217	-2	-2
754	91,89,113	119,73,164	102,75,46	114,97,58	-2	-2
755	11,23,13	22,44,32	9,26,25	24,35,41	-2	-2
756	0,2,1	22,44,32	0,0,4	24,35,41	-2	-2
757	4,17,1	3,9,3	17,14,6	10,6,1	-2	-2
758	8,2,3	13,11,8	1,11,6	7,10,7	-2	-2
761	2,10,2	4,14,7	12,6,9	11,8,10	-2	-2
762	11,17,8	10,33,14	18,6,9	14,15,21	-2	-2
764	189,380,160	0,1,0	573,302,233	0,0,0	-2	-2
765	24,53,17	129,271,113	64,57,48	255,300,293	-2	-2
766	0,1,1	113,111,139	1,1,0	109,58,63	-2	-2
767	0,1,1	173,168,219	1,1,0	100,158,145	-2	-2
768	49,48,55	113,111,139	21,43,45	109,56,63	-2	-2
769	507,458,470	1,1,0	363,324,254	2,2,1	-2	-2
770	572,597,619	532,478,503	517,183,194	403,332,337	-2	-2
772	45,94,49	36,88,39	90,135,132	52,55,79	-2	-2
774	1,0,1	0,0,0	2,1,1	2,0,1	-2	-2
775	1,0,0	20,25,14	2,2,1	19,16,9	-2	-2
776	806,615,1018	1207,996,1204	323,944,844	461,976,943	-2	-2
777	1438,1399,1810	1224,952,1332	670,1690,1702	578,983,945	-2	-2
780	1,3,3	7,8,3	1,3,0	3,9,2	-2	-2
781	1,1,0	6,1,1	0,5,2	3,4,2	-2	-2
782	11,37,15	51,116,46	30,25,31	93,35,43	-2	-2
783	34,69,31	41,69,69	41,39,34	49,69,35	-2	-2
784	0,0,2	20,36,23	0,2,0	23,18,8	-2	-2
785	19,29,11	28,46,15	15,18,26	39,60,42	-2	-2
786	27,34,19	26,38,17	31,26,28	10,30,16	-2	-2
787	500,687,482	867,1002,751	499,1068,1110	732,1162,1080	-2	-2
788	9,10,15	5,7,6	8,26,30	7,15,10	-2	-2
789	1147,897,1142	2387,1785,2353	779,936,774	1695,1417,1305	-2	-2
790	1444,1266,1438	1,3,1	1298,1159,955	3,3,0	-2	-2
791	1444,1268,1438	1497,1287,1596	1298,1159,955	973,1255,1095	-2	-2
792	1791,1579,1405	1146,894,1142	1426,1068,842	776,936,774	-2	-2
793	101,113,110	527,605,637	118,66,80	634,304,282	-2	-2
794	49,161,57	106,161,87	62,81,65	98,90,86	-2	-2
795	63,84,40	84,183,85	58,55,35	81,134,129	-2	-2
796	4,3,1	116,192,141	2,5,2	95,218,164	-2	-2
798	0,2,2	0,1,4	2,0,1	0,0,1	-2	-2
800	8,3,1	19,23,33	0,4,1	14,38,34	-2	-2
801	2,3,0	10,10,17	1,3,1	3,30,21	-2	-2
803	294,332,258	217,193,182	239,184,155	158,173,164	-2	-2
806	8,35,10	24,44,21	25,26,35	48,51,53	-2	-2
807	5,14,4	1,6,0	17,13,9	2,1,1	-2	-2
808	1,1,0	16,20,20	4,3,8	14,22,24	-2	-2
809	11,28,17	15,33,10	33,26,28	39,20,34	-2	-2
811	6,11,7	5,15,4	8,6,6	14,13,11	-2	-2
812	0,2,5	0,0,4	1,0,0	0,0,0	-2	-2
814	11,24,21	329,669,275	18,61,44	569,557,496	-2	-2
815	9,28,11	13,27,9	17,9,9	16,24,22	-2	-2
816	2,15,7	9,13,10	9,7,10	25,16,14	-2	-2
817	5,21,14	15,29,9	25,10,11	62,19,21	-2	-2
818	7,24,13	15,29,11	32,18,10	62,19,21	-2	-2
819	6,10,7	5,7,0	12,2,6	8,5,8	-2	-2
820	43,82,30	22,28,29	50,57,84	24,31,35	-2	-2
821	0,1,0	40,74,39	0,0,1	38,38,43	-2	-2
822	22,26,11	40,84,40	21,37,21	38,39,49	-2	-2
823	15,33,26	16,21,20	20,12,21	17,5,13	-2	-2
824	16,44,8	14,20,17	12,19,27	17,6,10	-2	-2
825	12,24,13	0,1,0	17,9,8	0,0,0	-2	-2
826	26,42,25	27,26,7	37,23,28	20,31,14	-2	-2
827	20,39,16	17,37,16	17,26,13	15,24,20	-2	-2
828	39,56,20	1,3,2	42,31,42	2,2,0	-2	-2
829	39,56,20	32,50,31	42,31,42	60,25,7	-2	-2
830	23,53,22	54,58,44	27,14,16	37,57,44	-2	-2
831	23,36,15	43,41,25	36,61,78	27,40,39	-2	-2
832	2,5,2	0,2,0	2,4,3	0,1,1	-2	-2
833	67,43,27	489,358,335	32,48,28	299,400,324	-2	-2
834	2,0,7	7,11,11	0,0,0	12,7,14	-2	-2
835	141,96,147	110,53,95	65,70,88	50,23,32	-2	-2
837	3,2,0	10,3,1	0,1,7	4,3,0	-2	-2
838	5,2,7	3,9,0	4,4,0	0,2,0	-2	-2
839	5,7,0	11,12,5	3,1,0	3,5,1	-2	-2
840	1450,1252,1415	1710,1218,1696	892,1292,1079	905,1225,1174	-2	-2
841	13,20,20	20,11,9	8,10,20	8,4,5	-2	-2
842	14,10,8	11,9,10	13,11,11	10,8,11	-2	-2
843	78,166,75	248,417,216	101,104,63	275,490,409	-2	-2
844	46,134,53	4,3,0	112,77,69	1,0,0	-2	-2
845	303,231,485	1350,893,1461	128,345,403	738,324,366	-2	-2
846	1,4,1	1,3,3	3,4,0	2,0,0	-2	-2
847	168,93,206	293,151,357	147,29,22	207,87,69	-2	-2
848	1,0,1	0,0,3	0,2,0	0,0,0	-2	-2
849	31,100,44	42,74,60	53,100,82	62,106,98	-2	-2
853	1,0,0	0,0,0	0,0,1	0,0,2	-2	-2
856	389,501,508	1043,1290,1168	309,710,668	809,435,418	-2	-2
857	26,11,18	1150,1182,1212	10,4,10	959,670,572	-2	-2
858	784,714,811	1200,1225,1255	523,417,339	987,728,612	-2	-2
859	769,707,798	864,566,996	515,417,333	475,552,577	-2	-2
860	40,65,38	30,51,21	48,52,69	54,40,21	-2	-2
861	9,7,7	350,370,450	5,4,8	254,137,144	-2	-2
862	7,7,11	232,233,292	6,1,3	175,88,89	-2	-2
863	7,5,5	13,5,9	0,1,5	6,5,8	-2	-2
864	2,12,9	1,5,0	8,2,6	3,4,3	-2	-2
865	13,5,8	1,6,0	5,0,0	3,4,3	-2	-2
866	13,8,11	1,5,0	4,2,4	3,4,3	-2	-2
867	0,1,0	1,5,1	0,0,1	3,0,4	-2	-2
881	15,49,12	18,55,35	15,51,24	20,72,37	-2	-2
883	41,20,39	28,21,27	14,8,4	12,16,13	-2	-2
884	2,2,0	27,22,27	1,0,3	12,16,13	-2	-2
885	15,16,11	13,23,11	19,4,8	11,6,10	-2	-2
886	46,104,77	13,20,38	36,134,87	14,5,11	-2	-2
887	46,105,79	5701,6596,8369	36,138,91	3347,4020,4176	-2	-2
888	290,386,306	16390,22642,29651	192,598,430	10190,19867,20165	-2	-2
889	291,386,308	1076,1177,1840	194,598,429	745,1806,1415	-2	-2
890	291,386,308	4851,4335,7074	194,598,429	2866,2558,2534	-2	-2
891	294,385,305	2473,2553,2044	192,603,430	2143,3154,2155	-2	-2
892	294,385,305	94,93,184	192,603,430	43,43,43	-2	-2
893	297,391,315	565,758,1655	195,606,440	428,1313,1101	-2	-2
894	1076,1177,1840	4851,4335,7074	745,1806,1415	2866,2558,2534	-2	-2
895	2473,2553,2044	94,93,184	2143,3154,2155	43,43,43	-2	-2
896	1149,1522,998	4851,4336,7072	791,2125,1513	2866,2551,2531	-2	-2
897	6455,8470,3892	94,93,184	6282,9183,7424	43,43,43	-2	-2
898	6455,8470,3892	703,622,830	6282,9183,7424	372,316,194	-2	-2
899	747,1182,773	14,23,21	511,1645,1203	21,18,16	-2	-2
900	848,1329,881	4803,6143,7518	607,1783,1348	3434,2276,2564	-2	-2
901	848,1329,881	4049,3947,3383	607,1783,1348	3709,1879,1479	-2	-2
902	94,93,184	703,622,830	43,43,43	372,316,194	-2	-2
906	1458,2210,3273	874,783,943	907,2104,1826	512,536,316	-2	-2
907	811,1524,1770	420,602,291	469,1527,1358	344,906,671	-2	-2
908	816,1531,1775	5566,6776,8197	471,1531,1362	3933,3189,3213	-2	-2
909	816,1531,1775	11621,12727,7140	471,1531,1362	11087,10779,8535	-2	-2
910	816,1531,1775	146,153,208	471,1531,1362	106,89,63	-2	-2
911	5,6,10	14,23,21	5,6,4	21,18,16	-2	-2
912	4803,6143,7518	4049,3947,3383	3434,2276,2564	3709,1879,1479	-2	-2
913	38,35,47	420,602,291	19,77,35	344,906,671	-2	-2
914	5566,6776,8197	11621,12727,7140	3933,3189,3213	11087,10779,8535	-2	-2
915	5566,6776,8197	146,153,208	3933,3189,3213	106,89,63	-2	-2
916	1570,1655,2861	72,109,211	737,2702,2521	51,124,92	-2	-2
917	24534,29649,40449	4675,4622,4859	15432,22441,23407	4142,2399,1912	-2	-2
918	24534,29649,40449	142,150,207	15432,22441,23407	97,84,61	-2	-2
919	11621,12727,7140	146,153,208	11087,10779,8535	106,89,63	-2	-2
920	4675,4622,4859	142,150,207	4142,2399,1912	97,84,61	-2	-2
921	9482,8671,9953	214,220,327	7104,5717,4130	133,163,132	-2	-2
922	0,2,1	4329,4921,4976	1,1,3	2654,1311,1416	-2	-2
923	20120,20915,25025	51755,52371,53601	13735,19072,18049	34739,12211,11518	-2	-2
924	20066,17242,48305	71714,64634,44313	13640,14887,13244	39114,30362,26479	-2	-2
926	1,8,3	3,7,0	3,5,10	3,5,7	-2	-2
927	10,7,13	18,31,24	5,19,20	24,32,15	-2	-2
929	30,13,30	13,15,22	14,22,19	5,11,10	-2	-2
931	7,15,10	3,4,0	7,10,8	4,3,6	-2	-2
932	0,0,0	8,8,4	1,0,1	2,5,6	-2	-2
933	1,0,0	3,4,0	1,1,0	4,3,6	-2	-2
934	0,0,0	1,5,1	0,2,0	3,4,2	-2	-2
935	1,4,0	1,2,0	3,1,1	2,1,2	-2	-2
936	42,128,45	21,59,13	125,82,90	58,34,30	-2	-2
937	8,8,7	276,240,320	2,12,6	148,257,220	-2	-2
938	1,0,0	0,3,2	0,0,0	0,1,0	-2	-2
953	14,30,13	0,0,1	21,14,14	0,0,0	-2	-2
954	304,353,281	518,353,446	182,155,132	260,136,115	-2	-2
955	10,7,0	12,9,18	5,1,6	5,13,6	-2	-2
956	214,213,277	201,209,236	196,115,109	200,65,72	-2	-2
957	11,23,12	67,64,36	20,64,51	117,70,59	-2	-2
958	3,9,3	67,67,36	3,11,5	118,70,62	-2	-2
959	0,1,0	0,3,2	0,0,1	1,0,0	-2	-2
960	0,1,0	0,2,2	0,0,1	1,0,0	-2	-2
961	15,28,5	11,36,14	22,9,11	23,8,15	-2	-2
962	13,25,9	20,58,16	21,20,20	30,28,32	-2	-2
963	169,127,154	145,130,96	95,93,84	83,114,105	-2	-2
964	12,27,17	12,36,21	19,25,26	13,11,18	-2	-2
965	6,14,7	10,7,2	15,5,24	16,13,11	-2	-2
966	417,414,454	549,482,503	396,565,551	515,594,526	-2	-2
967	34,85,40	60,111,35	88,90,69	63,96,94	-2	-2
969	10,11,21	6,6,6	18,11,8	4,2,8	-2	-2
971	127,207,143	432,590,314	110,83,66	448,378,272	-2	-2
972	127,207,143	431,596,307	110,83,66	448,374,271	-2	-2
973	127,207,143	432,603,312	110,83,66	453,379,277	-2	-2
974	25,20,34	40,38,39	23,39,14	34,24,15	-2	-2
975	1,1,1	14,8,10	0,7,0	14,13,8	-2	-2
977	1,2,2	5,6,5	7,7,1	11,10,0	-2	-2
978	45,67,59	99,98,75	47,71,56	119,76,65	-2	-2
979	2,13,7	10,16,8	15,19,12	11,27,17	-2	-2
980	44,111,62	3,23,4	72,26,13	6,7,3	-2	-2
981	1,1,2	0,0,0	2,2,1	0,0,1	-2	-2
982	442,503,534	568,555,660	408,308,314	516,540,474	-2	-2
983	596,1091,561	427,571,388	1145,588,629	625,288,264	-2	-2
984	7,9,9	8,5,3	7,5,8	3,9,2	-2	-2
985	4,6,5	10,12,7	5,15,8	7,3,8	-2	-2
986	1,6,1	2,4,1	3,3,5	14,11,13	-2	-2
987	7,5,6	8,16,6	21,4,5	14,6,13	-2	-2
989	6,27,11	7,10,3	11,2,1	7,5,12	-2	-2
990	2,1,0	1,9,1	0,1,3	2,2,2	-2	-2
991	6,18,6	62,90,41	4,26,15	69,76,92	-2	-2
992	5,13,6	2,6,4	1,19,13	7,3,1	-2	-2
993	17,14,3	5,20,9	20,27,20	14,30,19	-2	-2
994	2,3,0	0,7,9	2,4,6	6,8,17	-2	-2
995	5,1,0	1,0,0	2,5,2	0,2,0	-2	-2
997	1,0,0	0,0,0	0,0,0	2,0,1	-2	-2
998	1,0,0	0,0,0	0,0,0	1,0,2	-2	-2
1000	0,1,0	0,3,1	1,0,0	1,1,0	-2	-2
1001	0,2,0	0,14,1	2,4,6	7,3,3	-2	-2
1002	0,2,1	2,10,2	0,3,0	6,11,15	-2	-2
1003	13,21,8	9,10,17	8,8,11	6,14,7	-2	-2
1004	2,5,3	0,0,0	3,1,4	1,1,1	-2	-2
1005	5,1,2	260,404,236	4,1,7	327,188,175	-2	-2
1007	0,0,0	0,1,0	1,1,2	0,3,3	-2	-2
1008	53,55,55	29,28,32	25,21,28	13,15,9	-2	-2
1009	49,93,52	224,332,190	56,6,17	330,27,54	-2	-2
1010	98,154,119	17,50,23	178,29,86	46,11,11	-2	-2
1013	24,37,26	38,38,27	28,20,16	20,23,23	-2	-2
1014	5,10,7	0,0,0	8,9,14	1,0,0	-2	-2
1015	1,4,2	1,2,1	5,2,0	4,1,4	-2	-2
1016	971,1407,877	620,684,589	1242,780,729	709,842,649	-2	-2
1019	11,28,26	445,535,339	14,63,52	356,740,574	-2	-2
1020	55,82,50	115,159,97	80,77,46	179,114,111	-2	-2
1021	0,2,0	21,28,13	0,0,1	12,17,20	-2	-2
1022	16,31,12	90,222,79	18,14,20	190,151,161	-2	-2
1023	15,19,11	51,97,47	19,14,17	48,62,67	-2	-2
1024	27,72,19	12,37,7	47,66,78	28,44,33	-2	-2
1025	2,1,2	1,12,0	5,3,3	1,3,2	-2	-2
1026	10,22,14	7,26,7	15,7,9	12,10,21	-2	-2
1027	0,0,0	0,5,3	1,0,0	5,1,3	-2	-2
1028	96,93,101	29,30,26	33,53,31	30,14,6	-2	-2
1029	7,14,21	26,24,20	4,21,11	9,4,5	-2	-2
1030	109,131,87	75,107,77	85,67,113	80,86,79	-2	-2
1031	109,131,87	115,90,95	84,70,113	86,54,51	-2	-2
1032	35,34,44	107,161,108	28,55,50	114,89,88	-2	-2
1033	0,0,0	106,161,107	1,1,2	114,89,87	-2	-2
1034	4,3,1	35,36,44	1,1,3	28,58,50	-2	-2
1035	141,137,128	4,4,6	73,135,89	2,16,2	-2	-2
1036	81,129,119	2,6,3	87,139,97	6,6,4	-2	-2
1037	2,3,8	6,10,8	1,16,12	13,12,12	-2	-2
1038	62,121,32	196,320,229	213,82,116	358,258,297	-2	-2
1039	5,40,7	0,1,0	30,48,33	3,3,3	-2	-2
1040	23,75,16	17,80,44	64,72,70	91,60,57	-2	-2
1041	29,73,35	33,67,43	65,49,77	89,62,60	-2	-2
1042	0,6,1	3,21,6	4,4,11	21,10,12	-2	-2
1046	4,5,2	7,17,7	3,2,0	5,4,3	-2	-2
1047	5,19,3	6,18,7	8,11,4	5,4,3	-2	-2
1048	7,4,5	1,1,7	8,7,4	1,3,5	-2	-2
1049	18,18,12	20,18,12	9,8,7	7,21,10	-2	-2
1050	299,409,338	520,430,463	285,336,275	613,353,276	-2	-2
1051	1,1,0	0,8,1	4,0,2	3,3,0	-2	-2
1053	35,37,17	50,45,43	37,15,13	43,26,34	-2	-2
1055	100,131,114	87,56,94	89,128,108	68,36,54	-2	-2
1056	1,0,0	3,7,4	0,1,0	2,0,4	-2	-2
1057	33,31,19	4,7,5	36,19,22	3,7,2	-2	-2
1058	72,138,127	79,63,81	56,105,75	30,50,45	-2	-2
1059	46,72,29	32,38,29	43,40,44	26,55,39	-2	-2
1060	214,247,320	884,789,883	203,533,461	542,638,596	-2	-2
1061	38,46,35	39,74,48	19,16,28	36,57,56	-2	-2
1063	7,20,8	18,35,18	8,17,10	16,35,25	-2	-2
1064	80,77,54	20,31,19	66,40,35	22,12,8	-2	-2
1065	89,91,63	30,12,21	64,38,39	14,7,8	-2	-2
1066	91,64,77	4,1,0	57,30,24	8,4,3	-2	-2
1068	1,5,4	3,1,5	1,2,3	1,1,3	-2	-2
1069	1,3,2	0,0,1	2,0,4	1,0,0	-2	-2
1070	16,21,24	15,16,10	15,16,10	14,15,15	-2	-2
1071	17,71,21	27,83,25	48,48,55	62,62,82	-2	-2
1072	12,41,27	2,0,0	40,46,61	2,0,0	-2	-2
1073	12,41,27	15,63,12	40,45,58	43,44,42	-2	-2
1074	25,16,38	41,47,38	15,48,32	30,10,14	-2	-2
1075	10,7,9	6,7,4	3,7,4	6,5,4	-2	-2
1077	55,59,32	64,78,62	37,56,41	73,68,60	-2	-2
1079	4,10,1	7,27,2	8,7,4	18,7,5	-2	-2
1082	5,9,10	17,35,24	8,22,23	26,33,43	-2	-2
1084	3,10,6	9,36,11	7,26,17	23,15,23	-2	-2
1085	3,16,7	6,20,6	11,12,29	15,3,2	-2	-2
1086	10,29,8	2,0,0	19,26,8	0,0,0	-2	-2
1087	4,0,3	1,0,0	0,1,1	0,0,1	-2	-2
1088	1005,1521,788	547,733,389	1178,1043,1078	573,428,526	-2	-2
1089	899,1400,678	521,941,430	967,751,851	555,545,604	-2	-2
1090	23,28,20	49,49,50	15,8,23	19,24,39	-2	-2
1092	2,12,6	7,11,6	6,3,6	9,9,14	-2	-2
1093	45,50,55	103,160,63	45,69,64	69,95,83	-2	-2
1098	0,0,0	0,3,0	0,0,3	1,1,4	-2	-2
1099	7,26,4	0,6,0	4,8,8	0,1,0	-2	-2
1100	1,0,0	6,33,14	0,0,0	7,16,24	-2	-2
1101	1,0,0	35,27,30	0,0,0	17,27,11	-2	-2
1102	1,1,0	0,5,1	0,0,1	1,1,1	-2	-2
1103	30,34,17	26,37,15	38,21,16	38,27,35	-2	-2
1104	4,1,0	4,10,6	0,2,4	8,2,1	-2	-2
1105	25,36,47	40,22,33	24,12,7	21,15,14	-2	-2
1106	6,6,4	6,9,8	11,3,2	7,2,6	-2	-2
1107	0,1,0	0,2,1	0,1,0	1,0,0	-2	-2
1108	156,161,104	30,17,24	123,54,44	27,19,20	-2	-2
1109	111,92,91	172,140,149	86,90,80	92,54,74	-2	-2
1111	25,33,20	59,46,55	25,37,26	34,32,26	-2	-2
1112	34,36,31	21,23,25	35,32,33	8,6,9	-2	-2
1113	13,13,16	31,41,35	13,15,5	25,12,16	-2	-2
1114	16,35,14	31,41,35	26,22,17	25,12,16	-2	-2
1115	2,2,2	31,41,35	2,1,1	25,12,16	-2	-2
1116	16,35,14	13,13,16	26,22,17	13,15,5	-2	-2
1117	2,2,2	13,13,16	2,1,1	13,15,5	-2	-2
1118	17,37,17	65,69,61	26,23,19	62,57,28	-2	-2
1119	3,4,5	65,69,61	2,2,3	62,57,28	-2	-2
1120	0,10,2	2,16,5	7,4,6	9,7,12	-2	-2
1121	7,8,3	9,12,1	2,4,6	7,7,2	-2	-2
1122	297,326,408	30,32,31	224,245,168	14,15,9	-2	-2
1123	55,101,73	33,63,35	86,71,89	22,45,62	-2	-2
1124	105,241,92	115,292,96	249,138,134	222,181,170	-2	-2
1125	1,0,0	2,11,1	2,1,1	1,5,3	-2	-2
1126	5,2,5	4,6,0	5,8,7	6,8,3	-2	-2
1127	2,11,1	6,4,7	2,5,4	12,1,1	-2	-2
1129	58,137,99	39,69,47	75,153,119	61,66,41	-2	-2
1130	0,9,0	3,3,0	5,4,2	4,0,1	-2	-2
1131	8,8,4	3,3,0	15,11,10	4,0,1	-2	-2
1132	76,96,82	57,63,43	63,86,51	49,59,58	-2	-2
1133	69,63,114	230,212,286	64,171,167	243,148,206	-2	-2
1134	17,23,15	32,33,17	12,19,20	35,25,30	-2	-2
1135	28,48,30	14,28,21	40,27,19	16,20,13	-2	-2
1136	1,1,1	8,9,3	0,5,0	12,4,2	-2	-2
1137	0,1,1	0,0,1	0,7,1	0,1,0	-2	-2
1138	1,4,1	0,0,0	3,9,4	0,1,0	-2	-2
1139	119,404,94	89,273,70	290,474,411	178,159,151	-2	-2
1141	0,0,2	0,0,4	1,3,4	0,0,0	-2	-2
1142	0,0,1	0,0,7	0,5,1	1,0,0	-2	-2
1143	1,5,2	1,8,3	1,1,1	10,7,11	-2	-2
1144	3,2,2	3,1,4	4,1,1	3,0,1	-2	-2
1146	53,97,84	52,63,59	67,77,62	48,72,70	-2	-2
1147	23,28,24	22,42,13	34,23,20	34,31,23	-2	-2
1148	0,2,0	34,44,41	0,0,0	47,14,39	-2	-2
1149	0,2,2	75,70,51	0,2,0	76,39,48	-2	-2
1150	86,120,74	31,48,34	79,101,89	30,36,41	-2	-2
1151	29,32,25	49,54,63	25,14,23	19,39,28	-2	-2
1152	8,32,7	24,37,16	21,30,17	17,22,19	-2	-2
1153	85,81,90	58,54,48	59,63,55	24,31,34	-2	-2
1154	0,7,2	0,5,0	3,1,8	4,6,9	-2	-2
1155	9,23,27	21,16,20	17,14,9	17,15,21	-2	-2
1156	9,23,27	0,0,0	17,14,9	0,2,0	-2	-2
1157	5,20,8	7,15,7	17,10,14	14,4,12	-2	-2
1159	78,56,49	56,35,45	83,70,49	51,67,45	-2	-2
1160	23,22,28	53,52,48	19,52,45	38,67,50	-2	-2
1161	0,0,0	0,8,5	2,0,0	7,12,10	-2	-2
1162	33,76,41	23,29,37	50,24,33	25,11,14	-2	-2
1163	10,12,11	23,29,37	5,2,5	25,11,14	-2	-2
1164	244,241,305	143,119,118	166,191,233	85,98,79	-2	-2
1165	2,3,0	0,1,0	0,2,0	1,1,0	-2	-2
1168	47,75,33	23,22,11	38,79,58	13,35,23	-2	-2
1169	35,85,43	30,60,29	52,39,45	25,21,15	-2	-2
1170	1,0,0	0,0,1	0,0,0	1,0,0	-2	-2
1171	206,286,230	291,417,326	286,312,292	437,213,217	-2	-2
1172	0,4,2	1,7,1	1,4,8	11,2,2	-2	-2
1174	13,20,10	13,34,6	16,14,18	11,18,22	-2	-2
1178	410,664,423	552,840,572	400,499,444	449,420,376	-2	-2
1179	411,666,422	541,886,559	401,498,444	631,471,422	-2	-2
1180	12,30,10	8,34,10	19,25,14	10,9,13	-2	-2
1181	1,4,0	0,3,0	10,5,1	2,0,0	-2	-2
1182	1,3,2	0,3,0	9,5,1	2,0,0	-2	-2
1183	4,6,0	0,3,0	18,8,2	2,0,0	-2	-2
1184	16,23,21	53,55,41	6,26,28	21,13,13	-2	-2
1185	19,33,15	37,32,14	17,15,17	43,24,33	-2	-2
1186	7876,5542,10708	5535,3926,6915	5633,2359,2286	3892,2607,2368	-2	-2
1188	247,294,209	271,268,255	180,235,239	233,231,221	-2	-2
1189	22,17,21	6,9,11	29,20,20	4,6,8	-2	-2
1190	23,34,21	19,28,21	21,9,8	17,13,17	-2	-2
1191	0,0,1	570,1548,458	0,1,1	1141,1378,1324	-2	-2
1192	279,451,249	674,904,566	269,401,366	690,868,805	-2	-2
1193	224,549,211	685,1497,552	373,472,447	1057,1149,1115	-2	-2
1194	484,1700,422	361,1253,327	1079,1002,986	889,947,953	-2	-2
1195	1,3,0	1,0,0	6,1,2	2,0,2	-2	-2
1196	2,4,2	10,37,5	3,3,0	33,15,15	-2	-2
1199	100,207,87	1,2,1	117,162,142	0,0,0	-2	-2
1201	68,66,50	48,58,43	67,38,45	36,36,40	-2	-2
1202	247,432,361	274,356,343	238,335,313	257,273,233	-2	-2
1203	7,8,4	8,10,5	7,2,4	3,6,3	-2	-2
1204	4,5,4	1,1,0	4,13,9	1,1,1	-2	-2
1205	12,15,13	18,37,18	9,4,10	35,12,13	-2	-2
1206	0,0,1	1,1,0	0,1,1	0,0,0	-2	-2
1210	75,75,54	91,101,91	73,39,43	96,26,38	-2	-2
1211	5,10,10	58,33,57	16,18,15	47,68,70	-2	-2
1212	0,0,1	9,8,5	0,0,2	4,24,5	-2	-2
1213	34,45,36	20,45,31	31,49,59	27,42,35	-2	-2
1214	39,50,38	41,58,45	32,47,63	26,50,66	-2	-2
1215	18,62,12	12,28,7	37,57,45	24,38,44	-2	-2
1216	23,17,13	0,1,0	14,24,17	0,0,0	-2	-2
1217	25,18,15	0,1,0	15,30,17	0,0,0	-2	-2
1218	25,19,15	0,1,0	15,30,17	0,0,0	-2	-2
1219	501,314,502	221,201,204	253,242,197	166,63,70	-2	-2
1220	162,190,144	522,363,438	161,232,136	325,291,276	-2	-2
1221	4,8,18	31,31,23	14,16,5	19,11,10	-2	-2
1222	50,60,56	52,76,57	32,36,36	52,45,46	-2	-2
1223	20,15,22	74,71,112	8,39,19	44,45,39	-2	-2
1224	9,4,7	75,71,112	1,13,11	44,42,38	-2	-2
1225	194,253,153	263,246,245	203,192,240	187,217,263	-2	-2
1227	374,351,398	953,727,1046	238,92,137	717,43,73	-2	-2
1228	1040,976,1081	1157,1132,1226	726,132,139	868,56,57	-2	-2
1229	995,843,994	872,606,913	671,39,56	550,448,398	-2	-2
1230	907,854,945	425,380,510	520,50,37	277,27,40	-2	-2
1231	261,266,305	314,288,316	176,55,43	179,48,45	-2	-2
1232	256,295,304	610,568,560	180,71,44	323,52,41	-2	-2
1233	323,375,266	300,304,328	192,14,25	212,88,85	-2	-2
1234	68,70,72	569,585,564	42,13,7	351,119,104	-2	-2
1235	67,68,73	240,194,207	41,12,7	137,60,39	-2	-2
1236	89,122,106	240,194,207	51,13,1	137,60,39	-2	-2
1237	89,122,106	791,944,723	51,13,1	582,122,131	-2	-2
1238	64,98,77	226,170,190	60,2,9	134,61,39	-2	-2
1239	64,98,76	779,937,710	60,2,9	577,120,131	-2	-2
1240	8,4,7	204,128,185	4,2,0	118,24,20	-2	-2
1242	532,464,522	78,93,68	327,145,110	46,5,7	-2	-2
1243	258,200,216	174,152,157	152,37,39	113,14,14	-2	-2
1244	204,198,249	234,305,211	118,27,29	208,25,22	-2	-2
1245	1,24,10	4,16,2	7,1,5	5,8,8	-2	-2
1249	1,8,0	0,0,0	11,4,3	1,0,0	-2	-2
1250	1,8,0	0,0,0	11,4,3	1,0,0	-2	-2
1251	18,53,29	24,65,28	44,14,21	47,36,31	-2	-2
1252	547,669,521	1641,1753,1202	238,305,258	646,677,533	-2	-2
1253	135,162,205	1413,1567,1113	108,71,67	581,586,453	-2	-2
1254	5,6,1	1413,1567,1113	1,2,1	581,586,453	-2	-2
1255	2479,2280,1573	1574,1732,1223	713,1173,1078	637,700,530	-2	-2
1256	6,4,1	1574,1732,1223	2,1,1	637,700,530	-2	-2
1257	541,781,469	1574,1732,1223	284,395,331	637,700,530	-2	-2
1258	1158,1075,748	1385,1539,1089	347,435,458	575,578,446	-2	-2
1259	2732,3512,2879	1385,1539,1089	1151,1339,1357	575,578,446	-2	-2
1260	1378,1247,990	1385,1539,1089	552,585,493	575,577,446	-2	-2
1261	1155,1074,767	1385,1544,1091	348,433,461	575,578,446	-2	-2
1262	1112,1434,1222	1385,1544,1091	465,492,519	575,578,446	-2	-2
1263	1303,1527,979	1385,1544,1091	636,906,772	575,578,446	-2	-2
1264	135,162,205	51,43,17	108,71,67	6,17,9	-2	-2
1265	5,6,1	51,43,17	1,2,1	6,17,9	-2	-2
1266	2479,2280,1573	50,43,17	713,1173,1078	6,16,5	-2	-2
1267	6,4,1	50,43,17	2,1,1	6,16,5	-2	-2
1268	541,781,469	50,43,17	284,395,331	6,16,5	-2	-2
1269	603,607,485	637,810,575	246,283,250	327,252,193	-2	-2
1270	563,797,487	638,807,575	287,400,335	327,251,193	-2	-2
1271	29,77,151	1167,1089,755	55,19,8	355,435,464	-2	-2
1272	135,162,205	1320,1283,828	108,71,67	392,534,545	-2	-2
1273	5,6,1	1320,1283,828	1,2,1	392,534,545	-2	-2
1274	6,4,1	2479,2280,1573	2,1,1	713,1173,1078	-2	-2
1275	541,781,469	2479,2280,1573	284,395,331	713,1173,1078	-2	-2
1276	2732,3512,2879	1158,1075,748	1151,1339,1357	347,435,458	-2	-2
1277	1112,1434,1222	1155,1074,767	465,492,519	348,433,461	-2	-2
1278	1303,1527,979	1155,1074,767	636,906,772	348,433,461	-2	-2
1279	14,44,60	282,221,118	42,12,8	74,113,101	-2	-2
1280	26,83,166	268,230,121	58,20,9	80,102,93	-2	-2
1281	563,797,487	1580,1421,939	287,400,335	438,840,707	-2	-2
1282	2706,3228,2450	259,216,114	1058,1334,1291	72,102,87	-2	-2
1283	1303,1526,978	256,215,133	636,906,772	73,100,90	-2	-2
1284	127,129,230	570,700,551	80,56,42	264,310,272	-2	-2
1285	41,63,24	580,716,558	37,44,23	273,312,278	-2	-2
1286	537,769,462	1892,1907,1376	281,392,332	631,1050,892	-2	-2
1287	2518,3035,2315	571,702,551	996,1211,1207	265,312,272	-2	-2
1288	537,769,462	44,29,16	281,392,332	8,10,17	-2	-2
1289	46,69,147	339,398,365	57,31,19	174,185,165	-2	-2
1290	41,18,20	380,453,389	9,11,7	211,226,185	-2	-2
1291	50,81,155	380,453,389	58,31,21	211,226,185	-2	-2
1292	147,178,211	403,440,398	117,73,73	205,210,186	-2	-2
1293	26,10,5	403,440,398	4,14,14	205,210,186	-2	-2
1294	27,8,5	383,419,381	5,13,14	182,192,179	-2	-2
1295	700,979,542	383,419,381	327,492,415	182,192,179	-2	-2
1296	50,81,155	41,18,20	58,31,21	9,11,7	-2	-2
1297	147,178,211	25,19,8	117,73,73	6,6,6	-2	-2
1298	26,10,5	25,19,8	4,14,14	6,6,6	-2	-2
1299	27,8,5	3,0,0	5,13,14	0,0,0	-2	-2
1300	700,979,542	3,0,0	327,492,415	0,0,0	-2	-2
1301	14,49,59	130,137,239	42,14,11	82,55,45	-2	-2
1302	26,77,151	165,144,250	55,18,9	88,66,49	-2	-2
1303	176,222,228	149,145,238	145,114,90	85,61,48	-2	-2
1304	41,60,26	127,126,230	37,43,23	79,55,42	-2	-2
1305	599,816,495	127,126,230	312,418,352	79,55,42	-2	-2
1306	26,83,166	5,7,8	58,20,9	6,2,5	-2	-2
1307	26,77,151	5,12,7	55,18,9	6,4,8	-2	-2
1308	176,222,228	0,8,0	145,114,90	0,2,4	-2	-2
1309	28,85,159	50,78,166	58,18,10	65,32,25	-2	-2
1310	135,162,205	5,6,1	108,71,67	1,2,1	-2	-2
1311	541,781,469	6,4,1	284,395,331	2,1,1	-2	-2
1312	563,797,487	3,10,16	287,400,335	5,2,2	-2	-2
1313	147,178,211	26,10,5	117,73,73	4,14,14	-2	-2
1314	700,979,542	27,8,5	327,492,415	5,13,14	-2	-2
1315	176,222,228	2,6,1	145,114,90	1,1,2	-2	-2
1316	41,60,26	3,4,1	37,43,23	2,0,2	-2	-2
1317	599,816,495	3,4,1	312,418,352	2,0,2	-2	-2
1318	558,788,470	5,12,9	287,397,334	5,0,3	-2	-2
1319	140,169,211	32,64,81	113,73,72	52,17,13	-2	-2
1320	535,772,462	33,62,81	281,391,329	53,16,13	-2	-2
1321	541,781,469	0,0,3	284,395,331	0,0,0	-2	-2
1322	700,979,542	12,16,9	327,492,415	9,2,6	-2	-2
1323	599,816,495	41,60,26	312,418,352	37,43,23	-2	-2
1324	558,788,470	47,22,23	287,397,334	9,12,7	-2	-2
1325	535,772,462	5,7,9	281,391,329	5,2,5	-2	-2
1326	535,772,462	30,76,168	282,392,328	64,19,13	-2	-2
1327	1112,1434,1222	215,478,564	465,492,519	155,128,150	-2	-2
1328	1303,1527,979	215,478,564	636,906,772	155,128,150	-2	-2
1329	1303,1526,978	189,194,135	636,906,772	62,123,84	-2	-2
1330	1115,1436,1220	1308,1198,811	466,494,519	364,731,611	-2	-2
1331	1303,1527,979	1112,1434,1222	636,906,772	465,492,519	-2	-2
1332	1303,1526,978	1112,1434,1221	636,906,772	465,493,519	-2	-2
1333	2397,3167,2466	0,1,2	1048,2028,1799	0,0,0	-2	-2
1334	2391,3163,2397	0,0,1	1046,2027,1792	0,0,0	-2	-2
1335	3563,4623,3674	1435,1277,1028	1537,2543,2333	574,608,519	-2	-2
1336	120,262,109	1585,3829,1412	175,85,28	1408,2081,2087	-2	-2
1337	30,217,28	1,9,0	151,221,243	2,4,11	-2	-2
1338	18,143,80	7,133,58	208,121,138	226,98,95	-2	-2
1339	106,66,66	91,71,56	85,63,53	57,67,25	-2	-2
1340	25,43,16	54,52,30	45,26,17	47,60,27	-2	-2
1341	0,0,0	55,51,30	0,0,1	47,60,27	-2	-2
1342	86,50,79	415,225,315	73,33,40	254,247,218	-2	-2
1344	84,42,83	0,0,0	57,75,49	1,0,0	-2	-2
1345	0,4,0	1,1,0	3,3,1	1,1,1	-2	-2
1346	10,20,18	8,10,3	18,24,37	8,3,3	-2	-2
1347	0,6,1	83,60,96	0,1,3	39,114,71	-2	-2
1348	28,40,42	36,78,53	18,17,13	43,56,32	-2	-2
1349	36,46,52	40,80,42	19,20,18	46,40,36	-2	-2
1350	19,51,19	8,42,22	29,37,24	17,2,11	-2	-2
1352	1,1,1	0,9,6	4,2,1	2,2,1	-2	-2
1353	1,3,1	30,90,29	7,7,2	73,79,75	-2	-2
1354	54,40,38	76,53,66	27,17,20	42,40,29	-2	-2
1355	3,16,2	0,0,0	9,3,9	0,1,1	-2	-2
1356	3,16,2	5,2,4	9,3,9	4,10,3	-2	-2
1357	3,6,10	17,7,14	4,8,5	12,13,10	-2	-2
1360	2,1,10	0,3,3	2,6,4	3,3,5	-2	-2
1361	9,16,12	689,529,469	12,11,10	488,605,409	-2	-2
1362	40,78,40	2,2,9	43,65,68	0,0,0	-2	-2
1366	3,0,0	4,4,3	0,1,1	10,3,6	-2	-2
1367	91,337,91	115,258,131	147,154,222	198,200,235	-2	-2
1368	91,337,91	115,258,131	147,154,222	198,200,235	-2	-2
1369	101,353,101	87,286,172	148,159,236	145,222,245	-2	-2
1370	3,8,4	6,4,5	2,7,8	3,5,3	-2	-2
1371	3,5,1	9,20,5	1,0,4	8,10,10	-2	-2
1372	42,69,34	79,133,65	55,33,37	64,91,84	-2	-2
1373	93,127,86	157,179,161	101,106,95	111,131,104	-2	-2
1374	1,0,0	0,0,4	0,0,0	3,3,1	-2	-2
1375	4,9,10	7,11,5	13,1,4	13,6,7	-2	-2
1376	33,43,69	44,40,62	39,43,68	32,34,46	-2	-2
1379	15,26,10	29,12,7	9,17,21	5,12,12	-2	-2
1382	17,24,31	52,65,40	35,34,34	27,51,72	-2	-2
1383	2,5,1	7,42,2	5,3,5	22,22,27	-2	-2
1384	8,18,6	4,24,16	8,11,5	14,5,5	-2	-2
1385	33,48,33	38,33,29	25,40,39	15,23,27	-2	-2
1386	29,24,13	2,3,1	27,22,19	0,0,1	-2	-2
1387	0,7,4	2,4,2	5,7,3	0,5,0	-2	-2
1388	6,26,7	1,10,3	16,9,11	6,1,3	-2	-2
1389	89,168,111	183,249,216	124,353,349	249,256,237	-2	-2
1390	5,8,3	5,15,11	3,3,0	4,13,10	-2	-2
1391	11,15,18	5,15,11	12,11,20	4,13,10	-2	-2
1392	11,15,18	5,8,3	12,11,20	3,3,0	-2	-2
1393	26,25,35	1,1,1	11,5,13	0,0,0	-2	-2
1394	0,0,0	3,2,1	1,1,0	0,0,1	-2	-2
1395	9,10,6	3,2,4	10,12,4	10,4,1	-2	-2
1397	69,71,41	7,4,10	31,45,38	4,6,8	-2	-2
1399	2,14,4	11,81,11	10,39,41	109,82,66	-2	-2
1400	10,86,11	50,111,28	110,74,66	167,149,120	-2	-2
1401	67,212,37	51,112,32	199,57,58	161,141,120	-2	-2
1402	64,181,30	6,6,5	170,47,46	7,4,5	-2	-2
1403	64,181,30	55,165,38	170,47,46	178,137,124	-2	-2
1404	5,5,1	56,160,41	13,12,5	178,138,126	-2	-2
1405	6,6,5	55,165,38	7,4,5	178,137,124	-2	-2
1406	41,124,28	58,190,46	132,55,51	206,147,136	-2	-2
1407	216,293,152	323,361,237	268,114,142	379,199,202	-2	-2
1408	216,293,151	385,447,283	268,114,142	555,258,259	-2	-2
1409	3,4,2	4,8,1	2,4,2	6,6,5	-2	-2
1410	1,1,3	0,3,2	4,9,2	6,5,11	-2	-2
1411	9,12,7	1,8,1	7,2,2	4,2,3	-2	-2
1413	1,3,6	180,90,163	0,3,3	129,321,324	-2	-2
1414	3,6,5	178,94,163	7,7,18	130,328,320	-2	-2
1415	0,2,0	177,84,159	1,1,0	127,320,318	-2	-2
1416	0,1,0	180,90,163	0,4,1	129,321,324	-2	-2
1417	1,3,2	178,94,163	2,5,3	130,328,320	-2	-2
1418	1,3,2	104,47,88	2,5,3	82,191,196	-2	-2
1419	1,0,0	177,84,159	0,1,0	127,320,318	-2	-2
1421	11,9,13	89,94,109	8,27,14	70,111,45	-2	-2
1422	68,68,105	88,74,92	72,90,77	51,61,44	-2	-2
1423	9,16,9	15,22,11	6,4,5	13,19,8	-2	-2
1426	76,90,109	68,93,81	80,83,62	45,57,61	-2	-2
1427	116,180,179	67,93,81	93,54,71	44,57,61	-2	-2
1428	2,2,2	125,214,146	4,0,0	75,98,131	-2	-2
1429	1,2,2	125,209,142	3,0,0	76,97,127	-2	-2
1430	41,72,94	140,223,169	38,30,28	78,102,138	-2	-2
1431	53,53,77	0,0,1	40,69,74	0,0,0	-2	-2
1432	6,9,6	1,4,3	6,2,7	0,0,6	-2	-2
1433	0,0,0	16,30,30	0,0,1	14,13,12	-2	-2
1434	0,1,2	2,4,3	1,0,0	4,3,0	-2	-2
1436	0,1,0	0,0,0	2,2,1	2,1,5	-2	-2
1437	21,36,34	47,56,39	16,37,39	32,48,37	-2	-2
1438	9,7,6	22,29,20	14,5,2	19,15,13	-2	-2
1439	2,9,3	16,7,13	1,1,6	12,8,8	-2	-2
1440	2,0,0	2,1,0	2,1,0	0,1,0	-2	-2
1441	2,1,0	2,5,4	1,1,0	4,8,11	-2	-2
1442	1,2,1	2,10,3	2,3,3	6,7,6	-2	-2
1443	0,2,1	0,2,3	2,3,2	5,4,2	-2	-2
1444	3,2,4	7,5,2	1,1,1	6,1,2	-2	-2
1445	11,23,7	2,9,0	14,32,25	8,6,4	-2	-2
1446	2,4,1	5,18,5	4,9,3	9,9,9	-2	-2
1458	2,0,1	1,4,4	0,0,0	1,1,1	-2	-2
1459	17,11,7	14,13,8	6,2,0	12,5,3	-2	-2
1460	32,50,24	101,127,98	18,49,91	105,126,150	-2	-2
1461	136,188,152	111,99,92	149,240,272	113,105,129	-2	-2
1462	6,6,6	5,4,5	16,7,12	9,10,3	-2	-2
1463	7,11,4	6,3,2	7,7,4	4,2,0	-2	-2
1464	17,16,24	31,56,31	14,31,32	27,40,42	-2	-2
1465	17,16,24	31,56,31	14,31,32	27,40,42	-2	-2
1466	2,5,1	2,4,2	3,9,7	5,8,5	-2	-2
1469	0,0,0	17,23,13	0,0,1	26,20,16	-2	-2
1470	0,0,1	7,4,1	0,0,0	3,1,1	-2	-2
1471	1,2,3	54,154,49	3,2,6	94,129,103	-2	-2
1472	3,4,4	123,260,135	8,3,6	178,114,164	-2	-2
1473	2,4,4	123,260,135	9,4,5	178,114,164	-2	-2
1475	2,1,1	6,7,10	3,1,1	2,3,3	-2	-2
1476	1,0,0	6,5,15	0,0,0	12,13,10	-2	-2
1477	1,6,1	68,142,57	1,2,5	118,132,110	-2	-2
1478	3,6,0	1,2,0	3,2,10	0,0,2	-2	-2
1479	1,0,1	0,4,2	0,0,1	6,2,7	-2	-2
1480	9,30,6	95,167,97	48,21,15	159,93,94	-2	-2
1481	9,30,6	8,8,0	48,21,15	6,8,3	-2	-2
1482	43,112,20	6,28,9	124,59,52	43,23,11	-2	-2
1483	1,9,3	49,100,39	8,14,10	61,41,32	-2	-2
1484	7,31,10	2,4,0	29,26,20	6,6,2	-2	-2
1485	2,3,5	49,100,39	3,5,0	61,41,32	-2	-2
1488	0,0,1	13,14,12	1,0,0	4,7,8	-2	-2
1489	9,16,8	8,16,14	2,6,5	11,9,8	-2	-2
1492	17,23,18	28,23,21	23,3,16	31,16,23	-2	-2
1493	404,265,400	201,130,187	224,148,136	105,106,98	-2	-2
1494	20,21,10	23,28,10	6,20,15	12,13,14	-2	-2
1495	3,3,3	6,3,0	34,4,0	40,17,16	-2	-2
1496	3,2,1	2,7,4	6,2,1	0,0,1	-2	-2
1497	0,0,1	3,0,0	3,0,0	0,0,0	-2	-2
1498	15,48,22	0,3,2	48,34,33	1,0,0	-2	-2
1502	102,178,108	226,262,174	91,109,100	181,190,223	-2	-2
1503	2,7,0	2,7,3	5,4,4	6,3,9	-2	-2
1504	21,18,19	5,2,2	13,32,47	2,0,4	-2	-2
1505	17,24,14	2,8,5	19,14,8	1,1,6	-2	-2
1506	37,58,27	61,98,38	45,50,60	71,59,75	-2	-2
1507	35,129,40	23,53,31	75,98,83	21,39,42	-2	-2
1508	3,0,3	37,38,42	5,2,1	21,18,25	-2	-2
1509	2,1,0	90,74,67	0,0,1	63,22,25	-2	-2
1511	6,0,1	0,0,5	1,0,0	0,0,0	-2	-2
1514	17,30,12	0,0,0	28,18,9	0,2,0	-2	-2
1515	0,1,0	0,4,4	0,1,2	5,3,5	-2	-2
1517	0,1,0	1,2,0	1,4,5	4,1,2	-2	-2
1518	0,1,0	8,30,5	1,1,0	6,9,8	-2	-2
1522	9,31,9	21,32,23	19,30,36	33,43,56	-2	-2
1523	9,31,9	25,64,30	19,30,36	46,59,84	-2	-2
1524	21,32,23	25,64,30	33,43,56	46,59,84	-2	-2
1525	15,23,13	15,48,26	7,25,15	42,26,23	-2	-2
1526	2,0,4	2,0,0	0,2,6	0,1,0	-2	-2
1527	0,1,0	0,0,1	0,0,0	0,1,1	-2	-2
1529	16,27,16	24,43,16	37,19,29	46,28,28	-2	-2
1530	14,20,12	13,23,18	16,17,12	20,12,14	-2	-2
1531	186,281,150	154,191,125	149,161,182	141,169,161	-2	-2
1532	109,204,128	277,335,262	89,198,221	240,304,369	-2	-2
1533	220,184,240	208,209,265	112,193,189	123,149,129	-2	-2
1534	3,2,2	208,209,265	2,2,6	123,149,129	-2	-2
1535	6,5,5	0,0,0	2,5,5	1,0,0	-2	-2
1536	205,210,199	410,467,423	151,247,196	273,194,170	-2	-2
1537	237,216,186	1,0,0	169,178,179	2,3,0	-2	-2
1538	237,217,186	55,63,48	169,177,179	36,37,49	-2	-2
1539	674,554,642	282,247,300	482,413,337	253,194,115	-2	-2
1540	1,0,0	2,6,0	0,0,2	0,0,6	-2	-2
1541	46,104,27	48,168,59	101,55,78	148,60,77	-2	-2
1542	45,35,28	116,70,121	16,47,48	62,81,75	-2	-2
1543	2,16,7	13,26,8	6,15,19	26,22,27	-2	-2
1544	10,29,17	14,27,10	26,23,31	25,22,27	-2	-2
1545	77,58,57	52,58,57	42,35,22	28,38,32	-2	-2
1546	1,5,2	1,5,1	3,1,5	2,1,1	-2	-2
1547	4,0,1	1,11,0	1,4,0	2,0,7	-2	-2
1548	3,0,1	1,10,0	0,3,1	0,0,7	-2	-2
1549	0,8,1	7,15,5	5,2,5	8,0,13	-2	-2
1550	0,0,1	125,230,85	0,0,2	131,131,148	-2	-2
1551	35,45,54	80,62,80	15,92,74	27,40,39	-2	-2
1552	0,2,0	40,99,41	0,0,0	67,76,89	-2	-2
1553	5,19,1	6,14,5	8,11,7	7,27,21	-2	-2
1555	3,10,2	6,3,3	10,5,11	0,2,2	-2	-2
1557	0,1,2	5,4,3	3,1,0	3,2,3	-2	-2
1558	17,34,24	34,80,22	33,56,59	62,77,74	-2	-2
1559	21,45,36	71,74,76	32,49,45	51,56,62	-2	-2
1560	3,8,1	12,22,14	1,5,2	9,25,10	-2	-2
1561	2,2,2	5,10,10	1,0,0	12,5,7	-2	-2
1562	18,6,23	2058,1300,2250	9,24,22	1232,840,895	-2	-2
1563	0,2,1	5,31,6	0,1,3	30,15,28	-2	-2
1565	5,1,0	0,0,0	1,8,13	3,1,1	-2	-2
1567	8319,10034,6840	44,49,47	6848,7640,7471	29,42,37	-2	-2
1568	62,81,57	88,115,78	99,112,43	119,152,127	-2	-2
1569	54,66,40	75,103,84	69,101,55	146,120,96	-2	-2
1570	35,53,20	21,63,14	52,45,42	27,37,47	-2	-2
1571	0,5,0	0,1,2	0,4,2	0,1,0	-2	-2
1572	1,3,4	8,16,7	4,6,5	13,6,7	-2	-2
1573	0,0,0	1,2,1	1,0,0	1,0,0	-2	-2
1574	1,2,0	0,2,0	0,2,1	1,3,0	-2	-2
1576	7,6,1	7,5,3	0,5,2	2,6,5	-2	-2
1578	866,665,1028	574,395,514	553,1261,1197	296,215,232	-2	-2
1580	2,1,1	6,4,1	0,1,3	4,5,9	-2	-2
1581	16,23,25	33,39,58	11,29,27	33,61,42	-2	-2
1583	22,25,22	26,18,28	8,13,15	26,14,14	-2	-2
1584	19,23,29	49,33,31	18,27,21	29,22,17	-2	-2
1585	19,31,26	26,18,28	21,20,20	26,14,14	-2	-2
1586	37,52,61	32,22,33	44,45,34	27,16,19	-2	-2
1587	37,52,61	52,37,35	44,45,34	29,21,21	-2	-2
1588	37,52,61	13,6,13	44,45,34	11,7,3	-2	-2
1589	3,5,9	10,16,13	0,2,8	5,5,4	-2	-2
1590	17,46,8	13,41,6	30,31,22	22,18,23	-2	-2
1591	0,3,2	5,11,8	1,5,8	5,10,10	-2	-2
1592	5,11,5	3,11,1	3,5,5	7,8,7	-2	-2
1593	2,1,2	7,7,8	1,0,0	4,6,3	-2	-2
1594	22,26,15	27,45,32	18,18,11	40,24,13	-2	-2
1595	9,7,11	40,30,20	7,6,6	49,13,11	-2	-2
1596	4,9,3	42,132,48	1,3,1	80,111,137	-2	-2
1597	4,9,3	57,173,48	1,3,1	124,150,173	-2	-2
1598	29,79,22	41,94,23	62,64,70	48,86,112	-2	-2
1599	53,10,23	180,212,157	43,11,22	106,143,128	-2	-2
1600	53,10,23	4,9,2	43,11,22	6,7,3	-2	-2
1601	53,10,23	98,134,113	42,11,22	83,140,88	-2	-2
1602	180,212,157	4,9,2	106,143,128	6,7,3	-2	-2
1603	72,86,60	98,134,113	18,48,25	83,140,88	-2	-2
1604	45,18,48	86,113,95	58,14,30	78,122,79	-2	-2
1605	5,12,6	9,14,8	9,18,11	6,11,4	-2	-2
1607	40,70,29	37,102,34	49,47,58	87,80,90	-2	-2
1608	13,23,7	14,17,13	6,24,14	11,12,17	-2	-2
1609	17,25,9	33,30,25	27,35,18	24,40,33	-2	-2
1610	16,32,17	22,25,9	18,18,14	23,30,32	-2	-2
1611	425,485,370	565,559,516	467,342,399	462,314,371	-2	-2
1612	49,78,77	301,467,331	41,158,111	352,380,399	-2	-2
1613	9,9,12	3,12,9	3,14,7	7,3,8	-2	-2
1614	42,45,41	52,91,60	43,35,21	67,61,66	-2	-2
1615	56,98,62	60,143,55	72,75,91	91,106,124	-2	-2
1616	130,89,94	129,65,101	117,113,90	108,81,50	-2	-2
1617	41,37,40	17,19,13	39,42,23	14,22,15	-2	-2
1618	22,26,31	0,1,0	14,71,48	0,0,0	-2	-2
1619	22,26,33	24,23,24	14,72,49	25,23,13	-2	-2
1620	1671,1323,1651	2734,2054,2897	971,981,980	1694,1573,1526	-2	-2
1621	13,23,5	40,72,39	14,18,14	50,30,38	-2	-2
1625	20,9,23	34,11,26	15,25,19	24,16,9	-2	-2
1626	6,7,4	1,0,0	1,3,4	0,0,1	-2	-2
1627	2,4,0	83,123,59	0,4,6	66,80,72	-2	-2
1628	85,106,61	150,196,127	104,81,53	144,190,198	-2	-2
1629	1,2,0	0,2,0	0,1,0	0,0,0	-2	-2
1630	15,42,23	32,49,17	15,36,45	30,45,35	-2	-2
1631	5,6,6	21,29,19	2,6,3	12,5,12	-2	-2
1632	5,6,6	75,85,62	2,6,3	59,49,51	-2	-2
1633	63,92,55	50,57,62	82,88,97	41,90,72	-2	-2
1634	22,57,30	65,113,69	20,35,51	54,78,79	-2	-2
1635	15,38,19	65,113,70	12,40,43	54,78,80	-2	-2
1636	4,7,10	5,8,9	8,12,6	7,21,13	-2	-2
1637	13,14,8	4,1,1	8,9,9	1,0,2	-2	-2
1638	13,14,8	1,0,0	8,9,9	0,0,0	-2	-2
1641	0,1,0	3,4,6	0,0,0	9,6,11	-2	-2
1642	13,17,14	3,5,6	13,12,8	9,6,11	-2	-2
1643	671,594,636	619,582,544	418,349,323	356,410,328	-2	-2
1644	11,14,17	20,39,17	14,13,12	25,27,18	-2	-2
1645	60,30,74	42,33,55	40,28,44	35,28,46	-2	-2
1646	9,10,10	11,19,11	6,14,13	11,24,22	-2	-2
1647	4,12,3	11,19,11	5,10,13	11,24,22	-2	-2
1648	2,2,3	0,0,1	4,0,1	1,1,1	-2	-2
1650	93,87,107	48,87,94	59,103,109	56,58,76	-2	-2
1651	16,7,1	7,8,2	4,4,5	3,9,10	-2	-2
1652	16,7,1	2,2,0	4,4,5	3,0,2	-2	-2
1653	7,8,2	2,2,0	3,9,10	3,0,2	-2	-2
1655	8,13,6	5,4,0	6,12,18	2,0,2	-2	-2
1657	0,0,0	25,27,23	0,2,0	34,19,19	-2	-2
1658	0,0,0	17,12,15	0,2,0	28,13,10	-2	-2
1659	15,10,9	9,20,15	16,10,7	15,18,8	-2	-2
1660	16,9,9	52,49,49	16,10,7	33,41,22	-2	-2
1661	2,4,7	1,1,0	4,3,4	0,0,0	-2	-2
1662	65,129,44	98,163,73	63,72,67	116,192,189	-2	-2
1663	0,1,0	48,89,26	4,0,0	45,68,78	-2	-2
1664	42,85,26	50,91,28	49,54,73	46,69,80	-2	-2
1665	0,3,3	3,4,1	4,7,4	6,2,2	-2	-2
1666	4,11,2	3,15,3	4,8,6	6,10,13	-2	-2
1667	4430,7956,7155	32178,48272,38874	4421,14067,10575	34488,46625,38910	-2	-2
1668	1,6,5	53157,66260,60969	1,2,6	52820,65215,55440	-2	-2
1669	1,6,4	53159,66260,60968	2,2,6	52820,65215,55438	-2	-2
1670	0,0,0	150,130,104	1,2,0	112,45,32	-2	-2
1671	54,40,46	47,47,39	46,30,31	32,18,11	-2	-2
1672	2,0,1	5,5,4	0,0,2	4,2,3	-2	-2
1673	1,1,0	109,86,68	0,1,3	87,32,23	-2	-2
1674	0,0,0	0,1,0	0,1,0	0,1,0	-2	-2
1676	4,17,6	15,26,8	6,29,22	28,17,21	-2	-2
1677	0,11,1	5,13,4	2,12,13	23,25,14	-2	-2
1678	0,0,1	3,5,0	0,1,2	1,5,5	-2	-2
1680	50,52,72	119,122,132	38,66,88	90,54,54	-2	-2
1681	1,0,0	112,112,149	0,0,0	86,58,73	-2	-2
1682	1,0,0	0,0,0	0,0,0	1,1,0	-2	-2
1686	7,4,7	1,1,0	1,7,6	0,0,5	-2	-2
1687	1,1,0	387,446,576	0,3,0	320,538,546	-2	-2
1689	957,1686,767	952,1567,778	1852,2595,2622	1638,1005,1108	-2	-2
1690	707,1161,583	1461,2691,1228	1057,1473,1404	1993,2146,2006	-2	-2
1691	28,34,24	2,0,0	18,27,36	0,0,0	-2	-2
1693	11,4,4	11,9,20	4,8,9	3,24,20	-2	-2
1694	7,28,8	54,108,18	18,39,27	57,48,58	-2	-2
1695	47,50,38	87,65,57	76,47,29	80,70,68	-2	-2
1696	23,18,27	24,42,46	24,19,21	40,23,16	-2	-2
1697	0,2,5	1,6,0	10,5,4	5,3,2	-2	-2
1698	44,48,43	844,1143,613	30,75,69	622,869,794	-2	-2
1699	0,0,2	0,1,2	2,0,0	0,1,0	-2	-2
1700	392,430,338	840,916,788	287,302,263	614,744,691	-2	-2
1702	0,0,1	8,8,8	0,3,0	1,3,3	-2	-2
1703	6,17,5	21,25,16	12,19,27	17,12,16	-2	-2
1704	6,28,9	10,19,11	9,24,14	9,10,12	-2	-2
1705	26,64,25	12,29,24	29,26,36	12,15,17	-2	-2
1706	1,0,0	38,45,52	0,1,0	50,43,43	-2	-2
1707	22,23,28	59,40,55	11,15,29	45,32,27	-2	-2
1709	39,120,35	188,351,160	129,98,93	338,300,305	-2	-2
1710	3,5,5	25,68,26	7,12,14	53,52,78	-2	-2
1711	20,39,21	13,34,19	28,66,70	31,16,31	-2	-2
1712	13,44,11	23,52,29	35,31,34	46,52,67	-2	-2
1713	10,28,6	15,24,14	27,17,16	13,25,19	-2	-2
1714	5,8,4	10,5,7	3,2,3	5,4,2	-2	-2
1715	21,22,18	26,23,24	24,22,22	25,15,9	-2	-2
1716	0,0,3	6,25,28	0,0,0	28,11,10	-2	-2
1717	4,8,2	42,91,52	6,1,4	61,24,31	-2	-2
1718	4,1,3	0,0,1	4,13,10	0,1,0	-2	-2
1719	19,65,15	0,1,1	32,31,37	0,0,0	-2	-2
1720	140,331,105	144,174,109	203,100,132	103,101,100	-2	-2
1721	3,1,0	0,1,1	0,2,0	0,0,0	-2	-2
1722	8,17,9	9,28,11	14,15,8	12,29,8	-2	-2
1723	7,11,8	9,28,11	10,13,16	12,29,8	-2	-2
1725	15,21,14	1,2,0	22,16,8	1,4,5	-2	-2
1726	0,1,0	5,8,4	0,0,0	6,5,5	-2	-2
1727	5,0,4	1,1,1	1,2,2	3,0,1	-2	-2
1728	52,27,35	100,43,68	15,29,7	31,33,32	-2	-2
1729	3,11,5	1,10,5	4,10,11	6,3,8	-2	-2
1730	3,8,5	11,43,19	4,10,11	30,42,39	-2	-2
1731	2,12,8	1,10,5	20,19,18	6,3,8	-2	-2
1732	4,21,10	7,15,14	3,11,14	8,18,7	-2	-2
1733	3,4,5	15,19,7	4,6,1	16,15,14	-2	-2
1734	3,4,5	0,0,2	4,6,1	0,0,0	-2	-2
1735	26,24,30	54,68,61	36,11,0	70,66,44	-2	-2
1736	6,5,5	0,1,0	13,7,18	1,0,0	-2	-2
1737	29,46,23	42,65,43	33,36,33	36,59,39	-2	-2
1738	9,9,8	9,11,5	10,6,7	3,6,3	-2	-2
1740	0,11,3	1,6,3	11,2,3	14,1,2	-2	-2
1741	0,3,4	1,9,0	3,13,12	2,4,1	-2	-2
1742	61,55,66	33,16,37	56,15,17	27,8,12	-2	-2
1743	0,1,0	5,15,14	0,0,0	13,10,8	-2	-2
1744	5,15,4	5,15,14	10,0,0	13,10,8	-2	-2
1745	27,71,37	33,38,16	57,41,53	31,50,53	-2	-2
1746	66,78,67	49,53,29	68,72,57	32,52,56	-2	-2
1747	83,128,65	34,53,38	74,114,89	29,71,41	-2	-2
1748	7,7,6	10,13,8	5,12,6	2,8,3	-2	-2
1751	29,74,29	4,6,11	40,36,19	10,7,2	-2	-2
1752	20,39,11	0,2,0	19,27,33	0,0,2	-2	-2
1753	14,26,12	11,27,14	27,28,29	21,12,33	-2	-2
1754	9,13,18	20,39,11	11,14,10	17,27,33	-2	-2
1755	1,5,1	0,1,0	0,3,3	0,0,0	-2	-2
1756	0,1,0	1,9,6	1,1,0	2,1,4	-2	-2
1761	3,0,1	0,0,0	0,0,1	2,1,0	-2	-2
1762	0,0,0	0,1,0	4,5,2	0,3,1	-2	-2
1766	10,26,7	15,53,14	21,14,11	34,28,25	-2	-2
1767	7,23,16	23,63,46	22,19,26	30,15,6	-2	-2
1768	90,129,54	100,108,84	107,84,74	54,106,101	-2	-2
1769	27,30,20	38,46,38	18,30,38	29,41,32	-2	-2
1771	2,0,0	18,12,8	1,3,1	12,14,17	-2	-2
1772	233,299,234	274,366,293	210,107,128	283,107,110	-2	-2
1773	1,1,3	0,0,1	2,1,1	0,0,0	-2	-2
1774	4,14,1	2,15,9	8,1,4	4,2,2	-2	-2
1775	4,14,1	5,14,13	8,1,4	5,6,6	-2	-2
1776	10,22,8	2,1,1	20,21,13	0,0,0	-2	-2
1777	1,8,0	29,38,32	5,0,4	37,26,25	-2	-2
1778	19,29,18	11,16,5	17,29,18	8,6,12	-2	-2
1779	8,3,11	122,117,165	3,12,14	115,72,66	-2	-2
1780	6,6,5	6,14,9	10,2,5	13,23,8	-2	-2
1781	10,9,5	2,4,1	3,4,4	4,2,2	-2	-2
1783	560,1077,755	843,856,731	753,1828,1602	823,638,664	-2	-2
1785	7,12,9	7,19,13	13,11,15	4,16,8	-2	-2
1786	5,18,6	21,8,10	4,11,7	6,17,13	-2	-2
1787	3,19,4	19,36,5	10,5,5	18,27,17	-2	-2
1788	0,10,2	2,0,0	2,1,0	1,0,0	-2	-2
1789	240,215,230	3,5,2	162,97,86	1,1,2	-2	-2
1791	74,85,104	142,109,172	75,31,32	76,72,46	-2	-2
1792	64,96,48	54,131,38	88,67,74	101,91,91	-2	-2
1795	1,0,0	15,32,16	0,1,2	32,21,8	-2	-2
1796	5,11,5	8,27,13	8,1,6	20,9,7	-2	-2
1797	1,5,0	9,22,13	3,0,4	17,11,3	-2	-2
1798	12,6,11	16,7,9	2,2,5	10,5,8	-2	-2
1799	2,2,1	8,11,12	0,4,0	6,4,3	-2	-2
1800	10,26,9	1,8,7	24,24,26	12,2,2	-2	-2
1802	1449,3113,2143	4747,9680,4758	2283,6442,6149	6845,6201,6335	-2	-2
1803	1,0,0	39,65,37	3,1,0	41,65,61	-2	-2
1806	1,2,0	1,1,3	0,4,1	0,0,0	-2	-2
1807	2,3,0	0,3,0	0,0,1	4,0,0	-2	-2
1808	9,32,9	10,23,18	14,28,26	33,26,20	-2	-2
1809	0,17,1	4,16,2	9,7,12	10,1,9	-2	-2
1810	35,47,34	48,22,29	22,32,14	16,17,21	-2	-2
1811	50,127,78	77,139,77	123,67,90	133,68,52	-2	-2
1812	27,30,22	12,6,3	13,12,18	8,1,0	-2	-2
1813	3,8,3	12,6,3	1,3,7	8,1,0	-2	-2
1815	4,9,4	24,35,28	2,3,0	15,32,23	-2	-2
1816	5,17,16	96,190,105	19,18,18	124,194,166	-2	-2
1818	4,8,1	3,13,11	6,3,4	18,1,3	-2	-2
1819	0,0,0	9,20,9	4,2,0	22,23,14	-2	-2
1820	0,1,2	9,13,11	0,0,0	17,11,6	-2	-2
1821	9,23,8	11,44,10	34,8,10	39,35,49	-2	-2
1822	23,44,11	4,6,3	25,35,27	10,7,8	-2	-2
1823	1,8,0	13,31,14	9,10,8	32,32,40	-2	-2
1826	59,89,28	219,206,118	48,53,87	154,109,164	-2	-2
1827	80,128,73	62,89,58	122,100,116	50,45,58	-2	-2
1828	13,16,6	23,19,26	11,10,9	11,17,16	-2	-2
1829	13,21,14	14,19,14	24,26,27	11,19,13	-2	-2
1830	5,11,8	5,14,13	5,15,29	10,11,5	-2	-2
1832	5,27,12	29,66,38	20,43,44	45,52,51	-2	-2
1833	2,22,1	8,51,11	4,8,11	59,32,27	-2	-2
1834	1,0,0	6,15,16	0,0,0	13,16,13	-2	-2
1835	14,22,29	30,36,48	37,81,35	56,34,23	-2	-2
1836	6,16,10	15,13,12	13,19,5	6,16,11	-2	-2
1837	4,14,10	2,3,15	12,16,4	7,0,2	-2	-2
1838	3,0,0	41,44,50	3,0,0	22,25,27	-2	-2
1839	4,17,10	27,41,21	19,14,13	36,25,14	-2	-2
1840	4286,5071,4061	5126,5453,4661	3692,3665,3051	4087,4177,3728	-2	-2
1842	0,1,0	1,4,1	1,0,1	0,1,0	-2	-2
1843	9,15,7	4,1,1	6,4,1	2,0,0	-2	-2
1844	0,0,0	8,17,4	1,0,0	6,10,17	-2	-2
1845	28,14,16	19,23,40	25,16,11	25,4,7	-2	-2
1846	27,16,17	19,23,40	27,16,11	25,4,7	-2	-2
1847	0,0,0	0,1,0	0,2,2	0,0,0	-2	-2
1848	2,7,4	1,3,2	4,5,4	1,1,3	-2	-2
1850	1,31,1	46,141,20	18,76,62	128,228,217	-2	-2
1851	0,2,0	0,0,2	0,0,0	2,6,1	-2	-2
1852	7,12,2	5,5,3	9,13,14	2,4,1	-2	-2
1853	17,15,4	0,1,1	9,25,26	0,0,0	-2	-2
1854	17,15,4	7,17,4	9,25,26	5,21,14	-2	-2
1855	0,1,1	7,17,4	0,0,0	5,21,14	-2	-2
1856	4,3,4	7,14,2	4,6,6	3,14,7	-2	-2
1857	0,0,0	0,3,1	0,0,1	2,1,2	-2	-2
1858	2,7,4	5,12,8	3,4,9	3,3,3	-2	-2
1859	1,2,2	1,11,3	2,0,1	3,1,4	-2	-2
1860	11,43,8	30,68,21	24,22,26	36,41,45	-2	-2
1861	12,51,18	25,59,17	38,39,48	33,37,40	-2	-2
1862	12,51,18	3,2,0	38,39,48	3,1,6	-2	-2
1863	17,61,22	25,52,24	39,43,53	32,39,45	-2	-2
1864	19,17,19	36,42,29	17,6,10	39,5,2	-2	-2
1865	0,8,12	11,18,12	6,9,12	11,12,10	-2	-2
1866	8,16,11	10,23,16	16,18,22	24,22,27	-2	-2
1867	8,56,19	27,79,49	48,52,41	102,46,49	-2	-2
1868	901,846,983	2144,1516,2228	584,730,618	1177,778,642	-2	-2
1869	2,0,1	5,8,6	6,2,3	5,2,1	-2	-2
1870	63,65,78	321,276,312	45,106,94	274,181,166	-2	-2
1871	154,123,102	217,192,207	151,79,100	211,66,75	-2	-2
1872	2,6,10	0,1,0	12,8,4	1,0,1	-2	-2
1873	0,9,0	5,13,0	1,5,9	6,2,6	-2	-2
1874	10,8,14	22,16,23	12,9,12	30,11,12	-2	-2
1876	5,2,4	599,627,617	4,1,1	581,339,393	-2	-2
1877	1,0,4	30,86,40	2,0,6	52,64,81	-2	-2
1879	29,56,44	35,30,36	16,18,18	40,28,28	-2	-2
1880	0,0,0	3,8,0	0,2,0	5,5,2	-2	-2
1881	2,2,3	34,54,20	4,5,3	34,27,40	-2	-2
1882	87,96,75	86,92,64	76,58,92	52,75,72	-2	-2
1883	3,16,8	0,1,0	22,18,17	0,0,0	-2	-2
1884	1,8,1	1,6,11	4,3,1	7,5,10	-2	-2
1885	16,40,15	22,18,19	12,23,28	13,5,7	-2	-2
1886	1,13,6	8,17,4	10,10,20	7,12,10	-2	-2
1887	44,38,30	44,26,55	18,22,23	33,24,21	-2	-2
1889	2,13,4	0,1,0	5,4,6	0,0,0	-2	-2
1890	2,6,8	17,7,13	4,2,0	5,7,4	-2	-2
1891	5,3,11	72,77,60	11,12,12	56,63,73	-2	-2
1892	5,3,11	1,1,0	11,10,12	1,3,0	-2	-2
1893	53,55,75	17,19,11	51,132,129	19,21,7	-2	-2
1894	0,4,0	0,1,9	4,2,1	1,0,3	-2	-2
1895	4,0,5	3,2,5	1,2,0	3,2,3	-2	-2
1896	14,23,5	14,22,16	9,10,13	24,21,16	-2	-2
1899	4,3,3	1,1,2	0,3,1	6,0,3	-2	-2
1900	1,0,3	1,1,2	2,1,0	2,1,3	-2	-2
1901	0,1,0	4,4,2	0,0,0	0,1,2	-2	-2
1902	6,6,2	2,6,2	8,4,0	2,4,2	-2	-2
1903	6,8,0	3,8,1	10,10,0	0,2,2	-2	-2
1904	2,8,0	1,0,0	10,10,0	0,0,0	-2	-2
1905	2,8,2	2,5,11	9,2,4	3,5,4	-2	-2
1906	0,2,1	2,3,0	2,0,0	4,3,2	-2	-2
1910	19,36,20	25,38,36	10,22,21	39,14,9	-2	-2
1911	3,20,1	7,52,5	32,22,7	40,54,46	-2	-2
1912	4,17,2	1,6,6	22,30,25	11,14,12	-2	-2
1913	2,19,3	1,5,6	16,19,15	11,15,12	-2	-2
1915	6,7,4	1,5,1	0,8,1	2,2,0	-2	-2
1916	4,1,4	0,0,0	1,10,17	0,0,1	-2	-2
1918	78,104,118	104,89,127	120,98,85	101,95,100	-2	-2
1922	16,62,28	33,71,44	29,22,8	60,38,38	-2	-2
1923	8,1,7	5,6,9	3,14,5	2,12,4	-2	-2
1924	2,2,0	7,8,8	3,2,4	6,6,6	-2	-2
1925	4,9,7	3,15,3	4,7,8	4,1,0	-2	-2
1927	2,5,1	14,28,11	3,4,1	24,17,10	-2	-2
1928	29,67,38	43,88,46	27,36,33	33,76,82	-2	-2
1930	7,25,6	60,98,53	14,12,5	32,54,37	-2	-2
1931	71,74,46	48,54,39	48,78,73	29,25,26	-2	-2
1932	26,59,17	20,89,68	38,39,24	61,64,94	-2	-2
1933	24,74,46	27,63,25	53,44,75	39,31,56	-2	-2
1937	3,9,11	38,53,39	5,5,6	32,44,29	-2	-2
1939	4,2,1	33,32,35	7,3,1	31,42,25	-2	-2
1940	18,24,19	73,59,72	12,24,32	47,42,45	-2	-2
1941	2,0,0	121,104,84	0,0,1	74,39,53	-2	-2
1943	7,15,8	15,18,18	5,33,22	26,37,19	-2	-2
1944	0,0,0	6,10,8	1,1,0	6,15,11	-2	-2
1945	14,15,8	14,19,12	11,34,17	12,21,14	-2	-2
1946	4,10,3	13,17,7	2,9,7	12,9,20	-2	-2
1947	0,0,1	0,3,2	3,0,1	14,2,0	-2	-2
1948	5,9,2	6,13,4	12,1,2	11,0,2	-2	-2
1949	3,9,5	34,30,13	13,3,3	17,24,27	-2	-2
1950	2,1,1	37,30,13	0,3,1	17,24,27	-2	-2
1951	8,33,23	7,32,6	17,36,39	17,17,20	-2	-2
1954	29,31,22	46,54,33	16,24,35	31,50,33	-2	-2
1955	6,12,5	5,19,4	8,9,15	10,5,5	-2	-2
1956	6,11,5	4,3,2	8,10,15	0,1,1	-2	-2
1957	6,11,5	0,5,0	8,10,15	5,1,5	-2	-2
1958	4,3,2	0,5,0	0,1,1	5,1,5	-2	-2
1959	2,30,2	0,6,0	17,12,17	5,0,5	-2	-2
1960	4,2,1	3,3,6	2,2,1	5,8,5	-2	-2
1961	95,63,74	185,138,170	81,58,42	110,142,135	-2	-2
1962	22,40,24	61,72,78	43,38,40	88,54,50	-2	-2
1963	0,1,0	32,47,20	0,0,1	42,47,44	-2	-2
1965	8,10,1	3,12,8	7,6,1	20,11,11	-2	-2
1966	0,0,0	3,11,6	0,2,0	20,10,11	-2	-2
1967	3,12,12	0,0,0	11,5,9	2,3,0	-2	-2
1968	14,19,14	13,26,11	26,35,17	6,2,4	-2	-2
1969	19,24,13	24,65,33	35,36,56	46,72,81	-2	-2
1970	2,16,5	24,65,33	6,6,12	46,72,81	-2	-2
1971	4,4,0	8,4,0	0,6,5	4,5,8	-2	-2
1972	20,39,26	26,24,23	23,34,30	10,9,20	-2	-2
1973	19,20,8	17,26,14	9,13,17	21,32,24	-2	-2
1974	4,3,3	1,3,1	6,3,4	0,2,0	-2	-2
1975	47,63,25	9,10,11	53,33,52	10,11,8	-2	-2
1977	3,3,1	24,43,34	1,2,2	57,34,27	-2	-2
1978	0,3,2	2,1,1	1,1,5	0,2,0	-2	-2
1979	11,15,6	17,26,11	10,15,18	25,13,21	-2	-2
1980	10,24,4	18,26,11	11,15,16	18,23,25	-2	-2
1981	39,50,26	112,127,68	55,56,65	52,63,74	-2	-2
1982	61,82,57	95,88,60	68,57,41	72,81,91	-2	-2
1983	1,0,0	69,84,40	0,0,0	34,44,35	-2	-2
1984	1,1,1	14,12,7	0,1,4	16,16,5	-2	-2
1985	0,0,1	0,0,1	0,0,0	1,1,0	-2	-2
1986	1,0,1	0,0,0	0,0,0	2,1,0	-2	-2
1987	25,33,28	39,45,31	24,41,21	14,45,33	-2	-2
1988	403,575,468	1393,1860,1477	463,639,573	1246,1657,1641	-2	-2
1989	1098,1580,932	1395,1861,1477	1252,806,853	1246,1657,1641	-2	-2
1990	1099,1561,931	1690,2116,1569	1250,804,849	1702,1706,1500	-2	-2
1991	128,187,188	744,775,641	145,304,288	609,517,449	-2	-2
1992	24,18,40	53,59,68	28,20,13	59,26,28	-2	-2
1993	318,395,296	215,236,253	265,231,187	158,163,144	-2	-2
1994	45,66,52	22,33,27	67,108,85	34,19,19	-2	-2
1995	58,59,50	41,73,37	63,51,58	40,63,60	-2	-2
1996	32,35,27	50,95,58	20,30,27	66,45,59	-2	-2
1998	21,21,15	74,87,59	10,25,30	49,67,43	-2	-2
2000	13,12,5	1,2,1	6,16,6	4,1,1	-2	-2
2001	6397,6016,6039	7058,6211,6460	5507,3522,3404	5175,4878,4389	-2	-2
2002	6,4,5	1,1,0	0,2,3	0,0,0	-2	-2
2004	60,45,49	3,0,0	47,18,32	1,0,0	-2	-2
2005	3,21,8	8,12,4	9,7,12	10,17,15	-2	-2
2006	1,1,1	54,32,36	0,0,0	21,24,33	-2	-2
2007	16,18,18	54,32,36	11,33,36	21,24,33	-2	-2
2008	2,4,8	14,19,22	0,6,10	12,8,11	-2	-2
2009	16,21,27	15,20,23	11,35,27	12,8,11	-2	-2
2011	1,2,7	7,5,4	0,6,5	7,5,6	-2	-2
2012	13,12,14	26,14,17	11,16,8	6,22,14	-2	-2
2014	8,16,11	35,54,36	11,12,8	31,47,36	-2	-2
2015	62,92,52	86,117,77	72,39,40	80,37,56	-2	-2
2016	106,186,96	91,189,97	143,117,131	119,79,89	-2	-2
2017	1,1,0	0,0,3	2,1,1	1,1,2	-2	-2
2018	22,28,26	58,48,40	23,19,16	31,28,39	-2	-2
2019	1,2,1	3,17,2	1,3,1	10,4,6	-2	-2
2020	3,1,1	0,1,0	0,1,3	1,0,0	-2	-2
2021	30,26,13	24,31,22	27,15,16	10,12,13	-2	-2
2022	26,23,6	20,13,8	23,7,5	32,14,20	-2	-2
2023	57,52,40	4,7,1	29,40,55	4,0,5	-2	-2
2024	4,9,9	103,76,77	6,7,4	39,61,73	-2	-2
2025	0,0,0	8,7,0	1,2,0	6,3,3	-2	-2
2027	19,16,21	36,76,31	35,25,28	43,33,41	-2	-2
2029	2,3,4	38,34,28	1,4,3	28,25,19	-2	-2
2030	2,3,4	54,55,40	1,3,3	55,36,30	-2	-2
2031	1,2,0	5,5,0	0,1,0	1,0,2	-2	-2
2033	165,185,133	390,348,317	129,169,187	246,354,402	-2	-2
2034	0,3,1	13,16,3	8,7,3	7,15,14	-2	-2
2035	157,306,145	183,211,166	299,106,100	178,104,98	-2	-2
2036	33,56,41	65,82,67	19,39,36	54,59,53	-2	-2
2037	4,0,1	65,82,67	2,1,0	54,59,53	-2	-2
2038	27,24,17	26,47,19	20,28,32	32,33,45	-2	-2
2039	79,107,68	62,122,109	98,89,62	107,75,80	-2	-2
2040	7,6,17	2,1,1	5,4,4	0,0,0	-2	-2
2041	6,11,3	45,34,19	6,7,6	31,31,26	-2	-2
2042	10,10,7	2,8,7	6,4,3	4,0,4	-2	-2
2043	9,17,6	7,21,14	5,17,9	8,14,8	-2	-2
2045	0,0,0	2,1,0	0,0,1	0,0,0	-2	-2
2046	4,14,2	0,0,1	8,4,5	0,0,0	-2	-2
2047	15,11,8	18,8,12	4,10,15	7,2,5	-2	-2
2048	0,0,0	12,16,5	4,0,2	7,10,13	-2	-2
2050	57,60,32	56,44,47	52,46,49	36,43,37	-2	-2
2052	13,10,19	5,1,5	19,11,11	2,2,6	-2	-2
2053	0,1,1	5,1,4	5,5,2	1,2,5	-2	-2
2054	12,36,30	33,170,36	62,84,51	160,130,168	-2	-2
2055	12,37,30	102,277,97	62,88,54	311,281,255	-2	-2
2056	27,179,34	98,244,91	155,140,242	242,266,234	-2	-2
2057	16,42,35	85,228,83	97,97,58	115,110,179	-2	-2
2058	16,42,35	2,3,1	97,97,58	7,1,1	-2	-2
2059	6,14,26	1,8,5	10,11,10	6,6,6	-2	-2
2060	12,42,30	2,6,1	67,89,56	9,2,5	-2	-2
2061	12,42,30	1,2,4	67,89,56	0,0,6	-2	-2
2062	5,19,20	4,7,29	16,20,14	13,9,8	-2	-2
2063	1,10,5	4,7,23	3,5,4	13,5,13	-2	-2
2064	12,42,30	4,7,23	67,90,52	13,5,13	-2	-2
2065	12,42,30	0,5,1	67,89,56	1,0,2	-2	-2
2066	25,178,39	0,0,0	154,149,246	2,0,0	-2	-2
2067	12,42,30	1,10,5	67,90,52	3,5,4	-2	-2
2068	26,168,34	1,5,4	150,139,226	4,5,2	-2	-2
2069	13,38,40	6,19,27	61,88,51	10,11,11	-2	-2
2070	25,167,38	6,14,26	144,138,230	11,11,9	-2	-2
2072	5,31,12	11,39,25	0,0,33	52,35,81	-2	-2
2073	8,55,25	5,36,17	56,38,67	0,0,52	-2	-2
2074	2,43,25	5,31,12	14,14,54	2,0,33	-2	-2
2075	0,5,4	9,33,23	17,14,10	7,5,71	-2	-2
2077	0,7,0	0,4,2	5,8,6	2,3,2	-2	-2
2078	9,23,10	9,28,16	15,8,7	18,15,6	-2	-2
2079	0,1,0	61,63,60	0,0,0	65,33,22	-2	-2
2080	65,44,97	3,0,3	43,154,92	1,4,7	-2	-2
2082	22,42,9	26,26,21	23,15,16	15,13,15	-2	-2
2084	51,85,41	1,0,0	50,73,56	0,1,2	-2	-2
2085	33,40,24	31,30,19	31,26,14	26,15,15	-2	-2
2086	0,2,1	5,5,2	5,2,2	5,3,2	-2	-2
2087	182,271,178	166,169,162	219,83,76	89,138,123	-2	-2
2088	89,112,84	2,7,7	112,19,25	11,1,2	-2	-2
2089	88,112,84	344,392,356	112,19,25	297,456,423	-2	-2
2090	57,110,49	53,142,48	122,115,108	133,101,136	-2	-2
2091	4,4,9	7,14,14	3,2,2	21,11,10	-2	-2
2093	7,20,15	6,24,12	21,12,12	13,7,2	-2	-2
2094	0,1,0	4,25,1	3,0,0	3,5,10	-2	-2
2095	56,42,37	48,59,46	16,14,4	37,36,39	-2	-2
2096	4,16,7	0,4,0	22,20,22	1,0,2	-2	-2
2097	4,20,1	36,149,27	19,9,13	142,88,98	-2	-2
2098	3,13,11	12,24,16	12,5,1	20,14,11	-2	-2
2099	4,29,5	6,18,5	9,15,11	17,11,14	-2	-2
2100	4,14,6	9,12,16	16,17,26	8,30,22	-2	-2
