ID	IJC_SAMPLE_1	SJC_SAMPLE_1	IJC_SAMPLE_2	SJC_SAMPLE_2	IncFormLen	SkipFormLen
0	6,2,5	205,220,264	2,5,7	115,170,158	-2	-1
4	2,3,0	1,7,2	0,5,2	2,2,2	-2	-1
6	23457,21612,14306	82,37,86	15429,11774,8713	43,24,25	-2	-1
7	4011,4970,2528	9,6,7	3181,1727,1314	11,4,4	-2	-1
9	12,1,5	1,0,1	3,13,14	3,0,0	-2	-1
10	22,31,35	0,0,1	25,31,31	0,1,1	-2	-1
14	3,0,0	25,37,30	0,1,0	18,19,27	-2	-1
15	5,4,2	0,1,0	7,3,1	0,0,0	-2	-1
16	2,6,1	1,1,0	8,4,4	0,1,0	-2	-1
17	18,26,32	30,27,35	18,10,16	74,73,24	-2	-1
18	15,20,17	0,2,0	15,12,14	0,0,0	-2	-1
20	0,2,0	57,52,55	0,0,2	49,55,26	-2	-1
24	40,66,45	34,32,20	44,60,60	29,31,39	-2	-1
25	53,34,45	7,11,10	39,24,18	8,3,3	-2	-1
27	2,1,5	3,9,7	4,0,1	10,6,5	-2	-1
29	22,25,26	1,0,0	23,37,36	0,0,0	-2	-1
30	118,143,92	2,0,0	106,117,104	1,1,0	-2	-1
32	82,73,85	10,12,5	41,38,41	4,7,3	-2	-1
33	15,25,24	75,78,80	23,18,11	85,56,62	-2	-1
38	9,21,12	1,0,0	16,26,19	0,2,0	-2	-1
46	5,8,8	20,14,19	7,19,17	13,59,45	-2	-1
47	0,2,3	1,3,3	3,5,9	2,1,1	-2	-1
49	3,3,2	9,11,5	4,2,7	10,6,7	-2	-1
50	7,9,9	0,1,0	3,18,15	0,0,3	-2	-1
51	17,4,12	7,6,6	11,7,2	6,0,3	-2	-1
52	0,3,1	4,8,5	0,0,0	0,7,4	-2	-1
55	27,42,33	1,1,0	29,50,29	0,2,2	-2	-1
56	32,24,13	0,0,0	14,25,19	0,1,0	-2	-1
61	0,0,0	0,1,2	0,2,0	1,0,0	-2	-1
63	12,15,9	0,2,0	16,21,8	0,1,1	-2	-1
64	15,13,11	1,0,2	3,10,11	0,0,0	-2	-1
66	0,0,0	11,4,4	0,0,1	14,14,7	-2	-1
68	1,0,1	0,0,0	0,1,0	1,0,0	-2	-1
75	33,45,29	0,0,0	36,30,31	1,0,0	-2	-1
77	1,23,9	0,1,0	19,17,18	0,2,1	-2	-1
78	4,14,6	4,7,5	17,8,12	10,7,6	-2	-1
79	25,30,22	53,78,41	51,22,7	91,38,44	-2	-1
80	2,0,1	1,0,0	0,3,4	0,0,0	-2	-1
85	1,3,0	4,6,2	6,0,1	10,5,8	-2	-1
86	2,10,2	0,1,0	7,8,11	0,2,0	-2	-1
91	13,10,12	0,0,0	9,2,1	1,0,0	-2	-1
92	33,34,36	0,1,0	24,35,9	0,0,0	-2	-1
95	0,0,0	3,13,4	0,1,0	12,15,9	-2	-1
96	19,20,18	1,1,1	21,19,28	4,4,2	-2	-1
97	41,32,23	8,5,4	17,22,28	8,5,4	-2	-1
98	34,6,39	0,0,0	22,13,14	1,0,0	-2	-1
99	182,120,130	3,2,0	76,71,69	1,1,2	-2	-1
101	6,9,15	0,2,0	7,9,6	0,0,1	-2	-1
109	4,8,4	0,0,0	2,6,3	0,2,0	-2	-1
110	2,6,2	0,3,0	6,6,7	1,1,0	-2	-1
111	2,1,0	84,67,84	0,0,0	30,32,31	-2	-1
112	9,17,12	0,0,3	8,9,8	0,0,0	-2	-1
113	20,26,15	0,1,0	12,15,10	0,0,1	-2	-1
114	0,9,3	1,1,3	3,5,13	1,4,0	-2	-1
117	10,11,4	0,0,0	5,11,10	1,0,2	-2	-1
118	13,18,6	0,0,0	7,9,6	1,0,0	-2	-1
119	203,167,151	8,7,16	156,147,149	9,8,5	-2	-1
120	5,11,5	1,18,0	10,15,7	8,16,10	-2	-1
121	13,19,16	0,0,0	12,15,14	0,0,1	-2	-1
123	7,11,4	8,11,6	12,8,9	6,9,7	-2	-1
125	28,50,15	24,21,9	18,24,21	11,18,12	-2	-1
126	0,0,2	0,6,2	1,1,0	1,5,5	-2	-1
127	3,1,1	4,2,8	1,1,4	3,2,5	-2	-1
129	3,10,5	31,39,33	16,13,8	52,22,19	-2	-1
130	3,2,1	0,0,0	2,2,8	0,1,0	-2	-1
136	0,0,0	0,0,2	3,0,0	1,0,1	-2	-1
140	6,10,0	0,3,0	1,12,7	1,0,2	-2	-1
142	3,1,0	4,4,0	1,0,0	0,1,0	-2	-1
143	0,1,2	0,2,2	0,6,1	1,2,0	-2	-1
148	29,41,29	19,30,21	42,26,42	28,27,24	-2	-1
153	0,0,0	0,1,0	0,3,0	2,2,0	-2	-1
155	0,0,0	2,10,3	0,0,1	6,5,9	-2	-1
157	0,1,0	4,9,0	1,4,3	6,5,11	-2	-1
158	1,8,4	3,5,0	4,6,9	2,2,2	-2	-1
159	0,1,1	3,5,0	0,0,0	2,2,2	-2	-1
162	0,2,0	4,6,1	0,0,0	4,8,4	-2	-1
163	0,2,0	9,9,8	0,0,0	6,13,4	-2	-1
164	4,6,1	9,9,8	4,8,4	6,13,4	-2	-1
167	2,5,0	1,4,0	4,6,2	3,1,1	-2	-1
169	21,24,26	1,0,0	30,30,15	1,0,0	-2	-1
170	9,16,11	1,0,0	16,18,13	1,0,0	-2	-1
171	10,18,12	1,0,0	18,19,12	1,0,0	-2	-1
172	0,0,0	12,8,15	0,0,1	14,12,3	-2	-1
173	1,2,1	12,8,15	2,1,0	14,12,3	-2	-1
174	1,2,1	0,0,0	2,1,0	0,0,1	-2	-1
175	23,26,12	0,0,1	21,21,17	0,0,0	-2	-1
176	9,16,12	0,0,1	16,18,13	0,0,0	-2	-1
177	0,0,1	14,10,1	0,0,1	5,3,5	-2	-1
178	2,0,0	734,742,669	0,0,0	492,722,689	-2	-1
184	3,8,1	9,24,10	2,0,1	15,7,6	-2	-1
185	14,13,5	0,2,0	8,12,7	0,2,0	-2	-1
186	0,10,1	5,17,3	7,16,12	3,25,8	-2	-1
187	1,0,0	2,1,2	2,0,0	6,2,0	-2	-1
188	0,0,0	2,0,0	1,0,0	1,0,0	-2	-1
189	11,35,22	3,5,4	22,10,17	3,0,1	-2	-1
193	0,3,0	0,0,0	1,3,1	1,2,0	-2	-1
196	10,9,7	1,0,0	11,12,5	0,0,0	-2	-1
199	11,10,4	21,30,26	9,8,4	15,32,36	-2	-1
208	12,18,4	0,1,0	11,6,5	1,0,0	-2	-1
210	38,39,40	0,0,1	46,36,20	0,0,1	-2	-1
211	12,14,15	67,65,72	17,18,17	85,66,50	-2	-1
212	0,0,0	1,2,3	0,1,0	0,0,0	-2	-1
215	1,3,0	3,0,0	0,1,2	0,0,0	-2	-1
217	15,15,4	1,0,0	3,15,12	0,0,0	-2	-1
218	0,2,0	1,0,0	0,3,0	0,0,0	-2	-1
219	1,0,0	0,0,1	2,0,1	0,0,0	-2	-1
226	1,2,1	0,0,0	1,12,2	0,2,0	-2	-1
227	1,3,0	0,2,1	0,1,4	4,2,1	-2	-1
234	1,1,0	24,95,31	0,0,2	58,68,103	-2	-1
241	3,2,1	2,0,0	0,2,0	0,1,0	-2	-1
244	30,21,34	0,0,3	32,19,19	0,1,0	-2	-1
245	4,5,9	0,1,0	2,5,1	0,1,1	-2	-1
246	18,53,15	2,5,4	41,31,32	6,5,5	-2	-1
247	1,3,3	2,2,2	1,3,4	3,6,3	-2	-1
248	18,34,11	1,1,4	18,26,17	0,1,0	-2	-1
255	13,7,14	0,1,1	4,8,1	0,0,0	-2	-1
256	8,9,8	3,11,6	5,8,5	0,5,5	-2	-1
260	4,4,5	16,90,6	6,6,1	69,33,15	-2	-1
261	0,89,0	0,5,0	54,33,16	2,0,0	-2	-1
263	0,1,0	18,15,12	0,0,0	7,2,8	-2	-1
265	4,5,3	0,1,0	3,1,3	0,0,0	-2	-1
271	1,6,7	2,1,2	4,4,4	0,0,0	-2	-1
272	2,2,5	7,37,6	6,5,0	9,26,12	-2	-1
276	176,312,234	38,23,44	364,358,513	18,40,36	-2	-1
277	1,2,0	0,1,0	2,0,0	0,0,0	-2	-1
279	9,7,3	0,1,1	6,2,0	0,2,2	-2	-1
281	1,6,1	0,1,0	1,0,2	0,0,0	-2	-1
283	2,4,4	3,6,1	5,1,1	2,1,0	-2	-1
285	22,44,12	0,0,0	27,50,54	0,2,1	-2	-1
291	28,17,22	2,1,3	13,3,0	1,0,0	-2	-1
293	14,21,9	2,5,1	6,10,9	1,0,2	-2	-1
294	1,7,0	5,5,3	6,4,4	3,9,0	-2	-1
295	3,1,0	1,6,8	0,2,0	5,5,5	-2	-1
297	0,0,0	0,4,2	0,0,1	1,2,0	-2	-1
298	1,0,0	0,4,2	0,0,0	1,2,0	-2	-1
299	1,0,0	0,0,0	0,0,0	0,0,1	-2	-1
301	3,4,5	0,0,1	8,6,6	0,0,0	-2	-1
302	7,3,6	2,3,5	6,4,5	3,5,1	-2	-1
304	1,9,2	1,1,2	2,3,6	0,0,1	-2	-1
306	16,21,25	7,3,7	17,14,11	3,1,0	-2	-1
307	18,0,14	72,100,75	0,15,10	50,101,77	-2	-1
309	1,0,0	19,18,14	0,0,0	11,5,4	-2	-1
310	0,1,0	14,19,8	4,1,0	21,15,16	-2	-1
311	0,13,2	4,6,4	11,11,9	3,10,13	-2	-1
312	11,8,3	1,4,1	6,5,1	1,2,3	-2	-1
314	0,4,1	0,1,0	1,3,2	0,0,0	-2	-1
315	20,37,12	9,15,3	24,51,59	6,25,20	-2	-1
318	31,27,27	6,6,5	11,12,20	3,7,7	-2	-1
319	30,47,33	11,8,8	25,12,15	2,2,8	-2	-1
323	35,33,39	0,0,0	27,39,33	0,2,0	-2	-1
324	3,2,3	35,26,28	1,1,1	25,14,23	-2	-1
326	16,15,18	1,0,0	13,1,11	0,1,0	-2	-1
327	60,176,105	74,187,119	97,131,129	131,161,154	-2	-1
329	0,5,2	0,1,0	4,1,0	0,1,0	-2	-1
330	2,0,1	1,5,1	0,0,0	6,1,1	-2	-1
331	0,0,1	14,37,13	0,0,0	17,28,38	-2	-1
332	2,7,0	0,3,0	6,7,8	0,0,0	-2	-1
333	6,1,5	16,25,25	5,2,5	15,20,26	-2	-1
334	2,0,0	1,6,0	0,0,0	7,1,4	-2	-1
336	1,1,2	2,2,5	0,1,2	5,6,1	-2	-1
337	0,0,0	1,4,1	1,3,5	2,2,1	-2	-1
338	0,3,2	0,1,0	0,7,2	0,0,0	-2	-1
339	0,1,0	18,26,11	2,0,0	27,45,24	-2	-1
341	0,2,1	106,108,93	1,4,8	119,290,276	-2	-1
344	45,35,35	0,2,1	22,33,28	0,1,3	-2	-1
345	2,2,1	1,24,2	13,3,11	16,12,13	-2	-1
346	2,8,2	0,0,0	1,3,4	0,2,0	-2	-1
352	4,9,9	0,0,0	15,5,5	0,2,0	-2	-1
353	97,111,111	0,0,1	88,97,98	1,0,0	-2	-1
354	3,1,3	9,9,15	0,2,2	11,7,11	-2	-1
355	131,120,164	0,1,0	112,97,73	0,0,0	-2	-1
357	0,0,1	16,8,12	0,0,0	14,19,9	-2	-1
360	10,21,21	0,0,1	13,8,8	2,3,0	-2	-1
364	0,0,2	18,26,22	0,0,0	10,3,4	-2	-1
365	12,18,25	0,1,0	7,16,13	0,0,1	-2	-1
366	16,25,24	0,1,1	14,11,9	0,0,0	-2	-1
369	498,549,543	0,0,0	345,393,510	0,1,0	-2	-1
370	263,333,253	5,18,12	162,248,344	5,13,6	-2	-1
371	2,1,5	96,127,108	1,3,4	67,98,122	-2	-1
372	160,216,204	96,127,108	177,204,252	67,98,122	-2	-1
373	160,216,204	2,1,5	177,204,252	1,3,4	-2	-1
376	16,35,27	0,0,0	38,36,36	1,0,0	-2	-1
377	4,15,8	27,178,60	11,13,10	165,157,148	-2	-1
378	99,309,105	1,7,0	280,257,234	3,5,4	-2	-1
379	2,27,7	70,247,90	9,10,14	176,193,172	-2	-1
381	35,149,34	62,259,98	82,61,87	183,177,149	-2	-1
382	236,346,227	5,3,6	235,244,274	5,7,9	-2	-1
383	0,0,0	1,1,0	1,0,0	0,0,2	-2	-1
384	1,0,0	1,1,0	0,0,0	0,0,2	-2	-1
386	0,1,0	2,5,2	1,4,1	3,12,19	-2	-1
388	14,47,23	0,0,1	24,23,24	3,0,2	-2	-1
389	9,7,8	22,36,25	9,14,16	25,45,29	-2	-1
390	1,1,5	6,17,4	1,3,1	10,12,16	-2	-1
391	1038,805,1133	3,1,1	488,870,793	0,2,0	-2	-1
393	0,1,0	0,0,1	0,0,1	3,1,1	-2	-1
394	28,31,25	1,0,1	27,40,32	0,3,2	-2	-1
400	13,23,15	1,0,1	10,10,5	0,1,2	-2	-1
401	1,3,0	10,19,19	0,1,0	21,8,8	-2	-1
402	1,1,0	7,11,1	5,0,2	13,5,6	-2	-1
405	0,0,1	6,4,4	0,2,0	5,7,3	-2	-1
417	22,44,27	14,8,5	42,38,33	3,4,4	-2	-1
418	18,39,17	1,2,2	31,27,35	0,0,2	-2	-1
419	14,21,3	0,2,1	23,21,18	2,0,1	-2	-1
420	0,0,0	57,103,77	0,1,0	81,96,91	-2	-1
422	6,15,5	3,3,1	0,18,12	0,9,2	-2	-1
423	101,111,145	0,0,0	37,251,235	0,0,1	-2	-1
425	2,14,26	7,1,2	8,7,1	4,2,0	-2	-1
426	1,9,3	25,27,8	5,3,3	15,10,18	-2	-1
430	1,4,5	11,1,5	2,2,1	13,10,3	-2	-1
431	0,3,3	11,1,5	8,0,3	13,10,3	-2	-1
432	0,3,3	1,4,5	8,0,3	2,2,1	-2	-1
434	0,3,1	15,20,10	5,2,3	28,27,21	-2	-1
435	0,1,1	1,2,2	0,0,0	0,3,0	-2	-1
446	2,0,1	0,0,0	0,0,0	0,0,1	-2	-1
447	33,37,43	17,24,22	18,24,33	7,29,17	-2	-1
448	0,1,0	0,0,0	0,0,0	0,0,2	-2	-1
451	24,24,9	0,0,0	19,29,22	0,3,0	-2	-1
452	64,62,76	32,43,36	35,27,26	19,23,23	-2	-1
459	44,73,38	0,0,2	54,74,67	0,0,0	-2	-1
460	0,5,3	0,3,0	2,1,0	0,1,0	-2	-1
464	93,74,97	3,1,0	38,40,41	1,1,1	-2	-1
465	2,0,0	0,1,0	0,0,1	0,0,0	-2	-1
467	4,3,2	2,0,0	0,0,0	0,0,1	-2	-1
468	0,1,0	0,3,1	0,0,0	0,0,1	-2	-1
469	0,1,1	5,10,4	3,3,1	8,10,8	-2	-1
470	2,1,0	0,2,0	0,6,8	1,0,4	-2	-1
473	0,1,5	306,222,291	0,2,4	225,292,225	-2	-1
479	0,0,2	195,275,208	1,3,0	171,137,179	-2	-1
480	0,0,0	195,275,208	0,0,1	171,137,179	-2	-1
481	0,0,0	0,0,2	0,0,1	1,3,0	-2	-1
488	0,0,0	2,4,0	0,1,1	3,4,2	-2	-1
490	1,2,5	0,1,0	2,2,0	0,0,0	-2	-1
494	242,154,159	82,44,55	110,151,152	20,55,43	-2	-1
495	17,14,30	97,33,63	16,5,6	34,37,24	-2	-1
496	4,8,6	3,13,3	9,9,10	0,4,4	-2	-1
500	47,55,33	57,69,42	25,5,15	26,12,62	-2	-1
501	52,52,39	6,5,4	20,6,14	1,2,3	-2	-1
508	4,7,3	15,14,6	1,7,6	4,12,5	-2	-1
510	37,38,33	54,101,39	24,6,14	51,23,11	-2	-1
513	9,18,13	0,0,1	12,4,4	3,0,0	-2	-1
520	14,19,11	31,32,22	20,20,26	30,45,24	-2	-1
524	15,36,16	29,54,21	35,26,22	64,80,62	-2	-1
527	1,8,5	0,0,3	3,5,4	0,0,0	-2	-1
528	0,15,3	0,0,0	3,3,7	0,1,0	-2	-1
530	11,16,9	0,2,0	22,19,13	3,2,4	-2	-1
532	0,0,0	16,21,13	0,0,1	26,32,31	-2	-1
536	3,0,4	1,1,1	3,4,3	1,0,0	-2	-1
537	15,33,30	3,12,6	35,25,21	4,6,3	-2	-1
539	7,21,11	2,4,0	7,12,9	5,0,0	-2	-1
541	2,7,2	0,4,2	12,22,14	6,3,1	-2	-1
542	0,6,0	3,13,6	0,3,3	19,28,30	-2	-1
544	1,8,2	0,1,1	1,7,5	0,2,2	-2	-1
545	2,10,2	2,2,2	0,4,3	5,1,1	-2	-1
547	4,7,2	0,0,0	4,7,4	0,2,0	-2	-1
548	0,0,0	5,7,7	1,1,0	2,10,7	-2	-1
552	0,3,0	11,8,4	1,0,0	1,9,11	-2	-1
553	1,7,1	68,59,65	2,5,1	30,51,36	-2	-1
554	12,12,5	68,59,65	2,14,12	30,51,36	-2	-1
555	0,0,0	3,2,5	0,1,0	0,0,5	-2	-1
556	0,0,0	123,66,97	0,1,0	54,114,78	-2	-1
557	3,2,5	123,66,97	0,0,5	54,114,78	-2	-1
558	3,7,1	2,0,0	1,4,3	0,2,0	-2	-1
561	8,0,9	89,87,149	3,13,7	52,143,125	-2	-1
565	0,1,0	0,1,2	0,1,0	1,4,6	-2	-1
566	72,78,97	1134,1252,1043	63,95,99	798,1597,1279	-2	-1
567	4,1,3	1,0,2	2,5,4	2,0,0	-2	-1
569	36,41,41	0,0,0	33,48,33	0,0,1	-2	-1
572	14,15,8	0,0,0	14,33,19	0,1,0	-2	-1
579	0,3,6	22,20,31	4,2,0	10,14,8	-2	-1
580	2,3,1	89,110,134	1,0,0	64,51,61	-2	-1
582	0,1,1	1,3,1	6,5,1	1,3,1	-2	-1
583	0,8,2	0,0,0	9,7,11	0,0,1	-2	-1
584	6,14,11	1,0,0	4,13,22	0,0,0	-2	-1
585	10,19,7	0,0,1	16,14,16	0,0,0	-2	-1
586	1,1,1	8,6,7	0,0,1	2,6,3	-2	-1
591	9,73,21	3,1,0	42,60,80	2,0,0	-2	-1
593	17,24,8	0,1,0	30,11,17	0,0,0	-2	-1
598	0,0,0	2,6,2	2,1,1	12,2,2	-2	-1
599	1,2,3	0,2,0	2,0,0	0,0,0	-2	-1
600	17,16,7	20,44,18	12,8,5	6,10,13	-2	-1
602	8,8,4	0,3,1	6,0,4	0,0,3	-2	-1
604	21,82,25	3,0,0	44,67,71	0,0,2	-2	-1
605	25,118,34	0,0,0	40,89,88	0,1,0	-2	-1
606	25,27,40	0,0,0	25,30,25	0,0,1	-2	-1
608	84,76,102	1,0,1	32,91,67	0,0,1	-2	-1
611	8,2,16	17,9,14	4,7,7	10,6,4	-2	-1
612	3,6,2	6,1,3	3,6,3	5,9,4	-2	-1
617	1,0,0	0,1,1	0,0,1	0,3,0	-2	-1
619	1,5,1	0,0,0	3,12,8	0,0,1	-2	-1
620	1,3,5	20,18,15	4,2,0	14,17,14	-2	-1
622	1,6,0	0,2,0	2,3,2	0,1,0	-2	-1
623	5,15,11	5,14,3	16,17,12	6,4,4	-2	-1
624	26,31,30	0,1,1	13,15,14	0,0,0	-2	-1
631	36,69,43	0,1,1	54,69,37	0,0,2	-2	-1
634	55,43,64	2,2,1	53,51,43	0,3,2	-2	-1
635	13,13,20	2,2,1	14,19,14	0,3,2	-2	-1
641	5,1,383	2,6,419	8,3,2	8,3,11	-2	-1
644	1,1,76	2,2,26	8,1,2	2,5,5	-2	-1
645	0,2,0	11,33,8	0,0,0	16,22,23	-2	-1
646	13,13,13	7,8,9	5,6,2	2,5,7	-2	-1
647	0,0,0	1,1,0	0,0,1	2,2,0	-2	-1
648	0,1,0	1,5,2	3,2,7	5,0,5	-2	-1
653	0,3,1	9,33,5	0,1,0	33,32,40	-2	-1
654	27,41,34	2,2,1	32,45,38	10,8,6	-2	-1
656	2,2,0	2,10,0	1,3,2	2,9,4	-2	-1
658	1,1,1	1,1,1	3,3,0	0,1,2	-2	-1
661	0,0,3	1,2,3	0,3,1	0,0,0	-2	-1
663	36,83,30	4,2,1	51,51,47	0,0,4	-2	-1
665	40,93,64	1,6,2	49,39,46	4,6,9	-2	-1
666	239,324,250	0,0,0	293,434,443	0,2,0	-2	-1
667	23,20,14	5,3,3	9,11,14	5,2,3	-2	-1
668	0,0,2	0,1,0	0,1,4	0,0,0	-2	-1
669	0,0,2	1,0,0	0,1,4	0,0,0	-2	-1
675	6,6,5	3,13,4	1,2,1	7,3,4	-2	-1
679	8,8,7	2,2,3	5,9,7	0,0,0	-2	-1
686	0,0,1	6,0,2	0,4,2	2,1,6	-2	-1
687	2,0,2	14,6,13	0,2,0	8,11,23	-2	-1
689	12,46,16	0,2,2	13,7,7	1,1,1	-2	-1
698	10,14,6	0,0,1	9,16,15	0,0,0	-2	-1
699	4,18,4	0,1,0	11,25,29	1,0,0	-2	-1
700	10,21,10	0,0,0	2,19,21	1,0,0	-2	-1
701	3,6,2	0,0,0	2,4,1	0,4,2	-2	-1
702	0,6,8	0,4,1	7,4,1	1,2,2	-2	-1
704	6,20,10	1,0,0	9,19,9	0,1,2	-2	-1
708	1,0,1	2,5,1	1,2,4	0,2,3	-2	-1
709	6,10,2	25,100,19	9,6,6	47,28,79	-2	-1
710	224,471,168	2,1,1	293,369,394	6,11,4	-2	-1
711	0,0,0	2,0,0	0,2,0	1,2,2	-2	-1
713	0,3,0	22,78,40	1,0,0	32,25,14	-2	-1
714	2,1,0	3,5,2	2,1,4	3,5,4	-2	-1
715	7,3,8	52,46,56	3,4,8	29,65,62	-2	-1
716	0,1,0	1,0,0	0,0,1	0,0,0	-2	-1
717	3,1,3	5,2,4	1,0,0	1,0,0	-2	-1
721	4,2,2	9,2,2	2,6,11	7,11,6	-2	-1
722	25,28,26	0,2,0	13,25,17	1,1,1	-2	-1
723	57,77,49	0,7,4	48,109,74	0,11,11	-2	-1
725	41,69,48	1,1,1	58,83,106	2,0,5	-2	-1
727	7,8,1	110,107,85	2,10,4	65,117,72	-2	-1
729	130,216,188	26,40,15	127,145,175	36,31,20	-2	-1
733	9,26,11	0,1,0	16,15,12	2,0,1	-2	-1
734	0,0,0	0,4,0	0,0,2	0,1,0	-2	-1
739	26,21,33	0,1,0	11,20,11	0,0,0	-2	-1
743	2,0,0	12,9,14	0,0,0	9,2,5	-2	-1
744	14,25,21	0,0,0	12,5,20	1,0,0	-2	-1
752	20,18,15	5,9,10	9,7,9	0,1,8	-2	-1
753	20,48,36	2,1,2	22,22,6	1,0,1	-2	-1
755	1,0,0	38,60,54	0,0,0	43,41,36	-2	-1
759	8,11,4	10,23,8	14,7,13	19,24,13	-2	-1
760	6,35,19	1,2,0	25,51,29	5,2,4	-2	-1
762	0,0,2	0,0,2	0,0,1	0,1,0	-2	-1
763	1,1,2	0,0,1	2,2,3	0,4,0	-2	-1
764	1,1,2	0,0,1	2,3,2	0,4,0	-2	-1
769	4,5,3	5,4,7	0,0,2	6,1,0	-2	-1
770	12,6,11	0,3,1	1,18,11	3,1,0	-2	-1
771	3,6,6	3,2,0	4,5,3	2,2,1	-2	-1
772	6,15,4	2,3,1	6,2,3	1,0,2	-2	-1
773	0,2,0	2,1,0	1,2,1	7,3,1	-2	-1
774	1,5,0	0,4,0	1,0,5	1,0,1	-2	-1
775	2,9,3	0,0,0	5,7,1	0,1,0	-2	-1
776	1,1,1	0,0,0	0,4,0	0,2,0	-2	-1
778	93,119,120	3,0,4	88,132,131	0,5,4	-2	-1
779	169,159,175	2,1,2	113,149,149	1,3,1	-2	-1
780	9,10,3	3,2,0	6,3,7	0,2,1	-2	-1
781	6,3,0	1,1,1	1,2,2	4,3,1	-2	-1
782	4,3,7	0,2,2	9,8,10	0,2,0	-2	-1
783	0,0,0	0,2,0	0,0,1	0,2,2	-2	-1
784	0,0,2	1,2,0	0,2,0	1,1,1	-2	-1
785	1,0,1	1,0,0	0,2,0	0,0,0	-2	-1
786	0,0,1	0,0,0	1,0,0	0,1,0	-2	-1
789	18,24,28	22,17,28	5,23,25	11,9,13	-2	-1
790	1,0,0	10,9,7	0,1,0	11,3,22	-2	-1
791	12,24,10	0,1,0	17,10,10	0,0,1	-2	-1
794	0,0,0	5,4,1	0,0,1	2,5,5	-2	-1
795	8,22,7	4,3,0	3,5,9	1,2,5	-2	-1
796	2,16,3	1,2,1	13,26,5	5,1,5	-2	-1
797	7,15,4	0,0,0	4,15,6	0,2,1	-2	-1
798	61,197,92	7,12,3	111,57,84	10,5,5	-2	-1
802	5,4,3	0,1,0	0,5,4	0,0,0	-2	-1
803	0,0,0	1,0,0	2,0,0	0,0,0	-2	-1
804	74,43,107	0,0,2	42,104,83	0,0,1	-2	-1
805	7,28,12	27,34,38	14,24,28	20,31,45	-2	-1
806	0,1,0	35,44,37	0,0,0	34,46,45	-2	-1
812	1,4,1	0,1,1	1,1,1	0,1,0	-2	-1
814	8,14,12	1,7,2	5,7,9	2,2,2	-2	-1
815	1,0,0	8,16,11	0,0,2	17,9,20	-2	-1
816	22,25,21	0,1,0	8,20,19	0,0,0	-2	-1
817	14,7,5	0,2,2	11,8,5	0,0,0	-2	-1
818	0,1,0	5,4,2	0,0,0	0,0,2	-2	-1
821	7,14,8	1,20,1	18,8,6	5,4,6	-2	-1
822	9,8,4	0,1,0	5,6,2	0,0,1	-2	-1
824	200,162,243	0,0,0	176,45,61	1,0,0	-2	-1
825	14,11,1	1,0,0	3,7,10	0,0,2	-2	-1
827	44,28,26	0,0,1	15,17,14	0,1,0	-2	-1
830	2,8,2	2,4,1	2,0,4	2,1,0	-2	-1
831	0,2,0	0,0,0	5,2,4	2,3,0	-2	-1
833	0,0,1	12,6,9	4,0,0	2,7,6	-2	-1
835	3,7,2	0,1,1	8,3,7	1,2,3	-2	-1
836	5,14,15	2,8,6	10,11,12	7,4,2	-2	-1
840	41,36,40	4,5,8	13,11,25	6,13,12	-2	-1
841	49,36,51	6,5,10	22,21,24	1,5,5	-2	-1
842	42,31,48	4,1,0	17,32,17	0,2,0	-2	-1
843	11,18,14	1,0,0	9,6,5	0,0,0	-2	-1
844	8,9,5	17,26,18	7,3,8	7,12,9	-2	-1
845	3,0,4	1,8,4	1,0,0	2,0,0	-2	-1
848	9,16,14	0,0,0	10,16,26	0,0,1	-2	-1
852	0,1,4	5,5,6	2,1,0	4,7,9	-2	-1
864	0,4,1	15,3,3	2,4,5	4,1,5	-2	-1
865	17,15,7	2,0,0	3,4,6	0,0,0	-2	-1
867	11,12,5	76,108,64	12,10,7	97,95,106	-2	-1
868	0,1,0	84,103,67	0,0,0	86,71,99	-2	-1
870	84,103,67	0,0,3	86,71,99	0,0,0	-2	-1
871	62,447,42	9,52,1	346,1034,939	49,125,140	-2	-1
881	2357,1277,2636	39689,30297,43510	1254,1310,1119	25322,20295,18646	-2	-1
882	0,0,1	4,0,1	0,0,3	0,4,7	-2	-1
884	65,93,114	101,101,111	68,50,46	73,48,54	-2	-1
889	1,0,0	1,3,6	0,0,1	2,0,2	-2	-1
892	6,14,6	0,1,2	4,3,10	0,2,1	-2	-1
893	2,5,3	2,3,1	4,5,3	2,4,2	-2	-1
896	17,39,11	0,1,2	31,31,26	5,3,4	-2	-1
899	4,1,1	0,0,2	8,4,0	1,0,1	-2	-1
900	0,0,2	1,1,3	0,0,0	2,3,2	-2	-1
901	0,1,0	1,2,4	1,0,0	0,2,0	-2	-1
903	1,0,6	2,1,6	0,3,1	3,0,0	-2	-1
907	0,0,0	5,5,4	1,0,0	5,3,5	-2	-1
908	2,4,4	1,0,1	7,5,4	0,0,0	-2	-1
909	8,8,10	73,87,87	5,3,7	51,66,60	-2	-1
913	3,2,4	5,3,10	3,10,0	5,10,4	-2	-1
917	4,1,4	0,2,0	5,0,0	0,0,1	-2	-1
920	0,3,2	2,4,4	4,1,0	5,2,0	-2	-1
921	4,8,9	5,5,11	6,0,3	6,2,8	-2	-1
923	1,1,2	0,0,0	1,0,1	0,1,0	-2	-1
924	4,0,0	0,7,1	0,2,1	0,0,1	-2	-1
931	1,0,1	14,27,14	0,1,0	19,54,45	-2	-1
932	2,0,0	20,40,20	1,0,1	17,22,25	-2	-1
934	5,0,0	1,0,3	0,3,1	1,0,0	-2	-1
937	2,4,6	5,0,2	2,6,3	0,8,2	-2	-1
942	31,71,32	1,0,1	44,40,46	0,0,0	-2	-1
946	2,1,4	0,0,0	1,3,3	0,0,1	-2	-1
949	2,2,1	58,113,76	2,0,1	65,60,65	-2	-1
950	3,8,5	3,0,2	4,2,2	3,0,4	-2	-1
951	0,4,7	7,4,4	0,2,4	9,7,5	-2	-1
952	3,4,0	1,2,0	2,0,1	1,0,0	-2	-1
954	85,554,168	2,3,0	243,126,109	0,2,0	-2	-1
958	0,0,0	1,5,4	1,0,2	5,3,1	-2	-1
961	5,12,5	401,635,296	13,7,8	482,244,269	-2	-1
962	3,10,5	4,6,1	4,5,3	5,1,8	-2	-1
963	1,1,1	4,9,5	0,0,0	10,3,7	-2	-1
967	181,87,151	8,8,10	157,115,96	7,1,0	-2	-1
969	0,0,0	10,20,3	1,0,0	11,17,22	-2	-1
970	0,1,0	5,5,6	0,0,0	1,5,2	-2	-1
972	10,6,6	0,0,0	0,12,10	1,0,0	-2	-1
973	6,9,1	1,1,0	1,5,3	0,0,0	-2	-1
974	545,382,572	0,1,2	276,353,305	0,0,0	-2	-1
975	0,0,1	0,0,1	1,1,0	0,0,0	-2	-1
977	1,2,2	0,0,0	1,1,1	1,0,0	-2	-1
982	0,8,1	0,0,0	3,10,6	1,1,2	-2	-1
983	1,2,10	893,479,1090	1,0,0	627,242,231	-2	-1
984	9,9,7	617,442,787	5,6,1	524,233,197	-2	-1
985	754,356,725	2,0,1	421,116,120	0,1,0	-2	-1
986	0,2,1	5,1,0	3,7,4	0,2,5	-2	-1
987	10,13,5	11,15,5	3,9,9	12,7,13	-2	-1
989	45,100,49	0,2,1	67,71,59	3,0,0	-2	-1
990	34,104,25	0,1,0	74,50,44	0,0,0	-2	-1
1003	17,10,13	1,0,0	12,5,15	0,0,0	-2	-1
1004	22,34,18	1,0,1	13,15,15	0,1,1	-2	-1
1005	1,0,0	10,24,7	0,0,0	8,18,18	-2	-1
1006	1,6,0	9,17,9	1,3,1	9,12,3	-2	-1
1007	12,5,13	7,12,9	8,7,8	6,5,10	-2	-1
1008	23,14,30	0,0,0	11,10,8	1,0,0	-2	-1
1010	0,1,0	0,0,2	4,0,2	0,0,0	-2	-1
1011	0,0,0	2,2,5	0,0,2	2,6,2	-2	-1
1012	5,8,4	2,8,1	1,1,3	2,2,1	-2	-1
1015	10,11,10	0,0,0	5,1,1	1,0,0	-2	-1
1016	25,17,13	0,1,0	9,15,7	0,0,0	-2	-1
1020	8,30,23	0,0,0	23,25,17	1,0,1	-2	-1
1027	2,2,0	11,14,5	5,1,2	17,10,9	-2	-1
1029	5,6,6	0,0,4	9,3,3	1,1,2	-2	-1
1031	42,50,44	2,1,3	26,51,42	2,6,1	-2	-1
1032	0,3,2	66,48,80	2,0,2	32,36,25	-2	-1
1033	7,12,7	27,30,27	14,9,12	9,9,18	-2	-1
1034	30,28,28	1,0,0	5,31,17	0,0,0	-2	-1
1035	1,4,0	12,39,25	0,3,0	16,18,17	-2	-1
1036	6,9,4	12,39,25	11,7,12	16,18,17	-2	-1
1037	6,9,4	1,4,0	11,7,12	0,3,0	-2	-1
1038	7,9,6	0,1,0	5,11,6	0,0,0	-2	-1
1043	4,3,1	6,12,8	6,2,1	9,5,1	-2	-1
1044	7,17,19	18,16,7	13,15,22	14,4,11	-2	-1
1048	0,10,0	0,18,4	0,1,4	0,1,8	-2	-1
1049	0,1,0	28,23,48	1,2,1	33,38,24	-2	-1
1050	64,60,80	2,1,1	35,27,15	1,1,1	-2	-1
1053	2,12,8	3,4,4	12,8,11	6,5,5	-2	-1
1054	6,11,5	0,0,0	6,2,7	1,0,0	-2	-1
1056	12,16,9	0,0,1	8,22,15	0,0,0	-2	-1
1057	1,3,1	0,6,0	1,0,3	0,0,0	-2	-1
1058	0,0,0	3,8,3	1,1,0	3,3,0	-2	-1
1059	8,2,5	2,2,2	8,5,2	1,0,0	-2	-1
1061	6,4,3	0,1,0	3,6,4	0,0,0	-2	-1
1065	7,18,8	1,0,2	12,8,6	1,0,0	-2	-1
1066	1,4,0	1,0,2	1,3,3	1,0,0	-2	-1
1067	1,4,0	7,18,8	1,3,3	12,8,6	-2	-1
1068	7,7,4	1,8,2	3,2,0	4,2,3	-2	-1
1069	11,10,6	1,0,3	6,4,6	0,0,0	-2	-1
1070	15,18,13	0,1,0	11,9,7	1,0,2	-2	-1
1075	4,35,13	0,3,1	38,28,29	3,2,3	-2	-1
1076	0,23,1	9,15,3	18,20,19	8,18,14	-2	-1
1077	14,7,565	0,0,14	7,5,6	0,0,0	-2	-1
1080	0,7,0	0,0,1	1,0,0	2,0,2	-2	-1
1082	0,1,0	3,3,3	0,0,0	2,6,1	-2	-1
1083	1,0,0	3,2,1	1,0,3	1,3,0	-2	-1
1088	1,0,2	0,1,0	1,0,0	0,1,0	-2	-1
1089	0,0,0	2,5,3	0,2,0	5,6,3	-2	-1
1091	2,4,2	0,1,0	0,2,3	0,0,0	-2	-1
1100	10,7,24	12,7,18	4,4,2	16,8,2	-2	-1
1101	237,229,171	0,1,3	167,233,179	2,1,0	-2	-1
1102	2,3,1	26,29,24	0,0,2	19,35,31	-2	-1
1103	41,54,45	9,4,4	59,37,42	1,2,3	-2	-1
1104	6,4,5	13,7,11	4,1,4	17,18,8	-2	-1
1105	21,21,23	0,0,0	26,27,10	0,0,1	-2	-1
1107	103,139,123	0,0,0	73,136,110	1,0,0	-2	-1
1113	26,20,29	1,0,0	27,33,40	1,0,0	-2	-1
1116	7,10,8	0,0,1	2,3,2	0,0,0	-2	-1
1120	41,32,37	0,0,0	28,21,27	0,3,0	-2	-1
1121	1,0,1	2,3,0	0,1,0	0,0,2	-2	-1
1122	41,32,37	2,3,0	28,21,27	0,0,2	-2	-1
1123	41,32,37	1,0,1	28,21,27	0,1,0	-2	-1
1127	3,9,2	10,20,11	5,3,4	25,9,20	-2	-1
1131	1,0,2	0,1,1	0,0,0	0,3,2	-2	-1
1132	0,1,0	4,9,10	4,0,0	9,7,10	-2	-1
1133	0,1,0	5,9,4	3,3,4	12,6,6	-2	-1
1134	21,21,16	1,2,4	8,18,35	1,1,2	-2	-1
1136	2,2,2	43,44,48	0,2,1	18,27,18	-2	-1
1141	118,110,88	907,931,792	92,69,70	739,378,455	-2	-1
1142	6,8,4	1,0,1	7,10,8	2,1,0	-2	-1
1143	0,4,0	0,0,1	4,2,2	0,0,1	-2	-1
1145	0,3,1	30,46,31	2,0,4	33,48,33	-2	-1
1149	1,1,0	16,26,35	0,0,1	9,20,10	-2	-1
1166	22,30,21	6,8,4	26,19,15	7,2,3	-2	-1
1174	8,10,4	0,0,0	12,13,11	0,1,0	-2	-1
1177	16,4,8	0,0,1	6,6,4	0,2,0	-2	-1
1178	5,4,3	0,2,0	2,1,6	0,0,0	-2	-1
1179	4,3,0	0,2,0	0,2,0	0,0,0	-2	-1
1180	3,3,0	4,4,3	0,2,0	2,1,6	-2	-1
1181	34,146,68	5,42,8	102,37,39	17,6,8	-2	-1
1182	0,0,0	60,143,58	3,0,0	98,50,35	-2	-1
1188	42,50,33	0,4,5	37,34,31	1,5,4	-2	-1
1191	0,0,0	0,2,1	0,0,1	1,1,1	-2	-1
1192	0,1,3	1,0,0	3,3,2	0,0,0	-2	-1
1193	2,0,0	7,8,4	0,0,0	14,4,8	-2	-1
1202	1,6,8	5,21,6	2,5,2	19,14,26	-2	-1
1208	30,41,23	2,0,0	29,65,75	0,0,0	-2	-1
1209	0,1,0	0,2,0	0,0,0	1,0,0	-2	-1
1215	7,11,16	20,36,37	22,16,32	29,55,52	-2	-1
1220	0,1,0	5,17,7	0,0,0	3,14,9	-2	-1
1221	4,13,0	0,3,0	4,6,10	1,0,1	-2	-1
1222	1,1,2	3,5,0	7,0,1	2,0,0	-2	-1
1223	6,16,15	2,0,1	11,10,9	3,0,1	-2	-1
1225	121,135,217	0,0,2	89,329,323	0,2,3	-2	-1
1227	1,0,1	2,2,4	2,0,2	4,4,4	-2	-1
1231	48,97,65	30,40,20	65,52,62	41,25,37	-2	-1
1232	0,0,1	1,6,3	1,0,0	5,2,3	-2	-1
1239	5,23,8	0,0,0	30,6,5	1,0,0	-2	-1
1242	22,28,23	1,0,0	11,14,3	0,0,0	-2	-1
1243	38,41,50	1,0,0	44,23,15	0,0,0	-2	-1
1245	6,9,7	5,8,4	10,6,13	1,9,6	-2	-1
1246	6,9,7	8,9,16	10,6,13	10,20,9	-2	-1
1247	5,8,4	8,9,16	1,9,6	10,20,9	-2	-1
1249	3,2,6	2,1,2	3,10,2	0,2,0	-2	-1
1250	5,6,4	0,1,6	7,7,4	1,1,2	-2	-1
1251	4,10,7	85,49,110	3,9,8	39,122,109	-2	-1
1252	96,49,114	0,0,0	39,123,112	2,0,0	-2	-1
1254	1,3,2	2,5,2	3,4,2	13,2,10	-2	-1
1259	11,28,24	115,196,168	29,39,30	149,262,223	-2	-1
1260	21,48,13	1,2,3	23,24,16	0,1,0	-2	-1
1261	1,0,0	2,0,0	0,1,0	0,0,0	-2	-1
1262	11,22,15	0,0,0	7,18,28	0,2,1	-2	-1
1263	0,0,0	5,2,1	1,0,0	0,4,1	-2	-1
1265	1,0,0	33,45,15	0,1,1	41,29,21	-2	-1
1267	21,13,11	1,1,2	7,9,7	0,0,0	-2	-1
1272	2,1,1	13,14,4	0,3,1	9,8,8	-2	-1
1277	14,24,14	0,2,1	11,23,22	0,0,0	-2	-1
1279	5,12,9	0,1,1	5,7,4	7,2,1	-2	-1
1281	1,0,0	1,3,0	0,0,0	0,2,1	-2	-1
1283	9,3,4	9,9,11	6,3,2	9,4,4	-2	-1
1284	0,5,0	3,11,1	4,1,0	15,3,8	-2	-1
1285	26,43,32	1,1,0	32,40,23	0,0,0	-2	-1
1298	3,4,3	1,2,1	0,0,1	0,4,0	-2	-1
1299	6,15,5	0,1,0	7,15,14	1,3,4	-2	-1
1300	6,4,2	9,13,9	0,6,0	7,7,8	-2	-1
1301	0,0,0	0,1,0	1,0,2	0,2,0	-2	-1
1302	1,3,1	0,2,0	0,2,1	0,3,0	-2	-1
1303	0,2,0	5,8,4	0,1,1	4,3,9	-2	-1
1305	0,6,2	10,6,4	3,2,0	2,1,5	-2	-1
1308	46,43,52	0,0,0	35,33,16	0,1,0	-2	-1
1313	3,14,6	2,0,1	9,10,18	6,3,3	-2	-1
1316	2,6,1	8,15,5	2,4,3	6,8,6	-2	-1
1317	0,0,0	3,8,2	0,1,0	8,11,8	-2	-1
1318	1,1,1	9,11,6	0,1,0	7,8,14	-2	-1
1319	6,7,1	0,0,1	6,10,12	1,0,0	-2	-1
1320	7,17,2	1,0,0	11,11,12	2,0,0	-2	-1
1322	3,2,3	15,9,14	1,1,1	16,5,2	-2	-1
1323	14,15,13	0,0,0	6,2,14	1,0,0	-2	-1
1324	8,56,12	2,25,1	40,17,37	23,11,12	-2	-1
1325	3,10,1	0,1,0	2,11,8	0,0,0	-2	-1
1326	0,1,0	0,0,1	0,0,0	3,0,0	-2	-1
1328	0,0,0	5,24,6	1,0,1	4,8,12	-2	-1
1329	22,24,7	12,22,21	13,11,18	12,12,9	-2	-1
1332	0,7,0	1,0,0	8,3,1	0,0,0	-2	-1
1338	0,0,1	14,21,26	0,0,0	24,27,38	-2	-1
1339	14,7,8	152,75,145	3,4,7	97,87,112	-2	-1
1340	17,44,21	2,9,5	40,42,45	10,11,7	-2	-1
1342	13,10,7	0,0,0	2,7,6	0,0,1	-2	-1
1349	62,109,43	0,0,0	67,65,57	0,2,0	-2	-1
1351	0,0,1	9,13,5	0,0,0	9,8,5	-2	-1
1352	0,1,0	7,15,10	0,0,0	6,11,10	-2	-1
1356	9,13,12	1,1,1	10,13,11	0,0,0	-2	-1
1358	56,46,48	7,11,8	57,42,33	22,10,5	-2	-1
1359	22,29,17	4,0,2	23,9,7	0,0,0	-2	-1
1360	101,74,89	0,4,0	105,86,79	1,2,0	-2	-1
1362	1,0,0	2,8,2	0,0,0	13,6,3	-2	-1
1363	0,4,0	5,8,5	0,0,1	9,10,6	-2	-1
1365	8,4,5	8,15,14	3,7,2	3,4,9	-2	-1
1366	5,7,5	7,8,13	3,4,7	2,6,7	-2	-1
1368	0,2,0	0,1,0	1,1,3	1,1,0	-2	-1
1369	3,3,0	4,0,1	1,2,2	1,4,3	-2	-1
1371	3,5,7	269,246,248	2,0,4	142,135,120	-2	-1
1372	23,29,19	177,173,179	17,10,7	101,79,86	-2	-1
1374	207,404,155	24,50,15	488,348,342	39,43,48	-2	-1
1375	1,4,1	0,0,0	0,1,6	0,1,1	-2	-1
1376	23,26,20	2,0,0	12,15,9	1,1,0	-2	-1
1377	26,15,25	0,3,1	10,13,13	1,0,0	-2	-1
1381	0,2,0	0,5,2	0,1,0	3,8,5	-2	-1
1382	0,2,0	0,5,2	0,1,0	3,8,5	-2	-1
1385	1,13,4	2,2,0	7,14,5	2,0,0	-2	-1
1386	4,20,4	2,10,4	9,20,14	1,7,6	-2	-1
1387	4,8,1	0,2,0	3,13,3	0,4,2	-2	-1
1388	3,13,2	0,2,0	5,11,5	0,4,2	-2	-1
1389	2,8,1	3,3,0	4,7,3	2,9,1	-2	-1
1392	33,49,44	8,10,10	31,45,46	2,13,4	-2	-1
1393	0,0,0	4,2,0	0,2,0	0,1,0	-2	-1
1394	1,0,0	0,3,1	0,0,0	0,2,2	-2	-1
1395	19,50,24	1,8,2	33,26,12	6,1,1	-2	-1
1397	286,205,310	0,1,0	203,230,186	0,0,0	-2	-1
1398	2,6,2	1,0,0	9,9,8	0,0,5	-2	-1
1399	911,333,822	0,0,3	447,660,627	0,0,0	-2	-1
1400	12,13,18	0,0,0	24,19,12	0,2,0	-2	-1
1401	12,13,18	1,0,0	24,19,12	1,0,3	-2	-1
1402	0,0,0	1,0,0	0,2,0	1,0,3	-2	-1
1403	12,10,19	1,0,0	11,12,9	1,2,0	-2	-1
1404	1,2,0	0,4,0	0,0,1	1,0,0	-2	-1
1405	510,479,470	0,0,0	377,209,220	0,1,0	-2	-1
1406	11,8,10	0,0,0	11,40,40	0,0,1	-2	-1
1408	5,6,2	0,0,0	6,10,9	1,0,0	-2	-1
1410	1,2,0	2,2,2	0,3,0	0,0,1	-2	-1
1411	1,5,3	5,3,2	1,4,0	4,2,4	-2	-1
1412	4,5,8	1,3,2	1,1,7	0,1,2	-2	-1
1413	0,0,0	0,1,0	0,0,1	0,0,0	-2	-1
1416	0,1,0	26,38,27	0,0,2	35,59,47	-2	-1
1418	0,4,0	2,11,5	0,1,3	0,4,11	-2	-1
1422	12,22,17	0,0,1	7,48,23	0,1,0	-2	-1
1429	4,8,10	6,4,1	5,3,4	4,3,1	-2	-1
1431	33,23,22	3,1,4	16,35,39	0,3,1	-2	-1
1432	0,1,0	2,3,5	0,1,0	2,2,2	-2	-1
1438	4,10,4	0,0,0	7,6,10	0,0,1	-2	-1
1443	35,36,23	0,0,0	41,24,35	2,1,0	-2	-1
1449	0,0,2	22,21,27	0,0,0	29,20,23	-2	-1
1450	0,0,1	5,6,5	0,0,0	5,8,2	-2	-1
1451	0,5,1	11,17,10	5,5,4	8,12,29	-2	-1
1452	1,4,1	0,0,1	2,1,2	0,0,0	-2	-1
1454	10,19,15	3,2,2	16,16,23	0,0,1	-2	-1
1462	3,6,4	0,0,0	0,0,0	2,0,0	-2	-1
1463	1,8,1	2,4,2	0,0,0	1,3,4	-2	-1
1466	27,44,21	0,1,0	31,38,37	0,0,0	-2	-1
1467	145,182,133	1,0,1	98,133,125	0,0,1	-2	-1
1472	1,0,3	0,0,1	0,3,1	0,0,0	-2	-1
1473	7,7,1	0,0,1	3,5,6	0,2,0	-2	-1
1475	6,7,6	59,41,51	3,0,0	27,6,10	-2	-1
1476	6,0,2	6,10,9	1,1,3	5,7,3	-2	-1
1481	20,26,15	1,0,0	10,9,13	0,0,0	-2	-1
1485	3,7,1	3,1,0	2,0,2	0,5,3	-2	-1
1493	19,17,9	5,4,1	6,7,8	1,4,3	-2	-1
1496	8,12,6	5,12,2	12,19,20	2,9,14	-2	-1
1497	15,12,8	0,0,0	8,8,12	1,0,0	-2	-1
1499	12,21,12	1,0,0	16,24,13	0,0,0	-2	-1
1501	39,26,36	0,0,0	24,36,13	0,1,0	-2	-1
1502	5,3,8	10,3,45	5,4,2	9,19,21	-2	-1
1505	14,13,2	0,0,0	19,7,11	1,0,0	-2	-1
1506	3,6,1	9,9,14	5,0,5	16,8,17	-2	-1
1508	14,22,15	1,0,1	10,10,10	0,0,0	-2	-1
1509	4,12,9	7,7,20	7,6,6	10,16,9	-2	-1
1511	4,1,5	8,13,11	3,7,1	7,9,15	-2	-1
1512	0,0,0	1,0,2	1,0,0	7,4,0	-2	-1
1513	19,26,27	7,11,9	13,11,6	5,1,1	-2	-1
1514	0,1,0	0,3,1	1,1,0	0,1,5	-2	-1
1516	0,0,1	1,6,2	1,4,1	6,7,2	-2	-1
1518	3,2,2	1,2,2	1,0,0	1,1,1	-2	-1
1519	3,3,4	1,2,3	1,4,3	0,0,3	-2	-1
1520	3,0,0	3,1,1	0,0,0	1,3,0	-2	-1
1524	5,5,4	0,2,1	9,5,9	0,2,2	-2	-1
1527	0,2,2	54,49,60	0,0,2	51,33,25	-2	-1
1528	1426,2129,1800	0,0,1	1283,4549,3644	2,9,4	-2	-1
1529	1,0,1	54,49,51	3,0,1	33,23,20	-2	-1
1532	7,3,5	4,2,2	3,5,4	5,4,3	-2	-1
1534	252,209,230	3,1,1	175,193,199	3,2,3	-2	-1
1535	2,3,2	17,30,5	3,2,5	15,27,17	-2	-1
1536	1,4,3	17,30,5	5,1,5	15,27,17	-2	-1
1537	0,1,1	1,0,0	2,0,1	0,1,1	-2	-1
1547	0,1,0	5,13,9	1,0,0	14,4,8	-2	-1
1549	2,0,0	4,1,1	2,1,0	5,3,0	-2	-1
1554	1,7,3	1,1,0	6,4,1	0,0,0	-2	-1
1555	1,7,3	6,8,0	6,4,1	2,1,3	-2	-1
1556	1,1,0	6,8,0	0,0,0	2,1,3	-2	-1
1557	1097,1349,1309	52,54,90	757,2712,2107	36,127,87	-2	-1
1558	1094,1345,1302	1,2,0	750,2700,2098	2,3,3	-2	-1
1561	40,50,32	3,3,0	23,22,18	0,0,1	-2	-1
1568	17,14,18	0,3,0	15,15,11	0,0,1	-2	-1
1570	0,1,0	0,1,0	2,0,0	0,0,0	-2	-1
1577	9,12,8	0,1,0	3,21,13	0,0,0	-2	-1
1581	0,1,2	0,0,0	0,0,0	2,0,0	-2	-1
1583	2,0,1	1,0,0	2,0,0	1,1,0	-2	-1
1588	1,0,0	0,2,2	0,0,0	4,8,5	-2	-1
1589	4,8,4	17,17,24	10,5,4	22,15,16	-2	-1
1590	18,18,11	0,0,0	22,5,2	0,0,1	-2	-1
1595	20,6,5	2,0,0	3,8,1	0,0,0	-2	-1
1596	0,2,0	0,2,0	2,0,0	1,0,0	-2	-1
1598	3,49,8	2,6,3	29,47,44	8,12,13	-2	-1
1599	2,5,3	6,45,15	3,3,1	36,32,36	-2	-1
1600	4,4,2	13,47,3	2,2,1	27,26,29	-2	-1
1601	0,1,0	1,1,0	0,4,1	1,0,0	-2	-1
1602	2,2,0	7,4,1	3,0,0	1,0,0	-2	-1
1603	3,2,8	29,37,31	3,1,2	31,30,18	-2	-1
1605	4,16,7	0,1,0	24,14,22	1,0,0	-2	-1
1607	0,0,0	1,1,3	0,1,0	2,1,0	-2	-1
1608	4,7,6	11,30,12	2,6,0	19,28,31	-2	-1
1610	2,1,2	0,1,1	1,0,5	3,0,0	-2	-1
1612	0,3,0	4,18,2	0,0,0	8,3,2	-2	-1
1614	86,145,80	0,0,0	75,147,145	0,1,0	-2	-1
1615	13,16,12	0,2,2	10,9,9	3,0,0	-2	-1
1617	225,260,229	0,0,2	263,131,135	0,0,0	-2	-1
1619	9,14,10	6,8,4	5,7,9	5,3,6	-2	-1
1620	0,6,1	3,8,2	5,7,5	9,14,18	-2	-1
1621	4,5,0	0,1,0	4,1,5	0,0,0	-2	-1
1622	3,2,0	0,2,0	0,3,0	0,2,0	-2	-1
1626	0,0,2	5,4,12	3,3,2	5,8,4	-2	-1
1627	24,39,27	0,1,0	29,28,36	1,0,1	-2	-1
1628	1,12,3	0,0,0	9,5,6	1,1,0	-2	-1
1629	4,2,2	45,44,62	3,4,5	35,16,43	-2	-1
1630	144,277,106	4,16,7	223,230,221	15,22,20	-2	-1
1633	0,0,0	0,2,1	0,0,1	2,1,0	-2	-1
1634	0,0,1	0,1,0	2,0,0	0,1,0	-2	-1
1636	1,4,2	40,58,26	1,2,3	27,72,48	-2	-1
1637	1,0,0	0,1,1	0,0,1	0,0,0	-2	-1
1638	18,71,36	0,4,0	52,34,29	4,0,1	-2	-1
1641	13,12,10	3,5,1	5,7,9	1,2,1	-2	-1
1643	0,1,0	0,0,0	0,0,0	0,0,2	-2	-1
1647	21,8,6	119,148,108	9,6,16	114,123,137	-2	-1
1650	1,4,1	1,0,1	2,3,4	0,0,0	-2	-1
1654	2,6,2	2,0,1	0,2,0	0,0,0	-2	-1
1657	15,36,31	2,1,0	27,17,11	1,0,0	-2	-1
1658	34,40,27	1,1,1	41,36,16	0,0,1	-2	-1
1659	0,1,0	54,79,55	0,0,1	41,57,58	-2	-1
1661	4,4,1	1,3,0	5,25,11	0,0,1	-2	-1
1662	20,35,23	1,0,0	33,31,33	2,0,0	-2	-1
1664	0,0,0	1,0,0	0,1,0	0,0,0	-2	-1
1665	0,0,0	7,12,6	0,1,0	22,22,16	-2	-1
1668	1,0,0	7,12,6	0,0,0	22,22,16	-2	-1
1670	0,1,0	4,3,6	0,0,0	5,5,1	-2	-1
1672	5,13,5	0,1,0	6,8,3	0,0,0	-2	-1
1675	2,3,0	95,128,88	0,4,2	88,85,91	-2	-1
1677	0,0,0	36,75,52	1,0,0	61,82,67	-2	-1
1678	2,4,0	0,2,0	8,1,0	0,1,0	-2	-1
1679	2,4,0	0,4,0	8,1,0	0,1,0	-2	-1
1680	0,2,0	0,4,0	0,1,0	0,1,0	-2	-1
1681	4,5,10	0,0,0	7,3,12	0,1,1	-2	-1
1688	1,4,0	2,0,0	1,1,1	0,1,2	-2	-1
1706	0,0,0	0,3,5	0,1,0	4,3,3	-2	-1
1707	6,27,15	0,0,0	13,8,6	1,0,0	-2	-1
1708	0,0,0	23,18,16	0,1,1	22,28,17	-2	-1
1709	3,2,0	2,3,0	0,0,2	2,1,2	-2	-1
1713	2,4,3	1,1,0	1,1,3	0,0,1	-2	-1
1714	135,188,128	38,75,53	116,95,91	36,43,34	-2	-1
1716	0,0,0	5,11,4	0,12,16	8,3,3	-2	-1
1717	7,31,1	0,0,0	22,9,21	4,0,0	-2	-1
1728	19,9,18	5,1,1	4,10,18	0,0,0	-2	-1
1729	0,4,0	19,10,5	0,2,0	4,9,6	-2	-1
1734	0,1,0	0,0,0	0,1,1	0,1,0	-2	-1
1737	60,47,54	0,0,1	63,44,49	0,0,0	-2	-1
1738	13,6,5	7,5,9	11,8,12	1,19,11	-2	-1
1748	36,52,55	1,0,1	53,31,41	0,1,0	-2	-1
1754	6,13,7	12,19,3	13,23,19	36,27,33	-2	-1
1757	96,195,93	2,9,3	136,147,175	4,15,20	-2	-1
1758	28,60,24	0,0,1	48,65,49	1,1,0	-2	-1
1759	2,4,0	25,15,22	5,7,4	20,26,30	-2	-1
1762	0,1,1	14,25,8	3,0,0	14,20,22	-2	-1
1763	2,1,1	0,1,0	0,1,2	0,0,0	-2	-1
1764	11,18,12	1,0,0	23,14,12	0,0,0	-2	-1
1765	2,8,5	41,30,33	3,4,2	14,7,13	-2	-1
1770	8,9,4	0,0,0	15,11,7	1,2,1	-2	-1
1777	3,6,2	0,9,1	9,14,6	8,9,6	-2	-1
1780	7,0,4	109,100,91	0,2,0	59,78,50	-2	-1
1781	20,26,21	0,1,0	19,22,21	0,0,0	-2	-1
1782	6,6,1	13,18,18	1,1,0	13,22,15	-2	-1
1783	45,54,46	0,1,0	55,29,27	0,0,0	-2	-1
1784	10,62,9	0,2,1	87,35,33	1,0,0	-2	-1
1785	69,294,59	0,4,1	325,135,158	4,2,1	-2	-1
1797	0,1,1	3,5,0	1,5,7	3,0,2	-2	-1
1799	3,24,9	6,31,13	4,8,7	19,21,10	-2	-1
1800	4,5,2	13,22,11	0,1,1	6,0,3	-2	-1
1805	0,2,1	2,1,4	1,0,2	5,5,3	-2	-1
1807	129,177,109	0,0,0	142,190,213	1,0,0	-2	-1
1809	0,0,0	3,3,1	0,0,1	2,1,6	-2	-1
1811	0,0,1	0,0,0	0,0,0	1,0,1	-2	-1
1813	57,52,46	0,0,1	31,29,40	0,0,0	-2	-1
1816	122,122,142	1,0,0	115,54,52	0,1,0	-2	-1
1821	23,46,42	6,14,20	30,60,59	17,26,27	-2	-1
1824	2,0,3	3,0,3	0,0,0	3,1,3	-2	-1
1830	1,3,0	8,16,7	0,5,3	9,34,20	-2	-1
1836	72,115,79	3,1,3	102,97,87	2,5,0	-2	-1
1839	0,2,1	0,1,0	0,0,1	0,0,0	-2	-1
1842	61,122,75	2,1,2	120,125,155	2,1,0	-2	-1
1844	2,3,1	0,0,0	1,3,3	0,1,3	-2	-1
1846	0,2,0	0,0,0	0,0,1	0,2,0	-2	-1
1847	2,5,9	30,27,34	8,2,2	27,4,12	-2	-1
1848	52,85,53	3,0,1	47,57,53	2,2,2	-2	-1
1850	0,2,2	0,0,0	1,2,7	1,0,0	-2	-1
1851	19,13,17	9,1,5	10,24,7	3,8,3	-2	-1
1856	5,0,3	1,0,0	1,0,1	0,0,0	-2	-1
1857	109,152,119	0,0,0	165,115,93	0,1,0	-2	-1
1865	2,0,1	0,1,0	0,2,1	1,1,0	-2	-1
1870	1,1,0	6,8,5	0,0,0	7,9,1	-2	-1
1871	2,3,0	0,1,0	1,1,4	0,0,0	-2	-1
1872	7,10,5	0,1,0	8,10,5	0,0,0	-2	-1
1874	110,133,99	337,450,348	125,111,130	305,404,404	-2	-1
1884	36,28,30	3,3,7	44,23,24	2,1,2	-2	-1
1889	16,14,8	1,0,0	15,3,12	0,0,0	-2	-1
1890	1,0,2	40,38,47	1,0,3	35,37,47	-2	-1
1892	10,15,13	0,2,6	5,10,12	2,0,0	-2	-1
1893	1,0,1	18,34,17	3,0,2	42,16,23	-2	-1
1895	1,0,0	67,51,53	0,2,1	45,40,20	-2	-1
1896	4,3,4	0,1,2	3,7,1	0,0,0	-2	-1
1897	31,26,22	2,8,1	29,26,23	3,0,1	-2	-1
1902	0,1,0	0,0,0	0,0,0	2,2,0	-2	-1
1903	343,260,348	0,0,0	264,390,310	0,2,1	-2	-1
1905	0,0,0	4,15,3	0,2,1	10,24,14	-2	-1
1908	0,0,0	0,1,0	1,0,0	0,0,0	-2	-1
1912	1,5,3	57,120,85	2,1,5	65,64,65	-2	-1
1914	8,11,18	2,4,1	24,10,9	5,1,2	-2	-1
1917	57,73,36	1,0,3	72,81,70	0,4,2	-2	-1
1918	60,98,54	1,0,3	77,109,70	0,1,1	-2	-1
1919	60,98,54	0,0,1	77,109,70	0,0,0	-2	-1
1920	1,0,3	0,0,1	0,1,1	0,0,0	-2	-1
1921	0,1,0	66,72,62	0,0,0	45,63,47	-2	-1
1922	4,7,1	0,0,0	1,7,6	0,0,1	-2	-1
1923	4,7,1	0,1,0	1,7,6	0,1,0	-2	-1
1924	0,0,0	0,1,0	0,0,1	0,1,0	-2	-1
1925	7,6,11	0,0,0	10,10,11	0,2,0	-2	-1
1926	1,4,1	10,23,18	0,1,2	8,22,19	-2	-1
1930	4,17,5	23,41,21	2,4,4	18,8,12	-2	-1
1931	8,21,7	2,11,4	4,5,2	3,8,3	-2	-1
1933	3,3,1	5,10,6	2,0,3	7,0,0	-2	-1
1934	6,3,3	1,7,1	2,2,8	1,3,3	-2	-1
1936	0,1,0	3,8,3	0,0,0	4,11,8	-2	-1
1938	0,2,4	1,0,0	2,4,0	0,0,0	-2	-1
1939	4,17,12	14,48,14	18,19,9	32,44,24	-2	-1
1940	10,9,10	14,48,14	6,7,7	32,44,24	-2	-1
1941	10,9,10	4,17,12	6,7,7	18,19,9	-2	-1
1943	0,1,0	0,0,1	1,0,1	0,0,1	-2	-1
1945	0,4,1	1,10,1	4,0,0	1,1,0	-2	-1
1947	14,31,24	0,0,0	36,28,25	0,0,2	-2	-1
1950	1,0,0	3,2,0	1,0,4	0,1,0	-2	-1
1952	1,0,0	2,0,0	0,0,0	2,0,0	-2	-1
1953	0,2,1	1,0,0	0,3,0	2,1,1	-2	-1
1954	0,0,1	1,0,0	0,0,0	2,1,1	-2	-1
1955	0,0,1	0,2,1	0,0,0	0,3,0	-2	-1
1958	0,0,2	77,98,86	0,0,0	72,48,40	-2	-1
1959	3,0,0	4,21,10	0,0,0	4,16,11	-2	-1
1960	0,3,2	12,29,23	6,4,2	21,54,42	-2	-1
1965	29,24,34	1,1,0	28,38,24	0,0,0	-2	-1
1967	34,28,39	37,35,41	16,28,19	33,36,30	-2	-1
1969	447,740,491	0,1,0	753,375,459	0,1,0	-2	-1
1974	3,8,5	1,0,0	2,5,5	0,0,0	-2	-1
1975	4,13,3	0,2,0	4,7,8	2,0,0	-2	-1
1977	2,8,2	3,12,3	8,7,4	15,18,13	-2	-1
1978	0,0,0	6,10,5	1,0,1	7,12,12	-2	-1
1979	0,2,3	6,10,5	0,1,2	7,12,12	-2	-1
1980	0,2,3	0,0,0	0,1,2	1,0,1	-2	-1
1983	4,1,0	298,223,323	1,1,0	169,166,161	-2	-1
1987	235,319,215	0,0,0	225,362,319	0,2,0	-2	-1
1988	175,291,101	1,0,0	191,129,81	2,0,0	-2	-1
1991	4,4,1	1,0,0	0,3,4	0,0,0	-2	-1
1992	11,9,4	2,0,0	9,8,0	0,0,0	-2	-1
1993	2,11,4	5,6,5	6,6,6	6,3,3	-2	-1
1998	0,0,0	0,3,1	0,1,0	0,0,1	-2	-1
2000	0,3,0	0,1,2	0,2,0	1,0,0	-2	-1
2001	3,8,4	5,9,10	0,9,5	9,8,9	-2	-1
2006	19,17,23	0,0,1	11,20,15	0,0,2	-2	-1
2008	2,1,0	4,2,4	1,0,1	1,4,2	-2	-1
2009	20,27,16	0,0,0	10,29,21	0,0,1	-2	-1
2011	0,2,0	3,21,14	0,0,0	9,2,1	-2	-1
2019	14,20,9	0,0,1	18,14,23	0,0,0	-2	-1
2021	5,6,3	4,10,2	8,1,1	1,7,3	-2	-1
2022	0,0,0	1,4,0	0,0,1	0,0,2	-2	-1
2023	34,35,11	0,0,0	14,19,24	0,1,0	-2	-1
2025	2,1,4	0,3,0	1,1,5	0,0,0	-2	-1
2027	58,42,70	4,13,7	21,81,59	2,6,5	-2	-1
2028	38,30,34	0,0,2	23,24,26	0,0,0	-2	-1
2034	7,10,13	2,0,3	17,9,0	2,0,0	-2	-1
2035	12,29,11	0,2,0	23,23,26	0,0,0	-2	-1
2037	9,7,8	1,9,0	9,6,7	2,0,0	-2	-1
2039	0,13,7	12,31,11	5,6,9	12,32,23	-2	-1
2048	1,0,1	9,12,12	0,1,0	8,7,9	-2	-1
2050	2,3,1	2,1,1	4,3,3	1,6,6	-2	-1
2052	1,0,0	706,539,965	0,0,0	483,1212,955	-2	-1
2055	2,2,2	1,1,0	6,0,2	0,0,0	-2	-1
2057	7,7,4	28,49,35	3,6,0	49,38,37	-2	-1
2061	4,18,7	0,0,2	6,7,24	0,1,1	-2	-1
2064	20,21,15	2,1,0	15,7,13	1,2,1	-2	-1
2067	60,103,67	0,1,0	74,52,37	0,0,0	-2	-1
2071	3,4,5	3,3,1	6,2,7	2,2,0	-2	-1
2074	1,1,1	32,56,38	2,4,3	36,156,146	-2	-1
2075	50,83,50	0,2,2	63,75,80	0,0,0	-2	-1
2077	1,2,1	196,223,232	2,2,5	205,284,176	-2	-1
2079	382,304,354	3,1,1	216,284,234	0,0,0	-2	-1
2083	0,5,0	0,3,0	0,3,1	0,1,2	-2	-1
2086	26,45,39	6,2,0	28,21,19	0,1,3	-2	-1
2089	17,13,13	11,16,23	9,2,3	5,3,4	-2	-1
2091	0,1,0	35,31,51	0,0,0	22,23,47	-2	-1
2093	13,11,8	0,5,0	7,10,7	0,4,1	-2	-1
2094	4,11,9	0,4,1	16,22,21	4,3,3	-2	-1
2095	4,11,9	0,1,1	16,22,21	2,2,1	-2	-1
2096	0,4,1	0,1,1	4,3,3	2,2,1	-2	-1
2098	0,2,1	0,0,0	0,0,0	1,0,0	-2	-1
2109	6,11,8	0,0,0	11,8,13	2,1,3	-2	-1
2110	1,0,0	1,1,2	5,2,0	3,2,0	-2	-1
2115	25,23,19	0,0,1	14,31,28	0,0,0	-2	-1
2118	0,0,4	0,3,1	0,0,1	0,1,0	-2	-1
2119	0,1,1	24,57,15	5,2,2	55,25,31	-2	-1
2123	2,7,4	8,13,7	2,5,0	9,1,1	-2	-1
2124	259,443,233	1,0,0	462,306,217	0,0,0	-2	-1
2126	3,12,3	0,0,0	15,10,8	0,1,0	-2	-1
2131	1,1,1	2,0,0	2,2,2	1,0,0	-2	-1
2138	1,0,0	7,7,3	0,0,0	8,4,0	-2	-1
2140	175,203,190	3,0,0	183,109,112	0,0,0	-2	-1
2141	12,11,16	18,35,18	9,11,9	10,10,11	-2	-1
2145	6,7,6	9,31,17	7,9,19	16,13,14	-2	-1
2147	6,22,9	4,8,4	11,8,8	3,7,14	-2	-1
2148	7,16,6	0,3,1	7,5,5	0,0,1	-2	-1
2149	0,0,1	0,3,1	0,2,0	0,0,1	-2	-1
2150	0,0,1	7,16,6	0,2,0	7,5,5	-2	-1
2153	1,2,3	2,1,0	2,2,2	0,0,0	-2	-1
2156	481,654,453	0,0,0	524,657,550	1,1,6	-2	-1
2162	3,7,1	1,2,3	3,10,8	1,1,0	-2	-1
2164	0,2,1	0,0,1	0,2,2	0,2,2	-2	-1
2166	6,10,6	4,23,6	11,0,7	13,4,5	-2	-1
2167	5,11,4	8,23,6	11,6,11	11,29,19	-2	-1
2168	1,3,3	8,10,6	0,2,3	4,8,7	-2	-1
2169	0,1,0	3,8,5	0,1,0	2,4,5	-2	-1
2171	0,0,0	2,1,1	0,2,1	4,0,0	-2	-1
2174	6,0,5	9,14,10	3,2,4	2,10,8	-2	-1
2175	3,0,7	15,19,24	2,5,2	12,28,33	-2	-1
2178	9,34,4	2,3,0	27,20,37	3,3,2	-2	-1
2180	70,68,66	1,1,2	30,63,33	0,0,0	-2	-1
2181	27,29,38	0,1,0	19,25,28	0,4,0	-2	-1
2185	6,4,6	0,1,0	7,10,7	0,0,0	-2	-1
2187	115,127,106	1144,1516,1044	52,103,97	1041,1928,1964	-2	-1
2190	0,1,0	36,30,19	0,0,0	33,18,21	-2	-1
2192	21,19,20	0,0,0	15,21,26	0,0,1	-2	-1
2196	3,4,2	0,3,4	1,4,4	4,2,5	-2	-1
2197	2,3,0	12,10,9	0,1,0	1,3,2	-2	-1
2201	0,0,1	0,1,2	0,0,1	0,2,0	-2	-1
2205	0,1,0	5,12,7	0,0,0	6,8,5	-2	-1
2208	1,4,0	0,2,0	5,1,0	1,1,0	-2	-1
2211	0,0,1	0,2,0	0,0,1	1,1,3	-2	-1
2212	1,6,0	1,20,3	6,4,2	10,8,4	-2	-1
2214	7,16,4	0,4,0	8,4,9	0,0,0	-2	-1
2216	0,6,1	0,0,0	9,4,2	2,1,2	-2	-1
2219	1,0,1	20,24,25	0,0,0	26,24,21	-2	-1
2221	1,0,0	10,13,16	0,0,2	11,8,15	-2	-1
2222	0,0,0	6,0,1	1,0,0	0,1,0	-2	-1
2223	8,6,2	0,0,0	2,8,5	1,0,0	-2	-1
2224	1,5,0	0,4,0	4,6,1	2,4,5	-2	-1
2226	88,118,101	0,0,2	72,92,66	0,0,0	-2	-1
2229	247,219,275	21,9,21	172,315,303	13,21,26	-2	-1
2230	9,4,1	1,1,0	1,8,9	1,3,0	-2	-1
2239	3,0,0	0,2,0	0,0,0	1,0,0	-2	-1
2240	0,0,1	69,155,56	0,0,1	116,224,170	-2	-1
2250	1,3,0	0,0,0	3,0,1	1,0,1	-2	-1
2251	30,29,40	1,2,3	30,13,19	1,0,0	-2	-1
2256	0,0,1	42,31,35	0,0,1	11,19,15	-2	-1
2260	1,6,3	11,6,3	3,5,6	6,11,7	-2	-1
2261	8,6,2	2,7,3	9,3,3	4,2,3	-2	-1
2265	3,5,5	0,1,1	0,3,2	0,0,0	-2	-1
2266	57,74,75	0,0,0	46,83,48	0,0,1	-2	-1
2267	37,46,29	71,79,68	12,13,11	62,46,52	-2	-1
2268	0,0,0	1,5,0	4,0,0	1,1,0	-2	-1
2269	0,0,0	2,17,3	4,0,0	6,5,14	-2	-1
2270	1,5,0	2,17,3	1,1,0	6,5,14	-2	-1
2273	1,6,3	0,6,0	4,3,2	6,4,3	-2	-1
2274	2,6,2	1,3,1	11,8,6	0,0,1	-2	-1
2275	9,7,10	5,3,1	2,0,2	1,0,0	-2	-1
2279	22,16,33	319,177,380	28,26,27	256,303,262	-2	-1
2280	2,6,3	0,0,0	6,2,0	0,1,0	-2	-1
2285	2,5,2	0,0,0	11,5,8	0,0,1	-2	-1
2287	66,103,63	0,0,0	60,86,77	0,2,0	-2	-1
2289	1,1,1	28,44,28	0,1,0	53,24,21	-2	-1
2290	0,9,2	0,2,0	7,4,2	0,0,0	-2	-1
2291	89,129,105	0,0,1	71,105,91	0,3,0	-2	-1
2292	9,6,7	241,281,236	6,16,11	203,217,188	-2	-1
2293	89,110,105	239,315,263	96,82,59	209,199,217	-2	-1
2294	3,2,4	3,3,0	0,4,4	0,0,0	-2	-1
2295	21,25,12	81,55,77	13,7,24	37,35,62	-2	-1
2298	14,49,16	3,2,1	16,22,13	1,0,3	-2	-1
2302	0,1,0	0,0,0	0,0,2	0,0,2	-2	-1
2305	1,11,1	18,92,13	8,5,4	83,32,33	-2	-1
2307	1,0,0	67,75,48	0,1,1	23,50,61	-2	-1
2308	0,1,2	0,0,0	4,0,0	0,0,1	-2	-1
2309	0,1,0	1,3,3	1,1,1	1,5,1	-2	-1
2317	0,2,6	1,3,9	2,3,0	1,1,0	-2	-1
2321	5,2,3	0,0,0	5,5,6	1,0,0	-2	-1
2323	58,55,43	39,43,37	39,24,42	20,43,32	-2	-1
2324	99,101,78	5,6,1	58,41,33	0,6,3	-2	-1
2329	47,43,26	0,0,0	30,42,37	0,0,1	-2	-1
2330	13,13,9	0,1,0	11,20,6	2,0,0	-2	-1
2334	3,8,10	0,2,0	16,6,2	1,0,0	-2	-1
2336	32,50,31	1,3,2	60,25,7	2,2,0	-2	-1
2338	15,32,15	11,15,2	24,25,17	13,9,8	-2	-1
2339	5,39,4	0,3,0	10,10,8	2,0,0	-2	-1
2340	1,7,4	2,14,4	9,6,8	16,3,16	-2	-1
2342	1,2,0	0,0,0	1,1,0	0,0,1	-2	-1
2343	0,1,0	0,0,0	0,1,0	0,2,0	-2	-1
2344	31,29,19	1,5,0	19,24,21	0,0,0	-2	-1
2345	0,0,0	23,32,20	0,1,0	51,33,17	-2	-1
2346	7,12,2	30,75,46	3,1,2	61,50,51	-2	-1
2354	1,1,0	15,27,23	1,0,0	21,15,10	-2	-1
2357	2,0,2	17,11,14	0,0,1	3,5,12	-2	-1
2364	0,1,0	7,11,5	0,1,0	9,7,0	-2	-1
2365	0,3,0	2,1,3	0,0,0	0,3,0	-2	-1
2367	5,8,5	16,40,8	4,3,0	13,13,7	-2	-1
2369	9,23,11	6,1,1	19,6,3	0,0,0	-2	-1
2370	60,89,64	3,4,0	53,42,17	6,0,0	-2	-1
2371	2,1,7	92,185,119	0,8,0	96,117,39	-2	-1
2372	0,0,0	0,0,1	0,1,0	0,0,1	-2	-1
2376	9,26,24	0,3,2	19,13,19	0,0,3	-2	-1
2377	9,26,24	1,0,1	19,13,19	0,1,1	-2	-1
2378	0,3,2	1,0,1	0,0,3	0,1,1	-2	-1
2379	15,16,10	23,9,7	11,12,15	6,10,9	-2	-1
2381	49,58,44	0,1,0	54,64,54	0,0,0	-2	-1
2382	710,692,771	88,80,85	514,483,556	59,70,40	-2	-1
2386	0,0,0	4,28,9	1,0,1	19,25,21	-2	-1
2387	0,1,1	0,0,1	2,2,0	0,0,1	-2	-1
2390	8,9,3	2,0,1	8,7,10	0,0,0	-2	-1
2394	3,0,0	0,2,3	4,2,2	2,3,1	-2	-1
2400	0,2,0	94,189,83	2,4,5	148,452,422	-2	-1
2407	0,0,2	0,5,10	2,0,0	0,3,1	-2	-1
2408	0,1,2	0,5,10	2,1,0	0,3,1	-2	-1
2413	1,6,4	15,21,19	2,2,0	8,10,8	-2	-1
2414	8,13,8	0,2,0	8,12,4	2,0,0	-2	-1
2416	14,9,10	32,22,41	3,3,0	19,6,12	-2	-1
2417	35,26,37	0,0,3	11,20,20	0,3,0	-2	-1
2418	18,11,10	0,0,3	6,9,10	0,3,0	-2	-1
2419	0,1,2	17,16,29	2,2,1	7,13,11	-2	-1
2421	4,8,6	35,77,26	5,5,0	35,38,45	-2	-1
2422	10,29,8	5,14,1	32,16,18	18,6,7	-2	-1
2425	8,6,5	0,0,1	4,5,4	1,0,0	-2	-1
2428	0,1,0	0,2,0	0,0,1	0,0,0	-2	-1
2430	23,31,30	0,0,0	18,29,30	0,1,0	-2	-1
2432	26,67,12	1,1,1	58,52,89	0,5,6	-2	-1
2433	2,14,16	0,0,0	13,12,5	1,0,1	-2	-1
2435	18,37,18	2,6,9	28,41,29	0,2,2	-2	-1
2436	29,38,38	4,3,2	32,25,16	6,2,1	-2	-1
2438	3,5,7	0,0,1	2,2,4	0,0,0	-2	-1
2440	52,40,55	0,0,2	33,44,48	0,0,0	-2	-1
2441	47,33,40	4,0,1	25,17,26	1,0,0	-2	-1
2442	37,33,33	0,0,0	24,20,29	1,1,0	-2	-1
2443	8,11,19	3,6,4	12,2,6	2,1,0	-2	-1
2444	13,7,6	0,0,1	5,10,13	0,0,0	-2	-1
2446	17,6,24	3,0,4	27,9,9	0,10,1	-2	-1
2447	18,10,8	20,24,17	9,7,3	11,7,7	-2	-1
2448	3,0,0	1,1,1	0,0,0	3,2,0	-2	-1
2452	2,1,0	0,0,5	3,0,4	0,0,0	-2	-1
2453	9,7,9	75,78,96	1,0,0	51,19,23	-2	-1
2454	17,14,11	7,3,10	3,4,1	3,2,3	-2	-1
2455	83,85,98	7,3,10	53,23,24	3,2,3	-2	-1
2456	1,2,1	4,4,1	2,0,1	1,0,0	-2	-1
2463	1,3,3	3,1,1	4,7,8	1,0,2	-2	-1
2465	0,1,0	11,18,13	0,1,1	13,15,9	-2	-1
2467	1,2,0	0,0,0	0,4,3	1,0,0	-2	-1
2468	2,4,0	102,124,114	2,1,3	113,86,81	-2	-1
2469	79,127,82	0,1,1	95,54,42	0,0,0	-2	-1
2470	12,14,12	0,0,0	9,10,10	0,0,1	-2	-1
2473	0,0,0	58,42,78	0,1,0	31,43,46	-2	-1
2479	6,5,9	33,47,39	13,7,12	33,15,20	-2	-1
2482	113,125,73	0,0,0	84,100,136	0,0,2	-2	-1
2490	8,8,4	0,1,0	4,9,4	0,0,0	-2	-1
2491	29,40,40	46,68,72	21,57,61	43,148,112	-2	-1
2493	3,7,4	1,0,5	2,4,1	0,5,0	-2	-1
2495	0,4,0	7,17,16	0,0,0	8,12,14	-2	-1
2501	8,11,13	124,155,132	8,3,1	101,67,46	-2	-1
2502	1,6,6	20,25,16	5,5,2	16,23,11	-2	-1
2507	19,16,22	0,0,0	15,25,13	2,0,0	-2	-1
2508	14,37,26	4,0,6	17,15,19	0,1,0	-2	-1
2509	3,14,16	1,1,0	7,4,5	0,0,0	-2	-1
2511	6,5,5	0,0,0	2,2,5	0,1,2	-2	-1
2512	0,0,2	1,1,3	0,0,1	2,2,0	-2	-1
2513	19,56,16	0,0,2	24,28,30	1,2,0	-2	-1
2514	30,91,19	2,8,1	100,108,73	8,16,8	-2	-1
2515	7,26,7	3,9,1	30,39,19	5,9,5	-2	-1
2516	0,1,0	10,16,3	2,0,1	8,8,15	-2	-1
2517	0,3,1	1,9,5	1,0,2	13,8,7	-2	-1
2518	4,3,2	62,164,61	4,4,5	121,129,120	-2	-1
2521	7,19,6	1,8,2	6,6,0	8,9,5	-2	-1
2522	0,1,0	0,3,0	0,1,0	2,1,4	-2	-1
2523	70,36,91	6,6,17	37,23,12	1,2,0	-2	-1
2528	1,2,0	0,0,2	0,1,1	0,0,0	-2	-1
2530	5,13,3	0,0,1	7,2,3	0,0,0	-2	-1
2531	0,1,0	1,2,0	0,0,0	0,0,1	-2	-1
2532	6,14,2	6,1,4	8,4,7	3,3,2	-2	-1
2533	8,15,8	7,8,3	10,6,9	6,1,3	-2	-1
2534	8,2,10	7,8,3	5,5,4	6,1,3	-2	-1
2535	44,51,32	104,162,87	36,30,38	123,110,83	-2	-1
2536	42,50,26	130,247,135	34,28,36	173,105,120	-2	-1
2537	132,248,141	104,162,87	175,107,122	123,110,83	-2	-1
2538	1,7,5	28,29,22	0,3,2	15,7,7	-2	-1
2540	115,101,112	6,3,6	64,110,101	2,5,5	-2	-1
2544	0,0,1	16,11,16	0,2,0	13,13,7	-2	-1
2554	0,0,0	0,0,2	0,1,0	0,0,0	-2	-1
2557	0,3,1	1,4,0	1,3,0	5,4,2	-2	-1
2559	7,5,2	0,3,1	1,2,1	0,1,1	-2	-1
2560	37,157,43	1,0,2	138,159,108	0,1,2	-2	-1
2561	0,0,0	0,2,2	1,0,0	5,0,1	-2	-1
2570	3,0,5	0,0,0	0,6,6	0,0,1	-2	-1
2571	2,1,1	25,38,25	1,3,5	14,22,18	-2	-1
2572	0,0,2	12,12,4	3,1,1	4,10,17	-2	-1
2574	0,1,1	1,1,4	0,0,2	4,1,1	-2	-1
2577	50,69,37	0,0,1	43,29,25	0,0,0	-2	-1
2580	0,1,0	5,5,15	0,0,0	3,11,13	-2	-1
2581	1,0,2	12,25,7	0,1,1	4,15,19	-2	-1
2583	14,16,12	0,0,0	15,16,14	0,0,1	-2	-1
2584	2,1,2	10,8,3	0,1,2	7,9,4	-2	-1
2585	12,13,8	0,1,0	7,4,9	0,0,0	-2	-1
2586	0,3,2	14,27,17	0,5,4	15,25,19	-2	-1
2587	10,6,4	0,0,0	6,13,11	1,0,0	-2	-1
2588	11,10,9	0,0,0	13,27,27	1,0,0	-2	-1
2590	1,0,0	455,444,399	0,1,0	268,313,282	-2	-1
2591	5,7,9	0,0,0	4,10,16	0,0,1	-2	-1
2592	6,9,5	0,4,0	6,7,13	2,2,1	-2	-1
2593	0,1,0	0,0,0	1,0,0	1,0,0	-2	-1
2594	0,3,0	9,14,17	0,0,0	12,21,30	-2	-1
2595	6,12,11	0,3,2	19,19,12	1,2,7	-2	-1
2596	105,102,105	0,0,1	66,167,156	0,0,2	-2	-1
2597	105,106,99	0,0,2	107,70,81	0,1,2	-2	-1
2598	2,2,1	3,7,1	0,0,0	3,7,2	-2	-1
2599	1,6,4	61,90,41	7,3,1	69,76,92	-2	-1
2600	5,6,6	16,38,13	9,0,6	16,30,33	-2	-1
2602	0,1,1	1,0,0	1,0,0	0,0,0	-2	-1
2603	1,0,0	0,0,0	0,0,0	3,0,0	-2	-1
2604	42,69,39	0,1,0	53,44,40	2,0,0	-2	-1
2610	9,9,6	3,0,0	12,14,22	0,1,0	-2	-1
2612	2,0,1	0,0,0	0,0,0	0,2,0	-2	-1
2614	32,48,18	0,0,0	37,45,41	1,0,0	-2	-1
2617	19,23,21	59,53,51	29,17,23	78,68,42	-2	-1
2618	0,1,0	0,0,0	4,2,2	0,1,0	-2	-1
2620	182,156,213	29,32,38	88,148,174	16,29,32	-2	-1
2622	3,11,2	1,1,3	3,7,5	0,3,3	-2	-1
2624	0,1,1	6,6,3	1,0,0	3,2,2	-2	-1
2627	2,0,0	2,2,4	0,0,0	4,2,1	-2	-1
2635	3,9,0	5,11,0	14,2,6	12,13,4	-2	-1
2636	0,0,0	6,15,10	1,0,3	14,12,8	-2	-1
2637	5,2,0	25,75,40	1,0,1	34,36,49	-2	-1
2639	2,1,0	2,2,2	0,1,1	0,0,2	-2	-1
2640	1,1,1	1,0,1	1,3,0	1,2,0	-2	-1
2641	1,1,0	1,1,0	4,2,2	0,0,0	-2	-1
2646	3,0,0	1,0,4	1,0,1	3,3,3	-2	-1
2647	5,23,11	0,0,0	10,19,26	0,1,0	-2	-1
2649	29,25,24	2,6,2	9,12,11	0,7,4	-2	-1
2650	0,0,2	7,6,11	0,2,0	5,4,4	-2	-1
2651	8,8,6	2,0,0	7,7,7	0,0,0	-2	-1
2655	8,10,5	2,0,1	9,2,7	0,2,0	-2	-1
2659	31,46,39	0,0,0	38,50,33	1,0,0	-2	-1
2660	43,40,27	1,0,0	30,42,37	1,0,0	-2	-1
2661	15,16,12	28,38,31	17,11,15	18,27,17	-2	-1
2677	1,14,1	61,70,39	3,2,2	19,17,40	-2	-1
2678	80,73,64	24,30,23	40,34,40	13,9,12	-2	-1
2680	6,2,2	0,0,0	8,3,7	1,0,0	-2	-1
2681	13,22,10	7,5,2	10,9,19	2,3,3	-2	-1
2685	5,11,3	2,10,5	10,4,4	5,9,7	-2	-1
2690	6,3,7	0,0,0	2,1,0	0,0,2	-2	-1
2691	32,31,39	0,0,0	31,40,56	1,0,2	-2	-1
2692	103,267,175	102,116,108	186,500,429	111,371,290	-2	-1
2694	11,6,330	0,0,3	7,12,7	0,0,0	-2	-1
2699	1,1,2	1,0,0	0,0,1	1,0,2	-2	-1
2705	4,2,3	179,140,187	0,5,0	106,169,122	-2	-1
2708	9,19,4	1,2,1	9,16,17	1,2,2	-2	-1
2711	0,0,0	1,4,3	0,0,1	7,5,3	-2	-1
2714	17,19,22	75,93,69	10,21,22	70,78,78	-2	-1
2715	3,0,1	0,0,1	3,0,1	0,0,0	-2	-1
2716	9,22,8	0,1,1	12,10,6	0,1,0	-2	-1
2718	0,2,0	3,2,0	0,1,5	8,2,1	-2	-1
2719	16,29,20	2,1,3	13,13,22	0,0,2	-2	-1
2720	0,0,8	7,25,10	6,6,0	11,22,21	-2	-1
2722	0,4,3	29,79,28	5,9,7	74,46,76	-2	-1
2723	0,0,0	14,46,22	0,0,1	21,36,27	-2	-1
2726	2,4,5	15,19,16	0,0,0	12,12,9	-2	-1
2731	0,0,0	4,1,2	0,1,0	2,4,3	-2	-1
2735	1,4,4	0,0,0	2,2,1	0,0,1	-2	-1
2750	1,0,1	9,9,7	0,2,0	1,6,10	-2	-1
2751	1,0,1	2,8,7	0,2,0	2,6,1	-2	-1
2754	9,9,7	2,8,7	1,6,10	2,6,1	-2	-1
2766	5,2,2	2,6,0	10,6,7	7,2,4	-2	-1
2767	23,30,20	0,0,1	17,14,22	0,0,0	-2	-1
2769	0,0,1	1,0,0	0,0,0	0,1,0	-2	-1
2774	1,0,1	12,27,16	1,0,2	16,4,12	-2	-1
2775	9,12,6	1,0,3	6,8,3	1,0,1	-2	-1
2776	21,33,20	0,0,0	13,12,12	1,0,0	-2	-1
2777	5,5,5	1,6,0	4,4,2	1,0,0	-2	-1
2778	1,1,1	5,18,1	0,0,0	11,8,7	-2	-1
2779	1,12,4	0,0,2	3,8,10	0,0,0	-2	-1
2782	3,2,3	0,1,0	1,0,0	0,0,0	-2	-1
2783	0,3,0	6,5,2	0,0,0	1,0,0	-2	-1
2784	7,0,1	0,1,3	0,0,0	1,0,2	-2	-1
2786	28,51,31	0,1,0	27,27,15	0,1,0	-2	-1
2787	1910,1201,2028	0,1,0	1300,2666,2639	1,4,1	-2	-1
2789	4,0,0	10,17,6	1,0,1	11,9,8	-2	-1
2790	5,2,2	39,14,28	1,1,3	12,11,6	-2	-1
2791	41,72,49	2,0,0	31,40,26	0,0,1	-2	-1
2794	18,39,14	14,38,20	26,17,18	34,12,15	-2	-1
2800	14,9,6	1,1,2	3,3,6	4,4,0	-2	-1
2801	0,0,0	0,1,0	0,2,2	0,0,0	-2	-1
2805	26,95,41	1,8,3	43,78,61	0,3,5	-2	-1
2806	2,1,2	5,7,8	0,0,3	9,10,5	-2	-1
2807	2,1,2	1,2,1	0,0,3	1,2,1	-2	-1
2808	5,7,8	1,2,1	9,10,5	1,2,1	-2	-1
2809	23,8,26	359,196,327	7,12,10	112,186,113	-2	-1
2812	37,54,34	5,15,7	37,37,27	12,11,2	-2	-1
2813	36,84,46	13,10,13	46,52,27	3,11,5	-2	-1
2818	2,2,2	16,41,24	0,1,0	28,18,25	-2	-1
2819	0,0,0	0,1,2	1,4,2	3,6,3	-2	-1
2820	3,2,3	48,50,27	0,3,1	51,48,37	-2	-1
2826	2,0,0	26,26,29	3,1,3	24,16,19	-2	-1
2828	8,12,13	5,5,6	8,37,28	2,3,7	-2	-1
2829	3,1,1	0,3,0	3,1,1	3,1,1	-2	-1
2837	2,2,2	0,1,0	4,3,2	0,1,2	-2	-1
2839	80,83,98	2,4,3	40,38,54	3,0,4	-2	-1
2847	12,30,20	1,3,3	12,29,30	2,3,9	-2	-1
2848	5,4,7	2,0,0	4,12,6	1,3,5	-2	-1
2857	28,30,29	4,1,0	18,4,19	2,1,0	-2	-1
2858	2,0,0	13,20,16	0,0,1	13,9,15	-2	-1
2861	5,3,0	2,0,1	10,5,2	1,2,0	-2	-1
2865	4,12,9	0,0,0	3,7,6	0,0,1	-2	-1
2866	54,46,62	0,1,0	22,65,52	0,0,1	-2	-1
2867	7,10,9	1,14,7	13,1,2	6,0,0	-2	-1
2868	19,30,12	2,5,2	42,18,27	3,3,0	-2	-1
2869	7,11,7	0,3,2	13,3,1	9,1,0	-2	-1
2870	0,0,2	26,16,21	0,0,0	11,17,11	-2	-1
2871	1,4,7	52,51,49	2,3,2	33,14,18	-2	-1
2874	1,1,3	0,3,2	2,0,1	3,2,3	-2	-1
2883	1,0,0	0,0,1	0,0,2	0,0,0	-2	-1
2889	0,0,0	0,1,2	0,1,0	1,2,1	-2	-1
2892	0,1,0	3,8,1	0,0,0	8,3,5	-2	-1
2894	18,23,16	0,1,0	11,12,10	0,0,0	-2	-1
2896	1,0,0	5,14,2	0,0,1	7,5,3	-2	-1
2897	1,0,2	0,0,2	0,1,0	0,0,0	-2	-1
2898	0,0,4	0,0,2	0,2,1	0,0,0	-2	-1
2899	0,0,4	1,0,2	0,2,1	0,1,0	-2	-1
2902	14,11,17	16,12,17	18,22,25	8,38,28	-2	-1
2903	16,12,17	0,0,0	8,38,28	0,0,1	-2	-1
2906	3,10,3	2,0,2	4,10,3	0,1,0	-2	-1
2907	2,4,9	4,1,0	4,20,25	1,1,7	-2	-1
2908	3,6,2	80,135,93	0,4,1	130,133,141	-2	-1
2909	50,102,54	0,4,0	95,99,110	3,9,2	-2	-1
2910	0,1,0	31,34,16	0,0,0	22,41,41	-2	-1
2911	3,7,3	0,0,1	3,12,6	0,0,0	-2	-1
2919	0,1,0	2,6,6	4,3,4	2,8,4	-2	-1
2922	8,5,7	0,1,0	2,6,8	0,0,0	-2	-1
2924	33,65,27	0,2,2	28,23,17	1,0,1	-2	-1
2927	0,0,0	0,4,0	0,1,1	2,3,1	-2	-1
2930	0,1,1	136,102,139	0,2,1	71,116,89	-2	-1
2931	6,12,2	0,0,0	6,17,6	0,1,0	-2	-1
2933	0,2,0	11,27,11	0,0,0	14,11,21	-2	-1
2934	11,27,15	0,0,1	14,13,15	1,1,2	-2	-1
2935	1,0,1	1,0,1	0,2,0	1,2,2	-2	-1
2936	3,1,2	7,4,4	0,0,3	4,2,5	-2	-1
2940	1,0,0	21,23,14	0,0,0	23,17,13	-2	-1
2941	0,1,0	3,0,3	2,0,1	0,2,3	-2	-1
2944	0,0,0	0,0,1	2,0,0	0,0,0	-2	-1
2946	0,1,0	0,1,3	2,3,0	0,1,3	-2	-1
2947	2,4,4	0,0,3	10,2,0	1,0,1	-2	-1
2948	0,2,7	9,4,1	2,3,2	2,6,12	-2	-1
2949	27,32,37	14,10,13	28,32,16	5,10,11	-2	-1
2950	0,2,2	25,30,30	0,0,0	12,29,39	-2	-1
2952	0,1,0	0,1,0	0,0,0	0,1,0	-2	-1
2958	1,5,3	4,1,2	12,6,1	4,3,0	-2	-1
2961	49,59,50	144,111,114	36,55,32	108,93,69	-2	-1
2965	59,79,55	0,0,0	57,121,85	2,0,2	-2	-1
2966	130,108,120	2,4,0	125,80,101	2,0,1	-2	-1
2969	17,31,34	34,33,29	16,17,13	26,34,31	-2	-1
2970	53,38,50	21,29,26	20,35,35	15,21,6	-2	-1
2971	12,36,11	6,8,8	19,15,16	4,8,7	-2	-1
2972	4,15,5	0,1,0	6,6,1	0,0,0	-2	-1
2974	39,77,37	54,111,47	44,59,60	78,91,63	-2	-1
2975	198,195,171	2,8,3	88,84,96	1,6,7	-2	-1
2976	0,1,0	16,17,10	1,1,1	15,17,9	-2	-1
2978	0,2,4	23,30,11	0,0,1	12,20,12	-2	-1
2979	2,0,0	20,20,12	0,1,0	13,8,7	-2	-1
2985	1,1,0	15,24,12	0,0,0	16,11,17	-2	-1
2986	1,0,1	13,16,8	1,3,0	9,20,18	-2	-1
2988	1,10,5	0,0,0	6,13,13	1,0,0	-2	-1
2992	1,0,0	80,121,68	10,4,4	96,213,227	-2	-1
2998	0,2,0	24,25,17	0,0,0	25,30,14	-2	-1
2999	0,3,0	9,24,3	0,3,0	19,13,9	-2	-1
3002	0,1,0	235,164,207	0,0,0	111,20,23	-2	-1
3003	172,117,248	1,0,3	127,134,105	0,2,1	-2	-1
3005	1,0,0	15,33,12	1,1,1	25,22,17	-2	-1
3007	0,0,0	1,7,6	0,0,2	7,1,4	-2	-1
3011	0,2,0	7,6,3	0,0,0	11,3,7	-2	-1
3021	1,0,1	10,9,16	0,0,0	6,4,3	-2	-1
3033	3,0,1	77,125,77	1,4,2	77,56,85	-2	-1
3034	0,0,0	2,6,8	1,0,0	3,8,9	-2	-1
3035	0,0,0	2,0,1	1,0,0	1,6,4	-2	-1
3036	2,6,8	2,0,1	3,8,9	1,6,4	-2	-1
3038	35,35,28	25,16,12	41,45,39	10,13,13	-2	-1
3040	247,159,218	5,2,5	151,147,144	4,4,7	-2	-1
3051	11,15,13	45,65,71	11,8,9	42,67,56	-2	-1
3052	90,81,105	0,0,2	76,52,54	0,0,0	-2	-1
3054	0,0,0	14,17,7	0,0,1	12,34,29	-2	-1
3056	15,37,8	0,0,0	32,17,27	1,0,0	-2	-1
3060	0,11,6	0,0,1	9,3,1	0,0,0	-2	-1
3061	0,4,2	0,0,1	2,1,0	0,0,0	-2	-1
3062	17,26,8	5,10,7	31,13,12	6,3,2	-2	-1
3064	87,106,76	6,5,4	68,101,114	7,13,5	-2	-1
3066	0,0,0	2,7,6	3,0,0	8,2,4	-2	-1
3068	3,8,8	5,9,9	3,1,2	10,2,5	-2	-1
3069	0,0,1	5,12,2	0,0,0	0,3,2	-2	-1
3070	2,15,4	23,49,18	15,24,18	49,58,80	-2	-1
3073	0,0,0	33,55,41	1,1,1	58,18,27	-2	-1
3074	1,6,1	0,1,0	1,8,3	2,3,1	-2	-1
3075	1,15,2	1,16,4	5,10,8	15,14,7	-2	-1
3077	2,0,0	0,2,1	0,0,1	1,1,4	-2	-1
3078	95,128,103	1,1,0	122,133,121	0,1,0	-2	-1
3079	1,5,4	0,5,5	3,11,7	1,7,7	-2	-1
3080	17,13,11	0,3,0	9,4,2	1,0,0	-2	-1
3081	17,11,12	13,10,15	1,4,6	9,5,2	-2	-1
3082	34,44,41	10,15,0	47,14,39	5,4,6	-2	-1
3083	25,27,19	11,34,16	11,10,9	17,19,14	-2	-1
3088	49,36,45	0,1,3	34,26,25	4,2,0	-2	-1
3096	2,4,0	0,0,0	1,4,3	1,2,0	-2	-1
3097	0,0,2	0,0,0	0,2,0	1,0,5	-2	-1
3098	6,5,7	6,2,1	5,3,1	0,1,0	-2	-1
3099	12,27,8	0,0,1	27,28,23	0,0,0	-2	-1
3100	30,33,22	1,1,0	10,30,20	2,1,0	-2	-1
3105	2455,1134,2936	8,5,5	1620,1568,1579	3,5,2	-2	-1
3106	12,15,8	9,11,12	6,3,13	3,8,7	-2	-1
3107	5,6,8	0,3,3	1,1,4	3,1,0	-2	-1
3108	3,5,5	9,3,8	1,3,6	3,6,6	-2	-1
3109	3,5,5	11,11,9	1,3,6	7,13,9	-2	-1
3110	9,3,8	11,11,9	3,6,6	7,13,9	-2	-1
3112	0,2,1	0,0,0	3,0,0	0,0,1	-2	-1
3116	13,17,6	0,7,1	9,14,10	0,0,1	-2	-1
3117	0,1,1	0,0,1	0,1,0	2,0,3	-2	-1
3120	0,3,2	0,0,1	0,1,1	0,0,0	-2	-1
3124	33,32,19	0,0,3	54,27,30	3,0,2	-2	-1
3126	0,1,0	1,2,1	0,1,0	0,3,5	-2	-1
3130	0,2,0	4,7,2	0,0,0	0,8,5	-2	-1
3133	20,22,26	17,22,20	18,51,43	12,42,38	-2	-1
3136	0,1,0	35,138,30	5,2,3	154,87,92	-2	-1
3137	28,70,40	5,6,10	50,23,30	5,1,2	-2	-1
3139	31,33,67	1,5,13	21,93,74	5,13,3	-2	-1
3140	0,2,1	0,0,1	3,1,1	0,0,0	-2	-1
3146	4,2,2	13,16,9	0,0,0	8,16,16	-2	-1
3148	1,1,2	0,0,2	0,0,2	0,0,2	-2	-1
3151	0,0,1	61,53,77	0,0,0	45,41,18	-2	-1
3156	6,7,1	2,0,2	7,9,4	12,8,4	-2	-1
3157	1,3,0	3,10,1	0,1,0	2,5,6	-2	-1
3158	177,248,175	0,2,2	267,301,267	6,3,1	-2	-1
3159	177,248,175	0,0,1	267,301,267	1,0,0	-2	-1
3160	0,2,2	0,0,1	6,3,1	1,0,0	-2	-1
3164	0,0,0	10,13,1	0,0,1	7,10,8	-2	-1
3166	205,181,240	0,0,0	120,82,91	1,0,0	-2	-1
3171	11,15,14	0,1,0	9,3,4	0,0,0	-2	-1
3173	1,1,3	0,0,0	0,1,0	0,0,2	-2	-1
3174	0,0,0	1,0,0	0,0,2	0,1,0	-2	-1
3176	0,0,1	1,5,1	1,0,0	0,3,3	-2	-1
3178	0,1,1	0,0,1	0,0,6	0,0,1	-2	-1
3179	4,4,3	1,4,1	3,0,0	1,2,1	-2	-1
3182	2,0,0	2,5,6	0,0,0	0,7,0	-2	-1
3183	1,3,0	15,19,17	0,0,1	11,0,5	-2	-1
3184	20,35,19	1,3,1	34,27,23	2,1,0	-2	-1
3185	19,37,16	0,0,1	29,34,38	0,1,0	-2	-1
3187	1,2,2	0,0,0	1,3,0	1,0,0	-2	-1
3188	0,1,1	8,7,8	1,1,1	1,6,13	-2	-1
3189	0,0,2	0,1,0	0,0,0	1,0,0	-2	-1
3190	3,3,0	0,1,0	9,3,1	1,0,0	-2	-1
3191	3,3,0	0,0,2	9,3,1	0,0,0	-2	-1
3193	0,6,1	0,3,0	2,0,3	1,1,1	-2	-1
3197	0,0,0	4,11,3	0,2,0	2,12,3	-2	-1
3199	10,13,13	29,33,10	17,10,8	18,21,21	-2	-1
3200	7,5,6	0,0,1	2,10,5	0,0,1	-2	-1
3202	1,15,1	0,0,1	3,1,4	0,0,0	-2	-1
3207	8,16,3	0,1,0	7,10,3	0,2,0	-2	-1
3208	0,0,0	54,78,73	1,0,1	60,122,85	-2	-1
3216	2,0,0	4,0,1	0,0,0	3,0,0	-2	-1
3217	1,5,3	16,28,8	1,1,1	16,14,20	-2	-1
3219	0,0,0	2,0,1	1,3,0	5,0,1	-2	-1
3220	53,54,33	21,19,16	29,46,51	14,10,17	-2	-1
3221	34,57,31	2,0,0	25,36,41	0,0,0	-2	-1
3223	191,243,164	2,5,1	154,142,89	0,0,1	-2	-1
3224	487,487,412	2,5,1	370,280,231	0,0,1	-2	-1
3225	192,243,163	2,5,1	154,142,89	0,0,1	-2	-1
3226	296,244,249	0,0,1	216,138,142	0,0,0	-2	-1
3228	1,0,0	296,244,249	0,0,0	216,138,142	-2	-1
3229	173,195,164	5,17,7	121,100,111	11,11,6	-2	-1
3231	16,23,15	1,0,0	19,16,22	0,0,0	-2	-1
3232	16,24,24	0,1,0	11,30,17	0,0,1	-2	-1
3237	32,25,12	0,0,1	23,23,16	0,0,0	-2	-1
3238	8,16,9	2,3,1	4,16,15	3,4,1	-2	-1
3245	67,38,60	2,4,7	36,45,33	3,1,6	-2	-1
3247	1,0,0	0,0,1	1,0,2	0,1,0	-2	-1
3251	7,10,5	0,0,0	9,8,7	1,0,0	-2	-1
3254	4,4,2	66,68,47	0,4,6	38,65,40	-2	-1
3255	51,101,70	0,0,1	28,55,52	0,0,0	-2	-1
3260	1,4,4	0,6,4	4,6,0	2,7,8	-2	-1
3262	42,45,35	1,0,0	22,22,32	1,0,0	-2	-1
3267	30,28,22	3,3,2	14,25,17	3,3,4	-2	-1
3272	2,3,5	0,2,2	5,2,6	2,1,0	-2	-1
3273	9,11,3	1,1,0	8,7,8	0,1,4	-2	-1
3275	1,11,2	0,3,0	11,4,8	0,0,0	-2	-1
3276	814,1101,787	12,13,3	534,478,458	7,1,7	-2	-1
3278	2,7,0	1,0,0	2,7,9	1,0,0	-2	-1
3279	0,0,0	0,0,1	0,1,3	0,0,0	-2	-1
3281	1,5,1	1,0,1	3,2,13	0,0,0	-2	-1
3282	30,52,33	0,0,0	26,36,29	2,0,1	-2	-1
3285	0,3,0	3,1,1	0,1,0	0,0,1	-2	-1
3288	5,5,7	3,1,4	8,2,2	0,0,0	-2	-1
3289	3,5,0	16,19,14	0,9,1	14,19,16	-2	-1
3302	29,42,29	1,3,1	29,40,36	4,3,2	-2	-1
3303	4,38,10	0,0,0	23,35,25	2,0,0	-2	-1
3305	24,33,17	0,1,0	33,61,61	0,0,0	-2	-1
3306	4,13,3	0,1,0	5,5,10	1,0,0	-2	-1
3312	0,1,4	3,0,1	2,6,2	1,7,3	-2	-1
3313	84,77,94	313,228,277	65,81,107	160,225,236	-2	-1
3314	69,111,76	113,186,137	161,149,151	133,302,231	-2	-1
3315	5,8,8	1,6,1	4,9,4	1,2,1	-2	-1
3317	48,84,67	0,1,1	71,154,142	0,0,0	-2	-1
3318	2,2,1	1,0,0	0,0,1	1,2,0	-2	-1
3319	9,0,1	74,71,112	2,2,2	44,42,38	-2	-1
3320	13,8,12	0,1,0	6,9,3	2,1,0	-2	-1
3321	78,79,123	0,1,0	48,49,39	2,1,0	-2	-1
3325	30,63,38	17,23,18	23,39,30	15,16,21	-2	-1
3329	0,0,2	0,0,0	0,0,2	0,0,1	-2	-1
3330	1,6,3	2,0,0	4,6,2	0,0,0	-2	-1
3336	30,33,44	0,1,0	33,29,21	0,5,1	-2	-1
3340	5,13,13	0,0,0	16,7,13	0,0,1	-2	-1
3343	1,5,0	0,0,3	0,0,0	3,0,0	-2	-1
3344	23,21,23	8,23,18	23,37,33	31,14,30	-2	-1
3345	18,13,21	127,129,118	13,16,10	57,80,79	-2	-1
3350	9,23,7	12,12,11	13,22,11	11,11,15	-2	-1
3354	11,7,13	109,117,108	3,5,4	80,102,79	-2	-1
3355	0,0,2	3,13,9	2,1,1	12,7,5	-2	-1
3356	0,1,0	5,1,2	0,1,0	4,6,1	-2	-1
3357	8,20,12	3,0,0	4,14,22	0,0,0	-2	-1
3366	2,0,1	3,3,3	0,1,2	2,5,3	-2	-1
3367	44,64,24	10,23,10	36,56,46	9,21,16	-2	-1
3368	0,0,0	430,235,321	0,0,2	255,259,232	-2	-1
3369	32,27,23	240,176,237	21,11,11	183,134,142	-2	-1
3370	0,2,0	19,54,28	0,0,1	34,44,53	-2	-1
3374	11,33,16	3,8,0	31,28,46	4,6,4	-2	-1
3377	76,72,48	1,1,1	55,33,29	0,1,2	-2	-1
3378	30,23,25	0,1,1	18,19,17	0,0,1	-2	-1
3379	10,16,9	0,2,1	10,14,9	1,5,0	-2	-1
3380	0,0,0	59,42,73	0,2,1	23,104,63	-2	-1
3381	1,1,1	6,13,4	1,1,1	3,14,5	-2	-1
3383	36,28,25	2,0,1	17,25,23	1,3,2	-2	-1
3385	7,11,3	1,11,5	12,9,17	10,4,9	-2	-1
3386	8,20,12	2,1,0	13,15,11	0,0,0	-2	-1
3398	0,0,0	0,5,0	0,0,1	2,2,1	-2	-1
3399	2,15,1	1,5,4	9,1,1	1,4,1	-2	-1
3403	71,74,59	6,2,10	48,62,44	0,1,0	-2	-1
3408	0,4,1	8,8,3	0,0,2	10,7,10	-2	-1
3414	0,0,0	4,3,5	0,2,0	3,5,3	-2	-1
3415	1,9,10	0,0,0	6,5,4	0,0,1	-2	-1
3416	1,6,4	0,0,0	3,2,2	0,0,1	-2	-1
3422	25,19,23	2,1,2	31,18,18	1,0,0	-2	-1
3423	24,19,22	0,3,2	28,17,18	1,3,2	-2	-1
3424	50,57,42	1,5,1	46,22,24	1,0,2	-2	-1
3425	0,1,0	0,1,0	0,0,1	0,0,0	-2	-1
3427	0,0,0	45,230,86	0,2,0	106,210,214	-2	-1
3431	0,2,0	0,10,3	0,0,0	5,7,4	-2	-1
3432	141,333,171	0,4,0	221,248,288	1,4,1	-2	-1
3433	1,1,1	8,18,6	3,1,0	7,18,13	-2	-1
3434	3,6,2	7,14,2	9,12,5	3,15,17	-2	-1
3436	14,19,5	2,1,5	18,21,15	0,4,1	-2	-1
3437	6,10,0	2,1,5	4,7,6	0,4,1	-2	-1
3440	2,0,0	11,11,9	0,0,0	11,9,8	-2	-1
3441	8,6,5	14,11,11	3,14,3	10,4,4	-2	-1
3443	0,0,1	0,1,0	0,0,1	0,0,0	-2	-1
3444	0,5,0	16,29,18	0,0,5	6,31,22	-2	-1
3445	3,1,2	11,12,11	1,4,1	11,20,17	-2	-1
3446	72,285,126	0,1,0	109,316,233	0,0,0	-2	-1
3447	347,1123,591	0,1,0	474,1267,901	0,0,0	-2	-1
3448	346,1110,588	71,272,123	471,1259,897	106,308,229	-2	-1
3451	0,6,2	1,0,0	7,5,3	1,2,0	-2	-1
3458	8,11,9	0,0,1	4,7,14	1,0,2	-2	-1
3459	45,106,29	2,0,3	81,28,43	2,0,0	-2	-1
3462	7,17,8	1,7,0	6,10,15	1,5,2	-2	-1
3466	33,45,45	0,0,0	55,49,69	1,1,0	-2	-1
3467	32,43,23	0,2,0	17,52,78	0,4,0	-2	-1
3469	26,26,17	0,0,2	29,52,59	0,0,0	-2	-1
3472	16,39,16	10,10,8	6,33,39	19,17,22	-2	-1
3473	2,1,0	5,3,3	0,0,0	2,1,2	-2	-1
3475	2,2,5	0,0,1	1,4,12	0,0,1	-2	-1
3477	0,0,0	2,9,4	2,0,2	3,13,8	-2	-1
3479	0,4,6	0,1,0	2,0,2	0,1,0	-2	-1
3480	0,2,2	0,6,1	3,1,1	0,0,1	-2	-1
3482	45,37,33	4,6,8	23,32,25	2,7,3	-2	-1
3485	5,5,10	1,7,9	4,1,8	1,1,2	-2	-1
3486	1,1,0	0,0,1	3,6,3	0,0,0	-2	-1
3491	4,13,3	1,0,0	10,2,6	0,0,0	-2	-1
3493	5,10,8	3,4,4	17,9,4	4,6,2	-2	-1
3494	1,4,0	0,0,1	3,1,1	1,1,0	-2	-1
3495	0,2,0	1,0,1	0,2,0	0,2,0	-2	-1
3496	0,1,0	0,0,0	0,0,2	1,0,0	-2	-1
3497	0,1,0	6,19,11	0,0,2	14,24,13	-2	-1
3498	1,0,1	1,4,3	0,0,0	3,0,2	-2	-1
3500	5,6,0	12,20,11	0,0,0	9,3,3	-2	-1
3502	0,0,1	11,32,29	3,0,0	24,27,18	-2	-1
3503	53,58,60	5,3,7	47,57,48	1,1,1	-2	-1
3504	24,18,29	19,9,15	19,8,8	6,7,4	-2	-1
3510	1,6,0	11,20,12	2,5,1	3,14,20	-2	-1
3517	1,3,3	1,2,2	2,2,0	1,1,0	-2	-1
3522	183,236,146	10,14,3	305,101,106	40,7,6	-2	-1
3524	82,25,57	5,1,5	64,15,25	2,0,1	-2	-1
3525	15,24,25	1,0,0	8,25,37	1,0,0	-2	-1
3531	23,16,13	2,0,0	12,27,29	1,1,1	-2	-1
3532	27,21,22	4,9,5	21,29,47	3,19,6	-2	-1
3533	255,230,267	4,4,1	151,526,416	0,3,0	-2	-1
3535	10,1,8	0,0,0	3,6,4	0,0,1	-2	-1
3536	0,1,1	3,2,1	0,5,1	0,1,1	-2	-1
3537	4,10,18	1,0,0	3,4,6	0,0,0	-2	-1
3539	0,0,0	4,5,5	1,0,0	8,4,5	-2	-1
3540	109,59,128	0,1,0	70,110,64	0,3,0	-2	-1
3542	0,1,2	13,18,3	1,2,0	10,9,11	-2	-1
3544	0,1,0	1,2,2	0,2,3	2,6,6	-2	-1
3546	1,7,9	0,0,0	6,6,2	3,1,0	-2	-1
3547	1,7,9	0,1,0	6,6,2	0,0,0	-2	-1
3548	0,0,0	0,1,0	3,1,0	0,0,0	-2	-1
3549	0,0,0	16,18,30	0,1,0	36,45,22	-2	-1
3550	2,19,11	100,181,107	14,8,0	128,108,67	-2	-1
3552	80,68,88	2,3,6	37,52,64	6,7,3	-2	-1
3556	0,2,0	38,42,47	2,4,1	28,27,27	-2	-1
3557	0,2,1	38,42,47	2,4,1	28,27,27	-2	-1
3568	1,0,2	10,12,12	0,1,5	12,37,42	-2	-1
3571	17,17,10	1,2,1	8,13,18	0,3,2	-2	-1
3572	0,2,0	3,6,5	2,1,2	1,5,7	-2	-1
3578	0,1,0	0,0,0	0,1,2	1,0,0	-2	-1
3579	0,0,2	0,0,0	1,0,0	0,3,1	-2	-1
3581	8,65,20	1,3,0	45,55,75	1,3,1	-2	-1
3583	2,4,0	1,1,1	4,5,1	2,0,2	-2	-1
3584	3,1,1	14,10,16	1,0,0	7,3,13	-2	-1
3585	0,0,0	19,9,27	0,0,1	6,18,19	-2	-1
3586	0,2,0	5,10,4	2,0,0	4,7,1	-2	-1
3589	1,9,3	1,3,0	4,3,2	1,1,0	-2	-1
3590	9,18,10	0,1,0	17,13,11	2,0,0	-2	-1
3592	23,15,29	1189,1108,1343	6,7,18	740,678,638	-2	-1
3602	27,34,16	1,0,0	15,23,14	0,0,0	-2	-1
3608	32,33,34	0,0,1	44,36,49	0,1,0	-2	-1
3609	4,6,1	0,3,2	6,7,6	3,1,0	-2	-1
3613	5,4,1	2,0,1	4,3,0	0,1,0	-2	-1
3615	7,17,17	0,0,2	8,13,11	1,0,1	-2	-1
3617	4,12,1	0,3,1	9,16,5	0,2,2	-2	-1
3618	3,9,1	1,0,0	3,16,8	0,0,0	-2	-1
3620	1,2,0	1,2,1	0,0,0	4,6,5	-2	-1
3624	1,2,0	2,3,2	3,2,4	2,7,4	-2	-1
3626	0,2,1	0,0,1	3,1,1	1,0,0	-2	-1
3628	2,2,2	0,6,2	4,0,0	0,2,2	-2	-1
3629	0,1,0	60,115,58	0,0,0	86,72,59	-2	-1
3630	4,9,5	6,16,6	8,9,6	12,22,10	-2	-1
3635	376,291,387	1,0,0	294,124,144	0,0,0	-2	-1
3636	21,43,16	0,0,0	35,31,46	0,1,0	-2	-1
3637	42,73,27	1,0,0	41,34,54	0,0,0	-2	-1
3640	15,14,2	1,3,0	5,11,3	1,2,1	-2	-1
3641	11,24,9	7,8,5	15,20,19	10,21,14	-2	-1
3652	3,5,0	0,0,0	6,4,7	1,0,0	-2	-1
3653	2,21,7	1,0,0	7,11,10	0,2,0	-2	-1
3654	11,20,12	0,0,0	14,17,12	0,1,0	-2	-1
3657	3,16,5	10,13,10	9,10,7	8,7,11	-2	-1
3658	0,0,1	41,17,37	2,0,0	13,18,14	-2	-1
3660	21,30,25	0,0,1	26,22,18	0,0,0	-2	-1
3662	0,1,2	1,2,2	0,3,1	5,2,6	-2	-1
3663	6,7,13	49,47,76	7,7,11	46,61,49	-2	-1
3666	4,4,5	0,0,2	5,6,6	0,0,0	-2	-1
3674	43,53,27	27,53,23	44,65,59	35,35,27	-2	-1
3675	83,122,76	91,125,89	89,69,52	87,55,44	-2	-1
3676	2,0,0	12,6,10	0,0,0	4,12,13	-2	-1
3677	19,40,21	0,2,1	23,30,44	3,5,1	-2	-1
3678	1,0,1	8,3,4	0,1,0	0,5,2	-2	-1
3680	0,3,0	0,0,0	2,4,3	2,0,0	-2	-1
3683	8,40,11	6,20,2	10,7,4	1,1,3	-2	-1
3684	3,16,6	0,1,0	4,1,5	0,0,0	-2	-1
3685	0,3,1	8,57,6	0,0,1	13,9,11	-2	-1
3686	6,41,7	2,21,5	10,11,5	5,4,4	-2	-1
3687	1,0,0	4,0,1	1,0,0	6,0,0	-2	-1
3688	5,4,4	0,0,1	4,4,0	0,2,1	-2	-1
3692	80,89,99	2,3,1	65,25,24	5,0,2	-2	-1
3695	12,12,14	2,6,2	10,6,3	0,5,4	-2	-1
3696	0,2,1	0,1,0	1,0,1	0,0,0	-2	-1
3698	1,2,2	0,2,0	0,0,1	0,0,0	-2	-1
3700	11,25,11	13,9,16	12,8,10	11,11,9	-2	-1
3701	59,40,50	38,30,41	24,23,25	18,11,19	-2	-1
3702	28,67,37	0,0,0	52,32,32	0,3,1	-2	-1
3704	3,21,6	9,4,3	5,10,3	4,4,10	-2	-1
3705	2,2,0	9,4,4	2,1,0	5,4,5	-2	-1
3707	9,8,5	4,2,4	6,10,5	2,13,7	-2	-1
3709	14,13,16	0,1,0	8,13,3	0,0,1	-2	-1
3710	0,1,1	10,7,17	0,0,0	7,13,3	-2	-1
3711	33,30,42	3,3,1	42,32,32	0,1,0	-2	-1
3712	5,5,0	1,0,0	18,10,5	0,0,0	-2	-1
3713	4,1,0	65,92,38	0,3,0	82,107,70	-2	-1
3714	151,110,63	1,0,0	94,85,75	0,0,0	-2	-1
3716	22,19,22	2,2,0	24,24,15	0,0,1	-2	-1
3720	11,16,19	39,42,40	10,10,4	29,22,17	-2	-1
3721	59,57,80	39,42,40	56,27,19	29,22,17	-2	-1
3722	49,45,70	1,4,9	48,19,16	2,2,1	-2	-1
3723	4,2,3	1,1,2	2,3,2	2,3,1	-2	-1
3724	0,1,0	0,0,1	0,1,0	0,1,0	-2	-1
3729	1,0,0	26,20,27	0,0,0	10,30,28	-2	-1
3732	71,54,61	16,8,11	51,22,20	12,13,9	-2	-1
3733	0,0,2	0,3,0	0,0,0	0,1,1	-2	-1
3734	0,1,0	1,2,1	0,0,1	0,1,0	-2	-1
3736	0,2,2	0,4,0	10,5,3	5,7,4	-2	-1
3737	4,9,5	0,1,0	7,8,7	0,4,2	-2	-1
3738	40,30,12	1,0,0	12,17,16	0,0,1	-2	-1
3740	24,28,10	5,0,2	12,13,15	1,1,0	-2	-1
3744	5,3,2	1,1,0	6,2,5	1,0,0	-2	-1
3749	8,11,3	22,23,18	4,11,1	20,14,4	-2	-1
3750	0,1,0	27,29,26	1,1,0	17,15,11	-2	-1
3751	0,0,0	3,6,6	0,1,1	0,15,11	-2	-1
3752	1,1,1	16,15,18	1,4,1	15,18,9	-2	-1
3753	0,0,0	50,58,75	0,2,0	72,108,94	-2	-1
3755	2,10,1	0,0,3	3,2,2	1,1,2	-2	-1
3758	132,220,159	27,36,28	120,164,154	15,20,29	-2	-1
3764	12,19,13	7,1,2	10,12,7	0,1,1	-2	-1
3765	5,2,2	10,6,5	2,0,3	4,6,10	-2	-1
3766	35,23,25	1,4,1	32,33,23	0,0,0	-2	-1
3768	169,151,100	28,21,42	79,91,99	13,17,14	-2	-1
3773	0,0,0	2,0,1	0,0,2	0,2,0	-2	-1
3775	1,6,18	6,0,2	14,1,7	0,1,0	-2	-1
3779	3,7,2	3,8,2	4,2,2	8,3,0	-2	-1
3780	1,2,3	1,1,2	4,4,1	5,1,4	-2	-1
3786	0,0,0	0,3,0	3,4,6	1,5,1	-2	-1
3793	8,26,9	9,26,8	21,20,30	19,27,32	-2	-1
3795	0,1,1	1,0,1	0,2,0	0,0,0	-2	-1
3797	0,0,1	0,0,0	0,0,0	0,1,1	-2	-1
3798	0,0,1	1,0,0	0,1,5	0,0,3	-2	-1
3800	3,5,0	1,0,0	0,1,1	0,0,0	-2	-1
3802	2,0,0	12,12,9	0,1,0	15,15,6	-2	-1
3803	1,0,0	1,13,7	1,0,0	11,10,4	-2	-1
3806	5,10,2	7,3,2	3,3,4	2,4,2	-2	-1
3807	11,13,9	8,8,5	4,10,8	5,6,4	-2	-1
3810	21,34,16	2,13,6	15,1,4	2,5,7	-2	-1
3811	5,5,2	4,22,4	2,3,3	8,12,4	-2	-1
3818	1,2,6	1,1,0	0,3,2	0,2,2	-2	-1
3819	9,3,6	2,3,1	12,23,13	6,3,6	-2	-1
3820	1,6,2	7,3,2	4,3,7	7,4,7	-2	-1
3821	9,62,24	23,84,16	44,38,40	78,51,28	-2	-1
3822	2,15,1	1,10,6	15,5,11	14,6,5	-2	-1
3823	33,29,22	0,0,0	14,21,10	0,0,1	-2	-1
3824	12,8,5	93,90,84	4,7,13	43,144,117	-2	-1
3825	106,95,104	1,0,0	58,114,120	0,0,0	-2	-1
3830	2,0,0	0,2,0	0,0,0	1,6,1	-2	-1
3831	2,0,0	2,1,1	0,0,0	0,1,2	-2	-1
3832	0,2,0	2,1,1	1,6,1	0,1,2	-2	-1
3835	0,4,7	128,116,134	5,4,6	93,126,121	-2	-1
3837	3,1,0	0,0,2	3,0,1	0,0,0	-2	-1
3842	49,69,42	0,2,2	64,54,68	0,0,1	-2	-1
3843	14,11,9	0,3,0	8,16,12	0,2,1	-2	-1
3844	9,6,3	1,1,0	4,0,0	0,1,0	-2	-1
3846	0,3,1	0,0,0	4,2,0	0,0,1	-2	-1
3847	5,7,3	0,0,0	1,3,5	0,1,2	-2	-1
3848	50,102,48	0,0,0	74,76,77	0,2,1	-2	-1
3849	13,17,9	0,1,0	14,18,18	0,0,0	-2	-1
3850	10,2,1	23,23,20	1,5,4	21,39,39	-2	-1
3851	0,0,0	1,0,0	1,0,0	0,0,0	-2	-1
3853	64,74,73	4,1,5	34,53,39	1,7,2	-2	-1
3855	0,0,1	15,34,21	2,0,0	27,8,20	-2	-1
3856	0,0,2	0,1,0	0,0,0	0,0,2	-2	-1
3857	14,19,13	0,0,1	27,10,12	0,0,0	-2	-1
3861	2,2,2	0,1,0	2,1,2	0,1,1	-2	-1
3863	96,164,112	0,0,0	98,118,105	0,1,0	-2	-1
3867	0,0,0	3,8,3	0,0,1	2,8,5	-2	-1
3873	6,9,2	7,4,1	7,7,8	9,5,7	-2	-1
3874	18,16,15	4,8,8	7,20,9	2,5,9	-2	-1
3883	3,4,1	0,0,2	2,2,0	0,0,0	-2	-1
3885	1,3,4	0,9,4	2,2,0	2,2,5	-2	-1
3889	4,7,0	24,19,14	4,1,2	16,14,7	-2	-1
3890	9,7,2	9,10,6	2,0,0	3,0,8	-2	-1
3891	3,9,2	4,2,3	3,2,0	3,2,4	-2	-1
3892	1,5,2	6,19,8	3,4,2	7,9,19	-2	-1
3893	6,23,10	5,11,3	23,9,11	10,4,9	-2	-1
3894	3,6,1	4,2,0	11,0,2	0,3,4	-2	-1
3896	1,0,0	7,1,5	0,2,0	1,9,1	-2	-1
3899	9,14,14	0,0,0	14,9,15	1,1,1	-2	-1
3900	15,11,19	1,0,0	16,5,9	0,0,0	-2	-1
3901	9,5,2	1,5,0	2,3,1	1,2,0	-2	-1
3902	0,0,0	0,2,0	1,1,0	0,0,0	-2	-1
3903	0,3,1	5,33,8	3,3,6	10,15,33	-2	-1
3905	51,61,55	0,1,0	38,38,51	0,0,0	-2	-1
3906	3,14,6	7,8,11	11,12,17	17,24,13	-2	-1
3907	14,15,14	0,0,0	14,26,25	0,1,2	-2	-1
3908	7,11,9	1,0,0	1,6,6	0,0,0	-2	-1
3909	0,0,1	0,3,0	1,0,0	2,0,2	-2	-1
3911	0,5,4	0,2,1	1,2,3	0,0,0	-2	-1
3913	0,0,1	9,11,8	3,0,0	7,2,6	-2	-1
3914	4,7,7	0,0,2	5,2,7	0,1,0	-2	-1
3915	2,4,2	8,6,11	4,1,2	5,4,0	-2	-1
3917	41,54,36	0,1,0	33,27,44	0,0,0	-2	-1
3920	0,2,9	375,143,467	4,3,2	178,184,160	-2	-1
3921	7,14,6	0,0,0	13,12,8	0,1,1	-2	-1
3922	10,10,6	0,2,3	3,4,8	4,1,0	-2	-1
3923	5,13,4	2,1,1	3,7,11	0,2,0	-2	-1
3926	3,1,3	32,80,27	0,0,2	40,52,38	-2	-1
3939	9,12,6	38,49,34	6,0,0	38,13,6	-2	-1
3943	1,0,5	2,5,1	1,0,1	2,2,1	-2	-1
3944	3,19,10	0,0,0	9,10,5	0,1,0	-2	-1
3946	6,18,2	1,0,0	13,9,13	0,0,0	-2	-1
3950	23,31,10	8,25,9	13,17,26	11,5,11	-2	-1
3955	6,18,7	13,40,9	20,17,13	33,21,20	-2	-1
3958	1,0,1	54,46,50	4,0,0	33,59,29	-2	-1
3961	1,2,3	95,126,72	4,0,2	101,172,124	-2	-1
3966	1,0,1	6,6,4	0,0,2	2,9,9	-2	-1
3967	9,2,5	0,2,0	14,2,4	2,1,0	-2	-1
3971	578,528,754	0,3,1	428,969,784	0,0,1	-2	-1
3972	114,113,85	0,1,0	87,100,92	0,1,2	-2	-1
3980	8,17,10	1,1,0	11,13,5	1,4,1	-2	-1
3981	12,13,5	6,1,6	7,5,25	4,1,4	-2	-1
3982	38,59,27	22,39,13	62,52,60	33,44,32	-2	-1
3993	1,2,0	2,9,8	4,10,4	8,11,6	-2	-1
3994	1482,1160,1453	183,105,174	851,581,556	95,69,88	-2	-1
3995	70,40,81	25,13,17	28,114,98	10,32,18	-2	-1
3996	69,40,78	2,2,6	26,117,97	1,10,3	-2	-1
4007	1,7,2	0,0,0	3,3,6	0,2,0	-2	-1
4008	92,96,80	0,0,0	92,129,99	3,0,0	-2	-1
4009	33,34,35	0,0,1	27,13,18	2,0,0	-2	-1
4013	0,1,0	7,5,1	1,1,1	8,5,1	-2	-1
4015	1,4,2	0,2,0	0,4,2	0,0,0	-2	-1
4016	10,49,17	0,3,0	34,134,134	0,8,6	-2	-1
4017	54,60,38	0,0,0	23,61,53	0,0,1	-2	-1
4018	5,14,10	0,0,2	3,6,9	0,0,0	-2	-1
4022	8,13,5	2,0,0	12,6,0	0,0,3	-2	-1
4025	0,0,0	0,3,0	1,0,0	0,0,0	-2	-1
4032	7,13,10	2,1,0	19,17,4	1,0,1	-2	-1
4033	15,3,4	0,1,0	9,8,3	0,0,1	-2	-1
4034	1,0,0	5,8,5	0,0,0	3,2,10	-2	-1
4038	0,0,1	0,0,0	4,3,3	0,0,3	-2	-1
4039	17,42,23	32,96,24	20,36,37	73,78,90	-2	-1
4040	13,24,14	3,3,2	14,20,24	6,16,7	-2	-1
4041	38,66,38	102,137,118	14,36,21	108,50,61	-2	-1
4044	57,135,53	0,0,1	111,102,123	0,0,0	-2	-1
4054	6,8,6	2,7,2	2,15,11	0,6,2	-2	-1
4056	0,0,1	1,3,1	0,0,0	1,0,9	-2	-1
4058	2,1,3	0,0,0	1,5,1	0,1,0	-2	-1
4059	0,1,1	21,25,10	0,2,0	23,31,35	-2	-1
4063	20,72,14	0,3,0	69,47,72	2,3,0	-2	-1
4065	0,0,0	15,38,27	1,0,0	26,13,15	-2	-1
4069	2,5,1	2,5,1	7,6,1	5,6,13	-2	-1
4071	105,111,84	6,2,8	82,52,62	3,1,2	-2	-1
4075	2,1,1	176,110,158	0,1,0	96,105,147	-2	-1
4076	6,13,14	0,0,0	6,10,7	0,3,1	-2	-1
4079	6,8,7	0,1,0	13,7,10	0,0,0	-2	-1
4083	4,0,2	0,1,0	0,0,2	0,3,2	-2	-1
4084	4,1,2	1,0,0	0,0,2	0,0,1	-2	-1
4086	5,18,5	3,3,0	7,4,4	2,5,5	-2	-1
4087	5,18,5	0,0,1	7,4,4	3,1,0	-2	-1
4088	3,3,0	0,0,1	2,5,5	3,1,0	-2	-1
4089	6,13,12	4,3,4	0,6,11	0,4,2	-2	-1
4092	5,20,10	9,23,12	4,7,9	3,15,15	-2	-1
4093	27,27,18	0,0,0	12,22,11	0,1,0	-2	-1
4095	4,4,0	0,1,3	2,0,1	3,0,0	-2	-1
4096	0,0,0	181,217,203	38,108,0	62,127,225	-2	-1
4097	797,621,872	3,0,2	722,488,496	1,1,3	-2	-1
4099	4,7,6	1,0,0	4,9,14	0,3,0	-2	-1
4100	34,101,28	3,5,1	102,71,87	3,4,2	-2	-1
4101	0,0,1	11,18,8	0,0,0	15,21,19	-2	-1
4102	5,4,7	0,2,0	3,10,7	0,0,0	-2	-1
4105	11,10,7	12,23,14	10,3,3	16,5,9	-2	-1
4106	11,10,7	0,1,4	10,3,3	0,0,0	-2	-1
4107	12,23,14	0,1,4	16,5,9	0,0,0	-2	-1
4108	33,35,36	21,26,23	17,29,34	4,18,17	-2	-1
4109	7,19,9	2,4,0	17,6,3	0,1,0	-2	-1
4110	41,36,40	0,0,0	39,42,23	0,1,0	-2	-1
4112	0,2,2	31,71,17	4,2,4	54,68,71	-2	-1
4116	18,17,11	0,0,0	11,13,17	1,0,0	-2	-1
4122	5,7,3	0,0,0	1,3,3	1,0,0	-2	-1
4124	5,4,3	0,0,0	5,4,6	0,0,1	-2	-1
4125	1,1,0	1,1,1	0,0,0	0,0,4	-2	-1
4127	0,0,0	9,7,12	0,2,0	7,9,5	-2	-1
4129	13,20,24	0,0,2	22,11,12	0,1,0	-2	-1
4130	60,61,60	0,0,2	58,30,28	0,1,0	-2	-1
4131	48,48,41	1,7,5	41,23,24	5,4,8	-2	-1
4134	1,7,4	2,2,2	6,4,2	0,3,0	-2	-1
4135	48,56,47	1,0,1	30,33,35	0,0,0	-2	-1
4136	38,55,56	4,2,1	16,41,31	1,0,0	-2	-1
4139	94,80,74	0,1,0	39,67,52	0,1,0	-2	-1
4140	3,5,4	21,29,19	3,1,2	12,6,12	-2	-1
4142	3,5,1	0,0,0	2,10,10	0,1,1	-2	-1
4143	0,0,0	141,93,140	0,0,2	41,78,80	-2	-1
4150	8,3,6	0,0,1	6,2,2	0,0,0	-2	-1
4153	331,303,360	41,47,60	206,200,204	15,26,21	-2	-1
4154	10,19,13	194,208,207	13,24,23	98,205,266	-2	-1
4155	36,42,36	3,1,2	33,46,52	1,1,0	-2	-1
4158	0,0,2	1,0,0	0,0,0	1,0,0	-2	-1
4162	9,23,16	0,0,0	14,19,13	0,0,1	-2	-1
4164	23,19,15	0,0,1	17,35,38	0,0,0	-2	-1
4167	0,0,1	14,11,3	0,0,0	8,4,6	-2	-1
4172	1,3,0	161,145,147	3,0,0	112,50,37	-2	-1
4174	1,0,0	2,9,6	0,0,0	1,5,4	-2	-1
4180	146,131,158	2,1,3	90,54,68	0,1,0	-2	-1
4181	3,3,1	4,8,4	0,2,2	1,4,6	-2	-1
4185	0,1,0	0,0,1	2,1,3	0,0,4	-2	-1
4186	45,33,47	17,13,11	28,3,3	8,3,1	-2	-1
4187	0,3,1	0,23,0	0,1,0	0,0,1	-2	-1
4190	0,0,0	12,17,18	1,1,0	23,24,30	-2	-1
4191	4,8,2	9,6,10	4,11,7	5,13,7	-2	-1
4192	13,18,18	1,1,0	8,27,14	1,0,1	-2	-1
4193	12,12,6	0,0,0	6,6,5	0,1,0	-2	-1
4197	5,17,14	1,0,0	4,16,11	0,1,0	-2	-1
4202	19,24,24	0,0,1	9,11,4	0,0,0	-2	-1
4203	1,0,1	9,0,9	0,1,1	0,9,1	-2	-1
4204	32,53,46	0,0,2	35,45,21	0,0,0	-2	-1
4205	95,101,112	1,0,0	60,103,110	0,0,0	-2	-1
4206	0,0,0	405,551,527	0,0,1	447,221,245	-2	-1
4208	6,10,1	1,1,0	8,3,1	0,0,0	-2	-1
4209	131,110,95	18,10,19	95,62,41	17,3,7	-2	-1
4210	2,10,1	3,14,6	8,0,3	8,3,0	-2	-1
4211	2,10,1	0,0,0	8,0,3	1,0,0	-2	-1
4212	3,14,6	0,0,0	8,3,0	1,0,0	-2	-1
4214	0,0,0	80,93,72	0,1,0	57,33,40	-2	-1
4221	1,3,0	1,6,2	2,0,1	4,11,7	-2	-1
4222	0,10,3	0,3,0	6,8,15	4,1,1	-2	-1
4223	32,38,22	0,0,0	24,21,15	0,1,0	-2	-1
4224	2,1,4	10,16,12	9,2,3	15,8,12	-2	-1
4225	80,44,63	1,0,0	37,35,27	1,0,2	-2	-1
4229	7,5,5	174,171,193	2,3,2	117,185,140	-2	-1
4230	4,11,2	3,4,1	14,6,4	2,3,4	-2	-1
4231	0,1,1	28,30,33	0,0,0	14,24,30	-2	-1
4235	11,17,19	0,2,0	11,22,38	0,2,6	-2	-1
4236	1,2,1	1,8,0	1,0,1	3,4,4	-2	-1
4237	8,23,17	0,0,0	14,15,16	1,1,0	-2	-1
4239	0,1,0	39,19,41	0,0,0	29,21,23	-2	-1
4247	60,89,62	0,0,0	70,95,92	0,1,0	-2	-1
4253	2,0,0	4,0,0	2,2,2	0,1,0	-2	-1
4255	5,2,2	1,6,3	0,2,2	2,3,10	-2	-1
4257	0,0,0	5,23,8	4,3,1	15,15,19	-2	-1
4258	13,37,30	2,3,1	19,16,15	1,1,1	-2	-1
4259	13,37,30	0,0,0	19,16,15	1,0,0	-2	-1
4260	2,3,1	0,0,0	1,1,1	1,0,0	-2	-1
4261	37,55,29	0,1,1	49,43,37	2,1,0	-2	-1
4263	6,7,6	4,22,5	11,10,9	4,10,3	-2	-1
4264	12,20,12	1,0,1	24,13,15	2,0,1	-2	-1
4265	1,10,3	3,5,1	2,3,2	5,2,1	-2	-1
4266	0,0,0	3,5,1	1,0,0	5,2,1	-2	-1
4267	0,0,0	1,10,3	1,0,0	2,3,2	-2	-1
4268	0,0,0	6,9,1	0,1,0	5,3,4	-2	-1
4271	0,0,0	0,1,0	3,0,0	0,0,0	-2	-1
4272	2,9,6	1,1,0	6,7,3	0,1,0	-2	-1
4273	0,0,1	0,2,0	0,0,1	2,1,1	-2	-1
4276	0,0,0	8,17,1	1,0,0	0,12,6	-2	-1
4281	3,4,2	12,14,12	2,10,3	5,7,9	-2	-1
4290	7,4,0	1,0,1	1,4,5	0,0,0	-2	-1
4295	2,0,2	44,82,56	0,0,1	44,33,35	-2	-1
4300	82,137,86	0,1,0	112,90,66	0,0,0	-2	-1
4301	2,0,0	1,1,0	0,1,0	0,2,0	-2	-1
4302	0,3,1	17,23,4	1,0,2	9,9,21	-2	-1
4303	0,1,1	0,3,1	3,1,0	0,2,2	-2	-1
4304	0,0,0	10,19,6	1,0,0	13,11,5	-2	-1
4307	35,44,27	4,5,8	39,42,46	12,7,7	-2	-1
4308	0,2,0	0,0,0	1,2,1	0,0,1	-2	-1
4309	5,8,5	3,2,6	0,10,6	3,8,1	-2	-1
4312	73,51,47	8,10,8	71,15,8	12,6,6	-2	-1
4313	0,0,1	47,50,38	1,1,2	76,47,29	-2	-1
4315	6,10,7	0,3,2	6,11,10	2,0,0	-2	-1
4316	1,3,2	0,1,0	1,2,5	0,0,0	-2	-1
4317	1,2,0	3,7,1	0,0,0	11,9,9	-2	-1
4318	0,3,0	0,1,0	0,0,2	2,1,2	-2	-1
4320	0,0,0	2,2,4	1,0,0	1,7,1	-2	-1
4323	286,265,233	0,0,0	201,350,345	2,0,0	-2	-1
4324	48,63,56	2,0,0	46,102,93	1,6,2	-2	-1
4325	54,95,82	0,0,0	76,200,198	0,0,3	-2	-1
4326	5,6,9	13,13,15	4,2,0	12,15,15	-2	-1
4329	0,2,8	6,8,12	5,17,8	10,22,17	-2	-1
4330	10,22,17	6,8,12	12,37,39	10,22,17	-2	-1
4332	5,5,4	0,0,0	5,6,5	1,0,0	-2	-1
4333	1,0,0	4,11,5	0,0,0	13,14,14	-2	-1
4336	1,2,0	0,0,0	0,0,0	0,0,1	-2	-1
4338	1,1,2	4,5,4	0,0,0	5,6,6	-2	-1
4339	11,6,7	0,0,1	1,16,7	0,0,0	-2	-1
4340	6,7,2	2,4,3	2,3,0	1,1,1	-2	-1
4341	0,1,1	1,2,4	0,2,0	4,4,3	-2	-1
4346	4,6,3	18,18,15	7,0,11	8,29,25	-2	-1
4351	0,5,3	1,4,4	4,12,2	5,6,1	-2	-1
4352	41,84,54	85,106,56	60,31,36	74,52,43	-2	-1
4357	2,5,2	0,1,0	2,2,1	1,1,0	-2	-1
4360	1,0,1	0,1,1	1,1,4	0,3,1	-2	-1
4361	1,0,0	0,1,0	0,0,0	0,1,0	-2	-1
4362	2,2,5	0,0,0	4,7,3	0,1,0	-2	-1
4363	0,2,0	3,0,0	1,3,1	0,0,4	-2	-1
4364	8,6,1	10,16,3	6,4,3	1,5,1	-2	-1
4367	5,12,7	1,1,1	19,11,8	0,0,1	-2	-1
4368	69,151,60	0,1,0	80,52,67	0,0,2	-2	-1
4370	3,3,4	4,12,9	5,2,0	3,6,2	-2	-1
4372	16,16,9	7,1,2	10,20,18	2,5,9	-2	-1
4373	1,0,0	19,30,14	0,0,0	25,13,14	-2	-1
4374	6,7,6	19,26,19	6,7,7	14,24,25	-2	-1
4383	1,0,0	133,98,179	0,0,0	84,109,96	-2	-1
4387	0,0,1	1,4,6	0,0,0	1,0,4	-2	-1
4393	23,21,23	0,0,2	6,5,4	0,2,0	-2	-1
4394	5,5,16	21,18,14	0,4,8	6,6,4	-2	-1
4396	0,1,0	1,2,0	0,1,2	1,0,4	-2	-1
4397	0,1,0	2,1,0	0,1,2	0,1,1	-2	-1
4398	1,2,0	2,1,0	1,0,4	0,1,1	-2	-1
4399	4,0,5	40,32,50	0,3,3	25,34,31	-2	-1
4400	25,24,27	0,0,1	29,34,32	0,0,0	-2	-1
4408	0,1,0	101,97,118	0,1,0	75,45,42	-2	-1
4409	28,38,39	1,6,1	37,16,32	0,1,0	-2	-1
4410	4,1,1	5,2,1	3,2,1	2,0,1	-2	-1
4414	29,159,23	1,2,0	192,144,146	4,2,0	-2	-1
4416	5,5,6	0,0,0	8,5,3	0,1,0	-2	-1
4418	5,5,6	15,13,8	7,5,3	6,13,9	-2	-1
4420	1,0,0	0,0,1	0,0,2	0,0,0	-2	-1
4421	0,1,0	5,2,1	0,0,0	5,2,2	-2	-1
4422	19,25,13	14,11,10	10,6,11	7,10,4	-2	-1
4425	0,0,0	9,7,2	0,1,0	2,14,7	-2	-1
4427	0,0,3	0,0,0	0,0,0	0,1,0	-2	-1
4428	6,13,4	0,0,0	5,13,7	0,1,0	-2	-1
4429	6,13,4	0,0,3	5,13,7	0,0,0	-2	-1
4430	17,16,16	3,0,3	10,8,19	0,1,1	-2	-1
4431	2,1,1	372,391,410	0,0,0	328,214,198	-2	-1
4432	7,12,9	3,1,0	7,7,13	3,1,0	-2	-1
4436	0,0,0	10,4,14	1,0,0	7,10,11	-2	-1
4439	0,1,0	0,1,0	0,0,0	1,0,1	-2	-1
4440	12,35,4	3,4,2	16,28,26	1,9,14	-2	-1
4441	1,0,0	1,0,0	0,1,1	0,0,0	-2	-1
4442	4,8,1	0,1,0	7,5,9	1,2,0	-2	-1
4444	5,10,6	6,16,7	7,11,14	11,13,6	-2	-1
4445	63,56,23	6,6,0	35,61,29	1,2,2	-2	-1
4448	0,0,0	0,0,1	0,0,1	0,0,0	-2	-1
4456	16,33,12	11,17,4	16,12,10	9,6,6	-2	-1
4458	0,0,0	0,0,1	0,2,0	1,0,1	-2	-1
4472	0,0,1	25,25,24	0,0,0	9,26,7	-2	-1
4473	37,15,16	3,0,0	16,18,14	0,0,0	-2	-1
4477	2,11,5	16,9,3	7,8,7	2,1,9	-2	-1
4478	0,0,0	0,0,1	2,0,0	0,1,0	-2	-1
4480	0,0,0	1,5,0	0,0,1	3,2,9	-2	-1
4487	0,0,1	0,1,0	0,0,0	1,0,2	-2	-1
4488	0,0,0	18,35,21	1,0,0	27,19,16	-2	-1
4489	2,3,1	42,37,21	0,2,1	14,23,15	-2	-1
4491	3,0,2	1,0,0	1,1,0	1,0,0	-2	-1
4492	79,101,101	0,2,0	105,79,68	0,0,1	-2	-1
4497	3,10,1	7,12,4	2,7,8	10,7,12	-2	-1
4504	14,16,14	1,0,2	13,12,17	3,1,2	-2	-1
4507	17,13,9	48,66,42	7,8,3	80,110,104	-2	-1
4512	5,14,2	0,1,0	13,9,17	1,0,2	-2	-1
4515	0,2,6	6,4,1	0,1,3	7,19,12	-2	-1
4518	12,12,13	10,11,9	10,12,10	8,16,17	-2	-1
4523	0,0,0	4,1,2	1,0,0	5,2,2	-2	-1
4526	9,12,10	0,0,0	4,8,14	1,0,0	-2	-1
4528	21,23,9	0,5,1	19,22,17	1,0,2	-2	-1
4529	6,5,9	1,0,1	6,3,6	0,0,0	-2	-1
4532	0,1,0	4,0,0	0,0,0	3,0,0	-2	-1
4535	0,1,4	1,0,1	1,1,2	0,0,0	-2	-1
4536	19,38,15	2,0,2	42,23,11	3,3,0	-2	-1
4537	12,29,20	0,2,0	12,24,22	0,0,0	-2	-1
4538	20,17,17	0,1,0	10,8,17	0,0,0	-2	-1
4543	31,42,17	1,1,0	29,20,17	0,2,0	-2	-1
4544	12,5,5	0,1,0	5,1,1	0,2,0	-2	-1
4545	63,34,62	0,1,1	20,20,20	0,0,0	-2	-1
4549	0,1,0	3,56,4	0,4,0	53,39,39	-2	-1
4559	1,0,0	9,15,7	1,1,1	14,15,9	-2	-1
4562	2,0,0	0,4,1	0,0,0	1,3,0	-2	-1
4566	15,23,17	1,0,1	16,13,14	0,0,0	-2	-1
4567	47,75,46	3,0,3	69,88,89	0,0,0	-2	-1
4569	8,5,9	0,1,1	8,5,6	0,0,0	-2	-1
4571	0,5,3	0,0,0	1,4,5	0,0,1	-2	-1
4573	9,29,15	0,2,2	14,18,16	1,1,0	-2	-1
4575	1,0,0	0,0,0	1,0,0	0,1,0	-2	-1
4578	12,1,7	1,2,1	5,7,6	0,0,1	-2	-1
4580	1,1,1	0,3,0	1,1,0	0,0,0	-2	-1
4581	7,11,10	0,0,1	10,3,7	0,0,0	-2	-1
4586	19,34,11	0,3,0	29,13,11	0,1,0	-2	-1
4587	3,1,1	11,24,19	0,0,2	10,15,21	-2	-1
4590	1,0,1	57,34,41	1,2,0	43,22,19	-2	-1
4593	8,9,3	1,4,4	16,9,10	1,2,3	-2	-1
4595	0,1,4	226,224,181	0,2,3	143,191,179	-2	-1
4596	37,37,29	229,224,167	18,27,31	126,97,122	-2	-1
4598	30,52,28	18,41,13	21,25,27	15,15,15	-2	-1
4599	16,50,21	4,41,17	19,39,31	28,33,26	-2	-1
4600	1,3,2	18,16,23	1,3,1	26,16,12	-2	-1
4601	9,22,14	18,16,23	11,5,9	26,16,12	-2	-1
4602	9,22,14	1,3,2	11,5,9	1,3,1	-2	-1
4603	11,14,16	20,28,23	11,2,3	14,0,8	-2	-1
4604	0,1,0	57,69,91	7,2,1	61,75,65	-2	-1
4606	56,109,48	0,0,0	73,53,40	0,1,1	-2	-1
4607	19,10,37	0,0,1	43,12,1	2,0,2	-2	-1
4611	5,7,9	2,6,4	3,5,12	0,3,2	-2	-1
4613	1,0,0	0,2,0	0,1,0	0,0,0	-2	-1
4614	13,15,5	2,0,2	12,23,16	0,1,0	-2	-1
4615	39,33,28	2,0,0	17,29,30	0,0,0	-2	-1
4619	1,0,0	5,15,7	4,1,1	8,13,8	-2	-1
4620	11,7,11	0,6,4	3,9,8	1,0,1	-2	-1
4621	0,0,0	8,18,9	0,1,1	7,9,8	-2	-1
4622	1,0,0	26,19,18	0,0,1	22,23,23	-2	-1
4623	0,1,2	0,0,0	0,1,0	0,1,1	-2	-1
4629	12,17,5	1,1,1	18,13,10	1,0,0	-2	-1
4631	1,4,0	4,15,14	4,3,1	6,4,5	-2	-1
4632	3,1,4	0,1,0	1,4,4	0,0,0	-2	-1
4633	2,6,10	75,90,87	1,3,0	57,90,88	-2	-1
4634	23,14,9	12,8,4	6,11,6	8,4,1	-2	-1
4635	1,0,0	0,1,0	0,3,1	0,0,0	-2	-1
4636	0,0,1	0,0,0	0,0,0	1,0,0	-2	-1
4637	18,13,13	0,1,0	7,9,2	0,0,0	-2	-1
4640	14,11,10	5,4,10	0,3,6	6,7,4	-2	-1
4648	0,0,0	3,2,3	2,0,0	8,2,2	-2	-1
4649	0,1,0	0,6,5	1,1,1	1,9,2	-2	-1
4651	1,0,0	4,4,5	0,0,0	7,7,2	-2	-1
4652	604,708,639	233,269,255	532,612,644	224,238,226	-2	-1
4654	6,9,2	14,19,15	7,1,1	9,11,18	-2	-1
4662	12,29,43	3,5,11	21,32,33	14,32,20	-2	-1
4663	10,25,18	1,0,0	14,29,37	0,0,1	-2	-1
4664	0,0,1	0,0,1	0,0,1	0,0,0	-2	-1
4665	2,9,5	1,3,1	8,10,4	1,1,2	-2	-1
4667	25,29,35	0,0,0	22,34,38	0,4,0	-2	-1
4668	11,31,19	16,26,4	12,6,9	5,10,4	-2	-1
4669	1,0,4	0,2,1	0,0,0	0,3,0	-2	-1
4672	0,1,0	21,28,28	0,1,2	18,76,64	-2	-1
4674	1025,699,1024	2,0,3	693,974,923	0,0,1	-2	-1
4675	1244,830,1105	50,32,47	782,818,817	40,24,30	-2	-1
4678	0,1,0	33,32,34	0,0,0	13,30,30	-2	-1
4682	0,0,0	0,1,0	0,4,1	0,0,0	-2	-1
4719	4,1,0	25,18,12	0,1,0	9,10,12	-2	-1
4720	9,34,7	0,0,0	15,23,29	0,1,0	-2	-1
4721	0,11,1	2,0,0	4,4,10	0,0,0	-2	-1
4725	2,1,0	0,0,0	0,0,0	0,1,0	-2	-1
4726	2,1,0	0,0,0	0,0,0	0,1,0	-2	-1
4728	0,1,0	0,0,1	3,1,0	2,0,0	-2	-1
4729	1,3,0	0,3,0	4,10,12	0,5,2	-2	-1
4733	14,31,16	14,23,8	31,10,13	21,12,10	-2	-1
4734	1,1,0	8,9,10	0,0,0	3,7,9	-2	-1
4737	9,9,7	0,0,1	22,8,15	0,0,0	-2	-1
4738	4,14,3	2,1,0	14,11,6	0,0,3	-2	-1
4746	7,7,4	4,1,5	4,5,10	4,10,13	-2	-1
4747	76,111,79	4,1,5	74,120,127	4,10,13	-2	-1
4748	71,104,75	2,0,0	70,116,124	0,1,7	-2	-1
4750	20,23,16	1,0,0	21,34,20	0,0,0	-2	-1
4754	0,1,0	1,1,0	0,0,0	0,1,0	-2	-1
4764	3,0,2	2,1,0	1,0,1	2,0,0	-2	-1
4765	0,3,1	0,0,0	1,4,5	0,0,1	-2	-1
4766	8,6,4	15,53,17	6,5,5	23,34,19	-2	-1
4767	2,6,12	6,3,3	4,2,1	6,1,0	-2	-1
4771	2,1,1	3,4,3	0,4,1	2,2,0	-2	-1
4772	0,0,0	0,0,1	0,1,0	2,2,3	-2	-1
4778	4,1,1	0,2,0	0,1,1	0,0,0	-2	-1
4781	0,2,1	0,1,0	1,0,3	0,0,0	-2	-1
4784	47,62,55	7,15,14	27,38,61	4,14,4	-2	-1
4785	86,83,93	0,3,1	77,43,68	0,0,1	-2	-1
4786	3,3,0	15,13,9	2,3,2	7,4,10	-2	-1
4788	4,3,2	16,15,15	6,7,6	19,29,31	-2	-1
4789	25,43,48	0,1,0	32,39,57	0,2,0	-2	-1
4792	136,183,159	0,3,0	135,97,97	0,0,0	-2	-1
4793	2,7,0	0,0,1	4,3,4	0,0,1	-2	-1
4794	2,8,4	1,1,0	2,4,2	0,0,1	-2	-1
4798	86,59,71	98,62,97	56,65,63	89,70,86	-2	-1
4800	37,65,39	0,2,1	44,83,81	0,2,0	-2	-1
4811	3,7,2	0,4,3	1,13,8	0,5,3	-2	-1
4812	16,15,9	1,5,1	6,11,17	2,0,0	-2	-1
4818	11,4,6	48,33,41	9,16,13	27,32,40	-2	-1
4819	8,5,12	7,8,4	8,8,13	7,7,2	-2	-1
4822	0,1,0	56,42,32	2,0,1	57,54,75	-2	-1
4828	11,21,3	0,1,0	10,16,7	0,0,0	-2	-1
4829	0,0,0	3,4,0	1,0,0	1,7,0	-2	-1
4831	3,2,1	0,0,0	0,2,0	0,0,1	-2	-1
4832	43,51,29	5,5,4	35,40,25	2,1,1	-2	-1
4842	31,28,27	1,3,0	13,9,16	0,0,0	-2	-1
4844	7,4,12	0,0,0	6,2,8	0,1,2	-2	-1
4845	0,0,0	8,0,1	0,2,0	1,2,1	-2	-1
4846	2,0,1	4,21,10	1,3,5	21,18,32	-2	-1
4847	6,8,8	12,18,11	6,2,9	16,3,4	-2	-1
4848	3,3,0	9,25,11	5,3,1	16,9,6	-2	-1
4849	8,5,2	43,71,40	3,7,1	32,35,40	-2	-1
4850	0,1,1	0,0,2	0,0,0	1,0,0	-2	-1
4851	0,0,2	6,2,4	2,4,7	6,9,10	-2	-1
4854	12,21,9	0,0,1	12,9,17	0,1,1	-2	-1
4857	3,11,7	3,5,2	8,4,9	3,1,3	-2	-1
4858	42,36,73	0,1,0	17,20,8	0,0,0	-2	-1
4860	14,22,12	4,6,4	16,4,10	10,1,3	-2	-1
4861	9,18,10	23,55,36	15,7,4	41,18,16	-2	-1
4865	4,28,17	4,11,4	13,21,16	10,6,8	-2	-1
4866	46,78,52	35,61,21	54,50,46	32,45,42	-2	-1
4867	4,3,2	0,1,2	3,3,4	1,0,3	-2	-1
4868	4,8,7	1,2,2	5,5,3	1,2,0	-2	-1
4872	2,12,4	0,7,1	6,12,4	3,1,2	-2	-1
4877	5,17,17	0,0,0	13,17,20	0,1,0	-2	-1
4878	10,26,9	1,3,0	11,7,11	1,3,6	-2	-1
4879	12,31,17	0,0,0	6,18,14	1,1,1	-2	-1
4881	15,28,13	1,2,0	24,23,23	0,1,0	-2	-1
4884	0,1,0	1,6,2	2,1,0	4,11,8	-2	-1
4885	0,1,1	1,3,0	0,0,0	2,7,2	-2	-1
4886	1,5,5	0,0,0	7,11,10	0,3,0	-2	-1
4887	5,9,0	0,0,0	6,5,13	0,1,0	-2	-1
4889	4,2,8	0,2,2	5,0,1	1,1,0	-2	-1
4892	9,6,8	57,54,59	4,5,1	43,27,35	-2	-1
4894	61,58,51	8,10,10	46,55,69	7,14,9	-2	-1
4896	2,0,0	45,35,67	0,1,0	34,32,23	-2	-1
4899	5,1,1	1,3,2	2,1,2	6,1,4	-2	-1
4901	3,1,1	27,24,29	1,0,3	11,8,15	-2	-1
4909	1,5,0	0,2,5	0,3,0	1,4,5	-2	-1
4911	3,10,2	1,1,1	2,8,8	0,2,3	-2	-1
4913	0,2,1	2,10,3	0,0,0	1,6,2	-2	-1
4916	0,0,3	6,12,21	0,0,1	16,23,19	-2	-1
4921	37,57,45	2,0,0	67,63,34	0,0,0	-2	-1
4932	1,1,0	14,36,18	0,2,2	28,60,73	-2	-1
4933	0,4,0	5,6,3	0,2,1	4,6,2	-2	-1
4938	3,0,1	1998,1787,2019	3,0,2	1913,1135,1007	-2	-1
4939	6,6,2	0,3,0	4,6,6	0,0,0	-2	-1
4940	2,12,3	3,6,4	2,6,9	5,7,8	-2	-1
4944	1,1,3	7,5,6	1,3,2	12,17,12	-2	-1
4946	2,4,3	36,27,27	0,3,0	16,7,18	-2	-1
4947	24,45,22	4,1,0	25,35,34	3,4,3	-2	-1
4948	3,7,5	20,38,8	9,7,11	25,10,8	-2	-1
4949	0,3,1	30,51,18	0,3,4	21,34,38	-2	-1
4950	7,11,3	0,0,0	3,10,4	0,1,0	-2	-1
4951	17,12,18	0,2,0	13,13,10	0,0,0	-2	-1
4954	0,0,0	2,3,2	1,4,4	6,3,2	-2	-1
4955	0,1,0	0,1,0	0,1,0	0,0,0	-2	-1
4956	5,14,8	0,0,0	9,11,6	0,0,1	-2	-1
4957	16,24,10	0,0,2	12,2,0	1,0,0	-2	-1
4959	18,15,8	0,0,1	9,21,9	0,0,0	-2	-1
4960	0,1,0	6,11,10	0,0,0	9,8,11	-2	-1
4961	9,5,10	0,0,0	1,9,3	0,1,0	-2	-1
4964	4,8,5	0,0,0	1,6,5	0,0,1	-2	-1
4966	0,0,1	6,10,1	0,0,0	4,1,6	-2	-1
4967	1,2,0	0,4,0	3,0,3	0,1,0	-2	-1
4968	0,2,0	0,0,0	0,0,0	1,0,2	-2	-1
4969	1,18,4	0,1,0	6,11,8	0,0,0	-2	-1
4970	20,8,14	2,4,3	2,16,15	0,6,3	-2	-1
4971	9,14,16	3,4,12	9,13,10	8,6,6	-2	-1
4972	13,16,17	5,3,5	8,13,10	0,0,0	-2	-1
4980	23,18,26	28,22,22	7,16,13	24,25,14	-2	-1
4983	126,104,150	42,36,32	112,120,100	31,15,15	-2	-1
4984	320,281,299	0,0,0	247,241,228	1,0,0	-2	-1
4986	1,3,2	14,24,6	6,4,4	13,21,26	-2	-1
4987	0,1,1	179,241,227	0,2,4	104,559,531	-2	-1
4988	10,14,4	26,64,21	26,19,15	23,61,54	-2	-1
4991	10,23,7	0,1,0	2,16,9	0,1,0	-2	-1
4992	0,1,0	0,1,0	0,0,0	0,0,1	-2	-1
4997	74,75,90	8,4,12	63,66,92	10,8,7	-2	-1
4998	78,94,86	9,10,6	75,117,66	11,5,6	-2	-1
4999	128,140,171	2,2,2	169,60,44	5,3,2	-2	-1
5000	27,43,31	1,3,3	24,31,15	2,4,1	-2	-1
5001	148,118,180	4,6,3	126,63,42	0,3,0	-2	-1
5004	0,0,0	1,0,0	0,1,0	0,0,0	-2	-1
5005	4,6,7	1,9,3	2,9,1	2,7,4	-2	-1
5007	0,2,0	8,6,4	0,1,0	1,14,10	-2	-1
5008	32,33,35	25,21,15	30,8,8	1,2,3	-2	-1
5009	54,28,36	25,21,15	24,4,2	1,2,3	-2	-1
5010	54,28,36	32,33,35	24,4,2	30,8,8	-2	-1
5011	0,1,0	0,12,0	1,0,0	14,5,0	-2	-1
5014	0,2,3	0,1,2	4,4,1	1,0,0	-2	-1
5029	4,4,3	0,0,0	4,2,4	0,1,0	-2	-1
5030	8,20,6	0,0,0	14,4,10	0,0,1	-2	-1
5031	0,2,0	0,0,0	2,0,1	0,0,1	-2	-1
5034	1,0,1	86,110,108	0,0,2	55,70,70	-2	-1
5035	5,14,11	1,0,0	4,2,1	0,0,0	-2	-1
5036	600,629,617	1,0,0	581,339,396	0,0,0	-2	-1
5038	0,2,0	1,4,0	2,0,0	1,1,0	-2	-1
5042	533,569,693	0,0,1	644,365,317	1,1,2	-2	-1
5045	3,6,2	28,28,19	0,2,2	17,35,17	-2	-1
5046	0,3,0	0,0,1	0,0,1	0,0,0	-2	-1
5048	0,7,1	0,0,0	3,1,7	0,0,1	-2	-1
5049	20,25,18	3,1,1	9,27,25	1,3,2	-2	-1
5050	3,17,10	10,15,23	4,7,3	27,16,14	-2	-1
5054	0,0,0	1,0,0	1,1,0	0,0,0	-2	-1
5056	12,15,20	1,1,3	32,5,4	0,0,0	-2	-1
5061	0,1,0	2,0,0	0,0,0	0,0,2	-2	-1
5063	0,1,1	2,9,5	2,1,0	5,6,1	-2	-1
5065	0,0,2	0,0,5	0,0,2	0,1,0	-2	-1
5068	6,8,6	7,25,11	4,8,6	8,13,8	-2	-1
5069	0,2,2	0,1,0	3,1,1	0,0,0	-2	-1
5070	2,0,1	0,0,0	0,0,0	0,1,0	-2	-1
5071	15,32,35	0,3,4	12,26,19	3,8,2	-2	-1
5073	19,27,24	0,1,1	27,13,12	1,0,0	-2	-1
5074	19,13,18	0,0,0	18,6,10	0,0,1	-2	-1
5076	2,0,0	13,45,8	0,1,2	13,17,16	-2	-1
5085	0,1,3	5,7,6	1,1,0	0,5,5	-2	-1
5087	2,3,8	1,2,1	2,8,7	1,0,5	-2	-1
5088	3,5,0	0,0,0	2,2,4	0,1,0	-2	-1
5090	0,2,1	4,6,5	0,1,0	7,3,6	-2	-1
5091	1,0,0	0,0,0	2,0,0	0,0,1	-2	-1
5096	6,21,7	0,2,0	12,2,4	0,0,0	-2	-1
5103	11,15,20	293,497,290	9,12,7	318,415,394	-2	-1
5106	8,10,9	1,1,1	7,16,15	1,2,2	-2	-1
5108	37,29,35	14,9,14	20,15,9	8,6,3	-2	-1
5110	10,6,8	1,0,0	5,2,3	1,0,0	-2	-1
5113	1,0,1	0,0,0	0,0,1	0,3,0	-2	-1
5114	3,3,4	1,1,0	0,0,1	0,0,0	-2	-1
5116	10,10,0	2,3,2	7,5,3	1,1,3	-2	-1
5121	78,130,94	3,4,0	97,76,88	0,4,5	-2	-1
5122	94,121,100	0,0,0	87,123,103	3,1,0	-2	-1
5123	1,4,1	76,65,62	6,2,2	45,54,36	-2	-1
5130	90,122,101	0,3,0	118,77,96	2,0,4	-2	-1
5132	0,1,0	11,5,2	0,1,1	3,3,0	-2	-1
5136	31,19,24	0,0,0	14,13,24	0,0,2	-2	-1
5137	21,18,31	0,2,1	6,28,21	0,1,3	-2	-1
5138	4,3,6	0,0,0	0,3,12	2,1,0	-2	-1
5140	15,24,7	0,2,0	23,5,10	0,0,0	-2	-1
5145	0,6,1	25,25,12	2,5,4	9,17,16	-2	-1
5148	8,13,28	0,0,1	16,16,12	0,1,1	-2	-1
5158	3,8,0	13,77,23	2,8,14	65,46,41	-2	-1
5161	7,7,9	0,2,2	9,11,4	1,0,0	-2	-1
5162	29,36,45	8,6,6	17,71,79	3,3,3	-2	-1
5163	3,1,1	1,2,2	2,0,2	1,1,2	-2	-1
5169	8,33,13	2,11,3	15,17,5	3,3,6	-2	-1
5172	0,1,0	1,0,0	0,0,1	1,0,4	-2	-1
5173	4,13,2	6,29,16	10,5,20	16,38,45	-2	-1
5182	7,7,3	0,1,0	1,1,6	0,1,0	-2	-1
5183	4,9,12	0,0,0	10,6,5	0,0,1	-2	-1
5184	0,1,3	8,17,6	4,3,1	20,8,8	-2	-1
5185	1,1,0	0,3,0	2,0,1	0,0,0	-2	-1
5186	10,14,4	1,0,1	7,10,19	0,0,0	-2	-1
5187	17,41,23	1,2,1	23,25,27	0,0,1	-2	-1
5188	10,37,7	9,42,15	18,16,21	18,11,18	-2	-1
5189	4,8,1	3,7,0	1,4,7	1,2,1	-2	-1
5190	23,18,23	4,1,0	9,14,9	0,3,1	-2	-1
5191	0,0,0	3,8,5	2,1,0	11,7,7	-2	-1
5192	165,209,151	2,0,0	162,86,107	0,0,0	-2	-1
5194	1,8,6	5,21,6	1,2,4	4,4,0	-2	-1
5199	1,0,0	19,14,16	0,0,0	10,11,10	-2	-1
5202	26,18,28	81,59,62	15,18,23	42,57,61	-2	-1
5207	21,104,16	2,7,2	45,31,37	16,10,2	-2	-1
5208	23,43,13	6,13,6	37,25,24	4,4,7	-2	-1
5209	71,122,52	4,1,1	67,110,88	6,4,4	-2	-1
5214	6,7,7	3,2,0	11,8,4	0,0,4	-2	-1
5218	4,14,5	246,331,232	13,7,7	352,197,219	-2	-1
5220	5,13,4	0,1,3	8,13,14	0,1,3	-2	-1
5221	2,0,0	18,35,27	0,0,0	22,25,27	-2	-1
5222	6,5,4	0,1,0	10,6,2	0,0,0	-2	-1
5224	3,0,0	2,1,0	0,2,1	0,1,2	-2	-1
5225	4,19,1	0,0,1	10,18,8	0,0,0	-2	-1
5226	1,0,0	12,11,13	0,0,0	10,4,7	-2	-1
5229	13,29,6	0,2,0	20,16,14	0,2,1	-2	-1
5231	0,0,0	1,2,1	0,0,1	3,0,0	-2	-1
5236	14,52,22	2,19,9	37,20,25	13,3,10	-2	-1
5237	19,59,25	2,0,0	52,74,72	0,0,1	-2	-1
5240	1,2,0	3,14,1	1,6,7	6,5,4	-2	-1
5241	12,43,13	1,9,0	22,21,35	4,1,4	-2	-1
5242	61,88,36	21,24,7	62,44,28	14,8,10	-2	-1
5243	1,1,2	2,1,2	1,2,2	0,3,3	-2	-1
5245	5,37,14	1,9,0	33,3,11	9,0,3	-2	-1
5246	9,19,8	3,21,1	18,34,16	6,9,14	-2	-1
5247	0,1,2	0,1,0	0,0,0	0,0,1	-2	-1
5248	6,0,4	19,24,10	4,5,4	9,26,16	-2	-1
5249	2,12,1	0,0,0	2,3,0	0,0,1	-2	-1
5250	13,12,7	1,1,2	5,5,2	0,0,0	-2	-1
5251	36,44,47	3,3,0	32,24,11	5,8,8	-2	-1
5252	2,7,6	0,1,1	8,8,3	0,2,1	-2	-1
5253	2,2,2	27,37,23	1,1,3	16,27,26	-2	-1
5254	0,1,0	22,32,4	0,0,0	57,45,33	-2	-1
5259	209,286,263	46,51,67	436,330,292	123,58,60	-2	-1
5262	1,6,0	89,165,81	4,4,0	143,163,179	-2	-1
5266	5,3,8	0,0,0	3,3,3	2,0,1	-2	-1
5267	22,35,29	110,94,81	18,23,15	51,55,42	-2	-1
5269	7,7,4	4,1,0	2,11,8	0,1,1	-2	-1
5271	13,19,27	0,0,2	18,19,17	0,0,0	-2	-1
5275	18,24,13	1,16,5	35,36,55	6,6,11	-2	-1
5276	2,1,4	17,56,28	7,10,16	41,47,79	-2	-1
5277	0,0,0	0,0,1	1,0,0	0,0,0	-2	-1
5279	0,0,1	28,34,12	0,0,0	19,61,18	-2	-1
5280	1,0,0	1234,839,1279	0,0,0	821,554,483	-2	-1
5283	0,0,1	0,2,0	2,6,4	0,0,0	-2	-1
5285	1,8,1	0,0,1	6,5,1	1,6,0	-2	-1
5290	3,12,6	4,12,5	5,29,23	5,5,10	-2	-1
5293	26,43,23	1,0,0	24,7,19	0,0,0	-2	-1
5294	3,1,2	3,2,0	3,3,0	0,0,0	-2	-1
5295	27,51,32	3,2,0	32,30,30	0,0,0	-2	-1
5296	27,51,32	3,1,2	32,30,30	3,3,0	-2	-1
5301	9,21,8	0,0,0	9,16,14	1,0,0	-2	-1
5306	1,0,0	36,25,27	1,0,0	18,36,28	-2	-1
5307	25,42,21	3,2,0	23,21,27	0,0,0	-2	-1
5309	19,30,15	4,0,1	16,14,10	0,0,0	-2	-1
5310	1,5,5	2,3,2	7,7,3	2,2,0	-2	-1
5311	2,4,2	0,2,0	5,6,9	0,1,0	-2	-1
5321	0,0,0	4,4,3	0,0,1	2,1,4	-2	-1
5324	29,108,59	0,0,1	112,91,99	2,3,2	-2	-1
5327	354,430,369	219,241,226	284,285,271	157,211,171	-2	-1
5328	253,245,255	259,299,318	181,173,152	191,232,183	-2	-1
5330	5,9,4	0,2,0	3,12,10	0,0,1	-2	-1
5332	0,1,0	2,0,3	0,0,1	1,0,0	-2	-1
5335	7,6,12	12,16,12	8,2,4	4,2,3	-2	-1
5337	63,73,38	0,0,0	43,59,71	0,1,0	-2	-1
5342	7,7,5	4,13,4	10,10,10	6,9,9	-2	-1
5344	54,56,52	0,2,1	24,62,63	0,4,3	-2	-1
5350	2,0,3	845,499,946	4,2,2	575,228,255	-2	-1
5351	697,532,753	0,0,1	432,350,269	0,0,0	-2	-1
5352	1,1,0	4,1,0	0,0,0	3,0,0	-2	-1
5353	0,0,1	0,0,2	0,2,0	0,1,0	-2	-1
5356	0,0,0	0,1,0	0,0,1	0,3,1	-2	-1
5363	1,0,0	0,0,1	3,0,2	0,0,0	-2	-1
5364	16,17,23	63,55,70	15,19,24	32,51,61	-2	-1
5366	25,15,21	0,0,0	3,9,9	0,1,0	-2	-1
5371	0,0,0	0,1,1	1,0,0	0,2,0	-2	-1
5373	1,0,0	0,0,0	0,0,0	1,0,0	-2	-1
5374	46,35,45	12,15,12	34,34,43	13,7,9	-2	-1
5376	51,43,35	0,1,1	23,16,23	0,0,0	-2	-1
5378	9,5,7	3,1,1	3,1,4	1,1,0	-2	-1
5379	387,128,203	1,0,0	194,150,105	0,0,0	-2	-1
5380	0,0,0	0,0,3	0,0,2	1,1,3	-2	-1
5382	21,16,20	5,0,2	18,3,5	0,0,0	-2	-1
5383	1,8,2	2,9,3	0,0,1	2,1,0	-2	-1
5384	0,1,0	51,66,49	1,1,1	66,61,37	-2	-1
5385	10,13,9	41,90,54	10,14,12	54,32,42	-2	-1
5387	0,2,0	10,22,4	1,1,3	12,31,21	-2	-1
5391	0,2,0	2,16,2	0,0,1	17,3,4	-2	-1
5392	5,12,7	2,10,5	13,7,6	5,4,3	-2	-1
5395	3,7,6	0,1,0	0,5,1	0,0,1	-2	-1
5397	0,0,1	0,2,1	1,2,1	0,0,1	-2	-1
5398	1,3,3	6,23,15	3,9,12	9,20,16	-2	-1
5403	0,9,0	1,8,0	2,1,3	1,1,4	-2	-1
5407	15,23,10	0,1,0	15,20,28	0,1,1	-2	-1
5411	2,1,0	0,0,0	1,3,0	0,0,1	-2	-1
5414	21,17,10	0,1,0	13,6,8	0,0,0	-2	-1
5415	1,2,1	0,7,3	3,1,0	8,0,0	-2	-1
5416	4,1,2	36,27,32	0,0,1	23,14,22	-2	-1
5417	17,30,19	0,0,0	28,36,26	0,2,1	-2	-1
5419	37,37,28	0,3,0	24,26,31	3,1,1	-2	-1
5420	22,29,8	0,1,1	13,30,18	0,0,0	-2	-1
5422	0,4,0	3,9,3	1,0,0	1,4,5	-2	-1
5426	11,5,12	13,35,18	14,11,10	8,24,19	-2	-1
5427	0,0,0	11,12,19	0,0,1	7,14,17	-2	-1
5429	186,288,181	2,1,0	161,316,261	0,1,0	-2	-1
5431	23,29,19	0,2,0	12,21,22	1,0,0	-2	-1
5434	0,0,0	1,0,0	2,1,2	0,1,1	-2	-1
5436	0,1,0	3,5,5	1,0,1	7,1,0	-2	-1
5437	6,5,14	0,0,0	7,18,8	0,0,1	-2	-1
5438	1,3,2	71,221,122	8,3,2	181,96,56	-2	-1
5441	6,30,21	0,0,0	19,11,10	0,1,1	-2	-1
5443	3,8,1	37,53,34	3,3,2	41,69,43	-2	-1
5444	1,0,0	0,0,0	0,0,1	0,0,1	-2	-1
5445	1,4,0	54,68,60	0,0,1	38,69,46	-2	-1
5446	0,4,0	54,68,60	0,0,1	38,69,46	-2	-1
5447	23,16,10	0,2,0	35,16,28	2,0,1	-2	-1
5449	0,0,0	153,179,204	2,0,1	95,104,122	-2	-1
5452	3,1,0	0,1,0	1,3,1	0,0,0	-2	-1
5455	7,3,3	20,32,23	0,0,4	8,20,21	-2	-1
5456	1,3,1	1,0,0	5,0,3	0,1,0	-2	-1
5457	1,9,1	0,2,0	4,3,2	0,1,0	-2	-1
5459	0,1,5	3,6,2	1,1,4	5,0,4	-2	-1
5460	0,0,2	3,6,2	0,0,2	5,0,4	-2	-1
5461	0,0,2	0,1,5	0,0,2	1,1,4	-2	-1
5466	0,0,0	0,1,0	0,1,0	0,0,0	-2	-1
5468	3,5,11	0,6,3	3,12,2	2,4,5	-2	-1
5469	0,1,0	0,0,1	4,4,6	0,3,0	-2	-1
5470	25,83,34	0,0,0	67,55,66	0,0,1	-2	-1
5471	1,4,0	0,0,0	1,1,1	1,0,0	-2	-1
5474	8,3,4	77,57,63	3,1,5	66,51,35	-2	-1
5475	1,0,1	54,55,39	1,1,0	55,33,30	-2	-1
5476	0,2,2	19,26,26	0,1,1	15,34,60	-2	-1
5477	2,7,8	19,26,26	3,7,5	15,34,60	-2	-1
5478	2,7,8	0,2,2	3,7,5	0,1,1	-2	-1
5479	0,0,0	0,0,2	1,0,0	0,2,2	-2	-1
5482	189,149,130	230,217,217	135,161,166	189,213,195	-2	-1
5483	39,44,50	6,8,5	19,38,62	8,5,9	-2	-1
5484	305,349,305	129,106,132	213,284,294	98,94,97	-2	-1
5487	1,2,0	18,23,21	0,2,2	11,26,21	-2	-1
5490	6,13,5	1,5,2	6,22,9	6,7,6	-2	-1
5491	5,15,1	0,0,1	7,9,10	0,0,0	-2	-1
5493	11,38,14	0,0,0	33,29,55	0,1,0	-2	-1
5494	59,128,70	0,0,0	71,84,83	0,2,0	-2	-1
5496	0,2,0	354,413,318	1,0,0	310,390,308	-2	-1
5497	252,268,207	0,0,0	297,99,85	0,0,4	-2	-1
5499	5,7,10	129,126,132	5,2,1	62,82,70	-2	-1
5501	58,43,75	0,0,0	30,61,64	0,1,0	-2	-1
5502	39,39,30	16,26,16	22,26,19	10,26,31	-2	-1
5503	8,10,15	3,4,2	4,3,12	0,3,2	-2	-1
5505	0,0,0	1,2,0	2,2,0	0,0,1	-2	-1
5507	1,0,0	0,0,0	0,0,0	0,1,3	-2	-1
5510	5,10,8	1,3,1	5,19,18	0,2,2	-2	-1
5511	4,4,3	2,7,2	5,0,10	3,5,7	-2	-1
5512	1,7,0	1,11,4	0,1,3	2,3,10	-2	-1
5513	12,11,16	6,2,1	13,7,9	1,2,1	-2	-1
5514	0,6,4	15,37,14	0,0,2	9,22,20	-2	-1
5515	0,0,0	1,3,1	0,0,1	1,1,3	-2	-1
5516	0,0,0	7,3,2	1,3,0	3,6,11	-2	-1
5518	70,106,113	0,2,0	65,46,36	0,0,0	-2	-1
5520	0,3,3	0,0,0	4,5,0	0,3,0	-2	-1
5529	3,11,3	1,0,1	1,1,1	0,0,0	-2	-1
5534	0,2,0	0,0,0	0,0,0	0,0,1	-2	-1
5538	14,19,18	6,10,8	16,17,10	7,6,8	-2	-1
5540	5,11,2	0,1,0	11,7,9	0,0,0	-2	-1
5541	52,101,32	2,3,0	57,102,137	3,5,3	-2	-1
5542	1,10,0	1,2,0	7,7,5	4,1,0	-2	-1
5543	5,6,3	0,1,0	6,12,2	0,2,1	-2	-1
5545	6,21,7	138,180,137	9,6,10	112,146,115	-2	-1
5547	64,106,42	0,3,0	91,78,80	0,0,2	-2	-1
5552	1,0,0	11,20,15	0,1,0	10,45,57	-2	-1
5553	31,50,31	0,4,3	38,29,32	1,3,1	-2	-1
5554	0,3,0	2,1,1	2,5,4	0,0,0	-2	-1
5556	1,3,5	5,20,8	2,0,2	21,6,9	-2	-1
5558	4,15,1	0,1,0	5,13,8	0,0,1	-2	-1
5561	9,31,26	3,6,6	29,21,20	11,3,6	-2	-1
5563	0,0,0	1,14,2	1,0,0	13,3,3	-2	-1
5564	24,15,16	4,2,8	9,16,15	2,3,6	-2	-1
5571	30,27,51	0,0,0	28,31,15	2,0,0	-2	-1
5574	11,24,5	0,4,4	9,13,11	3,3,1	-2	-1
5575	8,9,1	3,1,1	6,9,5	1,1,0	-2	-1
5576	28,41,14	3,4,2	21,36,39	4,1,0	-2	-1
5578	42,51,61	2,1,0	40,29,29	0,2,0	-2	-1
5580	320,700,239	0,0,1	383,540,557	0,4,0	-2	-1
5582	51,74,52	49,50,50	33,30,37	23,27,20	-2	-1
5583	10,13,5	0,0,0	13,13,11	0,1,0	-2	-1
5584	2,1,1	8,19,14	0,0,0	4,6,15	-2	-1
5585	2,5,1	3,6,1	3,1,4	1,3,7	-2	-1
5586	0,2,2	3,4,5	2,3,2	8,8,18	-2	-1
5588	0,2,0	0,2,0	0,4,0	0,0,0	-2	-1
5589	6,10,5	1,0,0	4,9,13	0,2,0	-2	-1
5590	2,0,0	8,17,10	2,4,0	9,3,17	-2	-1
5595	6,9,4	0,2,0	5,12,3	0,0,0	-2	-1
5597	2,11,3	0,4,0	9,0,8	1,0,0	-2	-1
5598	3,5,4	12,39,18	6,0,6	42,22,32	-2	-1
5599	16,36,20	6,20,16	36,23,27	11,14,12	-2	-1
5600	3,3,8	17,31,22	13,11,5	31,13,11	-2	-1
5609	1,2,7	1,3,0	1,8,8	1,2,0	-2	-1
5616	8,21,11	0,0,0	9,8,14	0,2,0	-2	-1
5617	21,28,15	4,2,2	13,22,21	3,4,4	-2	-1
5618	1,3,0	4,11,1	0,1,4	2,1,0	-2	-1
5620	0,0,0	0,1,0	8,1,0	0,0,1	-2	-1
5624	0,1,1	5,18,8	0,0,2	11,13,19	-2	-1
5625	3,7,3	0,1,0	3,4,7	0,0,0	-2	-1
5627	2,0,0	66,52,53	0,0,0	41,43,32	-2	-1
5628	3,7,2	26,33,21	4,7,6	18,28,20	-2	-1
5629	7,7,14	2,4,1	10,9,3	0,4,0	-2	-1
5630	39,38,28	15,30,27	23,21,17	20,27,14	-2	-1
5633	0,1,0	0,1,0	0,0,1	0,0,0	-2	-1
5634	66,66,70	185,187,221	45,36,39	123,142,124	-2	-1
5636	4,1,4	0,0,0	8,11,10	0,1,1	-2	-1
5637	1,3,0	4,12,0	0,2,1	9,6,17	-2	-1
5640	1,0,0	0,1,0	4,0,2	3,1,1	-2	-1
5641	2,29,10	1,9,6	5,8,7	3,2,3	-2	-1
5642	9,74,24	1,9,6	33,14,15	3,2,3	-2	-1
5643	9,74,24	2,29,10	33,14,15	5,8,7	-2	-1
5648	8,33,7	1,0,0	12,9,12	0,0,0	-2	-1
5651	3,2,1	10,9,9	0,2,2	5,11,4	-2	-1
5652	41,33,29	0,1,0	30,31,32	0,0,0	-2	-1
5657	39,78,40	1,0,0	30,42,35	1,0,0	-2	-1
5658	2,4,5	37,44,44	1,8,5	33,36,35	-2	-1
5659	5,22,1	11,80,3	20,10,15	88,47,46	-2	-1
5662	0,0,1	8,21,12	1,5,3	5,20,25	-2	-1
5663	12,4,4	9,14,12	7,5,0	6,4,5	-2	-1
5664	36,32,37	12,9,15	32,16,20	6,8,7	-2	-1
5666	2,5,8	0,1,1	5,2,2	0,0,0	-2	-1
5667	5,5,4	1,0,0	3,6,2	1,0,0	-2	-1
5668	1,2,0	108,80,108	0,0,2	73,84,96	-2	-1
