ID	IJC_SAMPLE_1	SJC_SAMPLE_1	IJC_SAMPLE_2	SJC_SAMPLE_2	IncFormLen	SkipFormLen
0	0,3,0	0,0,1	0,0,0	1,2,4	88	-1
7	115,101,106	0,1,0	50,58,55	1,3,0	140	-1
11	97,116,70	2,6,3	85,122,112	3,6,6	29	-1
15	2,10,6	0,1,2	3,12,3	0,3,2	8	-1
16	34,42,33	4,5,2	23,22,30	0,2,4	232	-1
18	2,4,5	0,0,0	1,4,5	0,1,0	5	-1
21	13,22,9	0,0,0	33,18,14	0,0,1	3	-1
24	1,3,3	20,14,19	2,1,1	13,59,45	59	-1
25	658,590,668	0,2,2	666,405,369	1,0,0	539	-1
26	1,7,3	0,0,2	3,0,3	0,0,0	44	-1
27	6,6,5	4,2,2	7,3,1	1,1,0	11	-1
30	0,3,1	0,0,3	0,0,0	1,0,1	21	-1
31	0,1,0	9,7,4	0,0,0	8,3,1	75	-1
32	2,1,3	6,8,1	1,2,2	7,6,1	71	-1
33	5,24,11	1,1,0	8,26,29	0,1,4	5	-1
36	0,2,5	5,3,2	1,3,3	1,10,3	6	-1
37	0,0,2	8,8,10	0,0,0	6,30,34	332	-1
38	0,2,2	1,1,0	3,3,2	2,5,3	27	-1
40	13,11,4	347,437,317	3,15,3	295,185,213	71	-1
48	3,1,1	0,0,0	1,0,0	2,1,0	3	-1
49	508,515,977	0,0,0	469,613,534	1,0,0	344	-1
51	5,2,10	38,29,49	4,4,1	35,6,14	25	-1
54	16,18,15	1,0,1	11,12,14	1,0,1	1	-1
57	26,64,36	192,238,180	39,32,23	144,234,181	291	-1
59	0,0,0	1,4,3	1,3,1	7,3,5	44	-1
65	0,0,0	4,1,0	0,0,1	0,5,3	3	-1
68	19,28,18	0,3,0	21,20,18	0,0,0	139	-1
70	3,6,3	14,10,24	3,3,2	5,6,8	29	-1
71	17,19,11	1,0,0	7,17,7	0,0,0	390	-1
72	17,17,10	0,0,3	7,16,6	0,0,0	592	-1
74	0,2,1	3,17,6	8,1,3	20,13,18	3	-1
78	0,1,0	1,0,0	0,0,0	1,0,1	203	-1
81	5,8,6	0,0,1	4,4,4	0,0,0	79	-1
82	0,16,2	2,2,0	9,20,10	5,10,6	150	-1
85	5,7,2	0,3,1	6,3,4	0,0,2	8	-1
87	251,399,269	0,1,0	306,173,284	0,1,1	151	-1
89	9,12,14	11,12,18	6,19,17	11,9,15	62	-1
92	0,0,1	1,4,3	3,0,0	4,0,0	3	-1
97	0,1,0	3,0,1	0,0,0	0,3,3	86	-1
99	8,11,11	1,0,0	16,11,9	2,0,0	97	-1
100	0,0,6	2,2,2	0,1,1	1,0,1	3	-1
113	1,0,0	29,26,20	0,0,2	30,39,39	388	-1
115	0,6,2	0,1,0	4,4,6	0,0,0	662	-1
116	3,1,0	12,8,15	7,2,1	14,12,3	17	-1
117	1,0,0	1,0,0	0,0,0	1,0,0	17	-1
119	1,0,0	0,0,1	1,0,0	0,0,0	8	-1
120	12,8,15	14,10,1	14,12,3	5,3,5	8	-1
121	1,2,1	0,0,1	2,1,0	0,0,1	8	-1
122	700,1074,656	0,0,1	770,820,859	0,2,0	243	-1
123	31,44,27	292,428,273	33,44,40	315,277,288	35	-1
126	0,0,1	0,0,2	0,4,3	0,0,0	64	-1
132	0,0,0	17,35,12	0,0,1	17,18,18	1138	-1
134	0,5,0	44,52,37	1,3,2	30,29,24	34	-1
135	18,12,11	2,2,11	17,16,20	0,7,8	419	-1
136	0,2,0	9,16,6	0,0,0	9,1,3	78	-1
137	4,13,2	1,0,0	4,5,5	0,0,2	16	-1
140	1,0,0	0,4,0	0,1,0	2,1,2	3	-1
142	9,52,16	0,0,0	19,67,68	0,1,0	188	-1
144	27,21,22	11,15,14	21,16,14	11,11,15	75	-1
145	13,9,13	13,10,18	4,5,8	16,24,14	139	-1
146	29,19,26	3,1,2	20,21,12	3,0,0	78	-1
152	2,0,2	11,16,15	2,0,1	16,10,12	8	-1
155	2,2,3	28,26,27	2,3,0	32,14,9	13	-1
156	0,4,3	111,131,127	1,0,3	110,52,58	45	-1
161	57,86,46	17,26,11	79,51,62	26,16,14	22	-1
164	1,1,2	9,14,6	0,0,0	9,6,14	22	-1
165	15,10,9	0,1,0	14,6,4	0,0,0	593	-1
166	2,1,2	3,11,2	1,2,0	5,6,5	41	-1
177	18,63,19	5,1,5	28,17,8	4,0,4	249	-1
183	3,7,0	0,2,2	3,1,1	0,1,3	231	-1
187	4,3,2	6,13,3	4,7,5	5,21,8	20	-1
189	0,0,3	5,9,9	1,1,0	10,1,7	59	-1
191	20,35,34	0,0,1	28,23,30	0,1,0	13	-1
194	37,85,23	0,0,0	70,53,39	1,1,0	105	-1
195	20,22,15	0,0,0	17,10,14	0,0,1	6	-1
196	2,0,9	23,24,31	0,0,3	22,32,34	110	-1
200	0,1,0	31,32,24	1,0,0	26,45,36	58	-1
201	1,0,0	0,3,2	0,0,0	0,7,1	4	-1
203	6,13,5	0,0,0	13,18,14	0,1,0	51	-1
204	4,11,0	0,0,0	6,3,4	0,0,2	227	-1
207	40,45,33	49,57,46	25,20,24	37,32,43	10	-1
208	80,87,86	7,10,7	55,50,66	10,5,4	196	-1
212	30,33,21	2,9,7	32,37,39	10,10,6	68	-1
214	3,5,2	0,0,0	1,4,1	0,1,0	31	-1
215	31,61,34	0,0,0	39,52,43	0,1,0	31	-1
224	9,7,4	8,2,3	17,11,13	0,3,2	59	-1
228	1,0,2	6,8,3	0,1,0	9,5,8	52	-1
236	4,1,8	2,0,0	0,7,8	0,0,0	1322	-1
238	4,15,8	0,0,0	10,8,11	0,1,0	91	-1
242	7,2,1	0,0,1	3,3,1	1,2,7	475	-1
247	10,3,12	47,97,63	4,0,2	84,48,59	63	-1
248	3,0,0	37,20,32	1,1,1	12,33,16	478	-1
250	0,0,5	2,2,1	0,0,0	1,3,1	53	-1
254	0,2,1	3,3,3	1,1,0	0,1,1	150	-1
255	0,3,2	0,2,0	0,1,0	0,0,0	29	-1
256	0,2,0	13,58,20	0,2,4	46,47,26	5	-1
257	0,4,0	14,33,19	1,1,3	34,7,17	4	-1
259	97,84,76	103,130,95	77,58,43	59,78,58	50	-1
265	4,12,3	1,2,3	2,13,6	4,0,0	31	-1
266	1,0,0	3,3,4	0,0,2	3,1,1	4	-1
269	9,18,7	0,0,1	25,13,12	0,1,0	1367	-1
270	17,4,21	5,0,0	4,12,4	3,3,0	26	-1
271	39,42,30	3,5,5	8,16,27	1,1,6	26	-1
272	6,5,14	4,1,2	2,5,2	2,0,2	26	-1
275	0,0,0	50,55,35	1,0,0	28,46,49	15	-1
276	0,2,2	3,2,0	1,6,3	2,0,2	223	-1
292	4,13,2	23,22,11	6,7,3	7,15,13	32	-1
293	0,1,0	3,9,2	0,1,0	1,3,4	14	-1
295	0,2,0	10,34,11	1,0,1	29,27,36	20	-1
296	5,7,0	14,22,16	2,4,1	15,18,22	194	-1
298	4,5,6	0,1,0	2,1,1	0,0,0	106	-1
305	0,1,1	18,18,13	0,0,0	7,2,13	3224	-1
306	0,1,0	0,3,1	0,0,0	10,10,5	80	-1
310	0,0,0	3,5,12	2,0,0	1,10,8	202	-1
311	5,25,11	0,0,0	12,21,21	0,1,0	204	-1
312	0,2,3	0,1,0	0,1,1	0,0,0	51	-1
315	3,6,2	4,8,6	4,8,6	4,11,9	8	-1
316	5,7,9	10,8,1	5,9,7	2,7,1	86	-1
317	5,14,14	10,8,1	8,13,10	2,7,1	89	-1
318	1,8,5	1,1,0	3,5,3	0,1,0	2	-1
320	5,7,1	0,1,0	5,1,9	0,0,0	144	-1
323	4,5,6	0,3,2	8,3,4	2,3,0	62	-1
326	45,81,52	2,2,0	45,41,21	0,0,0	5	-1
327	1,3,0	6,2,2	0,1,0	9,3,2	6	-1
328	2,12,7	17,5,8	2,9,5	1,19,10	8	-1
337	1,10,2	5,7,6	6,6,2	8,16,4	266	-1
338	23,39,26	0,1,0	24,57,72	0,0,0	111	-1
339	8,9,6	3,13,2	11,30,17	6,22,12	5	-1
340	0,1,3	14,22,18	1,1,1	33,50,49	21	-1
342	1,2,2	2,5,2	0,0,0	5,1,1	39	-1
346	0,4,1	9,16,18	0,3,5	13,16,15	92	-1
347	9,15,7	0,0,0	11,8,15	0,1,0	2368	-1
349	7,5,9	114,156,104	2,8,7	122,110,131	28	-1
351	8,6,5	3,11,2	3,4,0	6,2,2	17	-1
352	8,52,10	0,0,0	25,34,46	1,0,0	1657	-1
356	187,116,206	15,13,14	146,88,102	15,5,10	21	-1
359	3,0,0	7,7,4	1,1,1	3,2,11	207	-1
365	7,9,16	11,12,12	14,16,10	11,13,5	11	-1
367	0,0,1	5,4,7	1,0,0	14,12,12	43	-1
369	1,0,0	11,6,3	4,0,3	3,8,6	20	-1
370	8,20,19	1,1,2	9,13,17	0,0,0	18	-1
371	5,0,3	21,10,15	4,2,0	6,5,2	35	-1
373	3,5,4	2,3,1	6,3,1	0,1,1	14	-1
374	7,4,6	5,3,1	6,5,1	2,0,2	22	-1
375	9,13,7	0,0,0	5,10,16	0,0,2	15	-1
382	3,10,2	3,5,6	7,8,5	1,7,11	35	-1
383	7,24,9	8,9,2	6,13,14	3,5,5	44	-1
384	1,0,0	25,36,21	0,0,0	35,19,13	3	-1
388	0,0,3	12,15,15	0,0,0	12,9,8	6	-1
391	2,6,4	69,105,81	5,2,6	74,80,115	28	-1
393	2,3,4	10,7,11	0,0,1	13,2,4	237	-1
394	0,0,1	9,8,3	0,1,0	14,7,8	10	-1
395	2,1,0	28,34,15	0,4,0	25,23,10	15	-1
396	1,1,2	1,4,2	2,1,0	7,1,0	70	-1
398	8,12,3	0,8,2	17,11,17	3,0,0	24	-1
399	0,0,0	0,1,0	4,0,0	0,0,0	32	-1
400	9,14,4	70,61,64	3,10,5	51,38,23	3	-1
401	7,12,4	1,0,0	2,9,5	0,0,0	3	-1
404	25,21,9	0,0,1	11,8,11	0,0,0	14	-1
406	3,12,8	134,243,202	11,12,11	182,231,204	44	-1
407	0,2,1	0,0,0	1,0,0	0,0,1	132	-1
410	0,1,0	2,11,3	0,1,1	4,5,12	54	-1
411	16,32,17	1,1,2	21,20,20	2,2,0	214	-1
412	10,26,18	26,34,16	12,12,14	25,11,19	5	-1
413	1,2,0	0,0,1	6,1,1	0,0,0	85	-1
417	0,1,0	34,49,32	0,0,1	41,23,26	3	-1
420	40,55,51	5,2,10	26,41,50	3,8,4	389	-1
423	3,5,1	22,35,26	0,3,4	10,22,23	21	-1
424	0,0,1	46,62,42	0,1,2	44,22,40	10	-1
427	36,40,34	7,12,5	40,73,48	4,11,4	2	-1
428	1,11,1	0,0,0	3,2,2	1,0,0	113	-1
429	23,15,13	13,37,36	16,33,41	15,44,46	95	-1
430	0,2,0	54,120,39	0,2,0	48,58,43	82	-1
432	117,90,128	5,11,11	74,104,99	7,8,4	1430	-1
436	6,2,3	20,24,21	1,0,3	16,21,13	59	-1
439	0,0,0	4,8,1	0,1,1	1,4,6	80	-1
442	52,56,57	2,4,2	58,43,43	2,2,4	150	-1
446	0,0,0	4,4,6	0,2,0	1,3,0	51	-1
449	209,198,157	0,1,0	149,53,67	0,0,0	57	-1
457	2,1,2	3,5,2	0,0,0	1,10,7	204	-1
460	0,1,0	2,1,0	1,0,0	2,2,3	93	-1
462	4,15,8	5,7,7	3,10,7	0,5,6	104	-1
468	5,10,15	0,0,0	8,4,1	0,0,1	562	-1
470	20,20,27	1,1,0	16,18,23	0,0,0	29	-1
473	0,1,0	1,1,4	0,0,0	0,4,9	11	-1
477	14,14,14	0,0,0	12,18,7	0,1,0	14	-1
480	9,19,5	1,0,1	6,15,16	0,0,0	1386	-1
481	5,7,6	0,1,0	3,9,6	1,0,0	20	-1
483	1,6,3	0,1,0	5,3,1	1,0,0	521	-1
484	0,0,0	0,1,0	0,1,2	0,2,5	188	-1
485	4,6,2	0,2,0	4,2,2	1,1,0	103	-1
490	0,0,0	56,95,37	4,0,0	76,58,87	179	-1
491	6,5,4	0,0,0	9,7,5	1,0,0	154	-1
493	5,2,4	6,21,6	4,1,1	9,4,15	807	-1
494	2,4,4	11,18,14	0,6,2	9,6,5	13	-1
501	0,5,0	0,0,0	4,3,0	1,1,2	26	-1
502	0,0,1	70,51,47	0,1,1	37,27,31	17	-1
503	0,0,0	2,5,3	0,1,0	11,11,3	3	-1
505	47,82,39	1,1,0	69,76,45	2,2,0	80	-1
508	0,0,0	2,0,1	1,0,0	1,3,5	14	-1
510	17,11,6	0,0,0	13,5,9	0,1,1	402	-1
512	2,8,7	1,2,0	4,2,4	1,0,1	115	-1
513	60,75,46	0,0,1	62,64,60	0,0,0	55	-1
523	135,211,127	1,1,3	180,129,141	4,3,3	142	-1
525	6,2,2	35,19,44	1,4,3	19,21,23	308	-1
526	10,9,18	0,0,1	11,7,16	0,0,2	63	-1
527	55,122,60	0,1,0	47,83,92	0,0,0	61	-1
528	3,2,4	0,10,3	2,1,1	1,5,11	45	-1
532	10,31,4	0,0,0	27,36,37	5,2,0	51	-1
533	4,5,4	1,0,0	3,6,18	0,0,0	28	-1
537	0,0,1	0,17,0	0,1,0	0,2,1	8	-1
539	40,59,24	0,0,1	34,44,44	1,0,0	21	-1
541	0,0,0	2,13,6	0,1,0	6,1,4	4	-1
543	1,0,0	1,9,3	1,0,0	2,2,5	107	-1
544	0,1,0	8,25,3	3,0,0	2,16,10	30	-1
545	0,1,0	5,23,10	3,2,4	23,25,16	26	-1
549	2,0,2	6,7,7	0,1,2	6,0,5	5	-1
555	8,6,8	169,120,378	3,12,3	116,276,251	33	-1
556	0,0,1	2,1,0	1,1,0	0,1,0	11	-1
560	0,0,0	1,10,2	0,0,1	9,10,4	6	-1
561	4,1,8	26,22,50	4,2,8	16,12,26	157	-1
563	0,0,3	0,1,0	4,6,2	1,0,0	99	-1
569	9,20,8	0,1,0	3,4,9	0,0,0	11	-1
570	1,1,0	8,12,5	0,1,0	19,9,10	24	-1
574	10,11,19	2,4,1	14,22,15	0,0,1	1	-1
575	0,0,0	3,0,0	1,0,0	0,1,0	1	-1
576	2,0,0	26,16,28	0,0,0	36,20,12	97	-1
581	14,14,14	8,18,4	15,11,12	6,7,6	47	-1
582	45,33,25	35,28,45	18,22,11	36,25,9	11	-1
584	3,1,1	5,19,4	3,0,2	12,23,32	205	-1
586	41,27,47	0,1,0	26,45,30	0,0,0	1410	-1
589	27,25,21	0,0,1	23,23,21	0,0,0	2663	-1
590	0,0,0	46,48,34	0,3,2	16,22,21	57	-1
593	4,3,2	1,0,0	2,8,8	0,0,0	7	-1
595	0,0,1	2,4,0	0,2,0	1,7,7	5	-1
597	92,137,143	130,165,175	127,74,88	129,116,114	8	-1
603	0,0,0	0,1,0	0,0,2	1,2,0	69	-1
607	3,3,3	3,2,1	2,6,1	1,3,0	43	-1
608	0,1,0	1,0,0	0,0,0	1,0,3	43	-1
609	0,0,0	14,11,6	0,3,0	9,34,19	99	-1
610	0,0,0	3,0,2	1,0,0	0,3,5	217	-1
612	0,3,1	5,11,8	1,2,3	6,5,1	190	-1
613	11,3,5	0,0,1	1,5,4	0,0,0	42	-1
614	3,3,3	0,0,1	3,3,0	0,0,0	491	-1
615	39,40,24	0,0,1	22,20,17	0,1,2	42	-1
617	6,3,3	0,1,5	3,3,0	2,0,5	260	-1
618	0,0,1	6,14,2	2,1,0	13,4,5	23	-1
623	7,2,3	5,7,3	2,1,9	2,1,0	3	-1
624	7,9,4	4,3,5	8,4,2	4,1,3	15	-1
625	3,0,1	17,15,7	0,0,3	2,10,4	67	-1
626	19,51,17	4,4,2	34,12,11	11,6,12	251	-1
627	178,216,198	2,3,5	146,133,122	6,0,2	80	-1
629	0,2,0	0,0,0	2,0,2	0,1,0	53	-1
636	77,53,54	0,0,0	35,30,50	0,3,0	413	-1
638	0,0,0	1,0,0	0,0,1	0,2,0	113	-1
641	2,3,3	0,1,0	1,2,0	0,0,0	84	-1
642	0,4,1	4,9,10	3,0,2	9,7,10	108	-1
644	2,0,0	14,10,15	0,1,0	17,7,15	126	-1
645	7,2,1	45,52,49	4,0,3	24,26,27	79	-1
649	1,0,0	0,0,0	5,2,3	1,1,4	6	-1
650	0,1,0	0,2,0	2,0,0	1,1,1	6	-1
653	12,11,7	0,2,1	17,19,11	0,2,5	187	-1
654	1,1,1	32,52,40	0,4,1	36,33,46	53	-1
656	3,4,4	5,11,6	3,1,0	6,2,0	118	-1
661	0,1,0	2,1,1	0,0,0	1,3,4	841	-1
662	0,0,0	0,3,1	0,1,0	0,2,3	138	-1
663	0,0,0	5,1,3	0,1,0	0,7,4	163	-1
664	0,3,1	5,1,3	0,2,3	0,7,4	24	-1
671	46,36,36	3,0,1	24,24,16	9,5,1	9	-1
673	0,1,0	2,14,4	0,0,0	11,10,14	35	-1
676	0,1,0	15,16,3	0,0,1	8,2,8	1267	-1
679	179,149,219	7,9,9	122,179,155	0,13,4	47	-1
680	264,291,284	9,14,7	272,305,272	11,21,4	47	-1
683	0,3,5	4,6,7	0,1,2	2,2,3	547	-1
684	0,0,2	1,0,0	0,0,1	0,0,0	52	-1
691	0,1,0	7,13,8	0,0,0	7,4,2	3	-1
695	0,1,1	6,6,1	1,1,1	2,3,8	5	-1
698	25,18,17	81,62,53	22,11,5	45,45,34	11	-1
699	0,4,0	22,94,30	0,1,1	29,139,154	40	-1
700	2,0,0	0,0,0	6,3,0	0,1,0	14	-1
702	27,44,24	0,0,0	30,72,79	3,0,0	187	-1
703	0,1,0	21,24,15	0,0,0	12,24,24	9	-1
705	1,3,2	1,0,0	2,0,0	0,0,2	320	-1
707	3,3,0	10,22,3	0,0,1	10,16,12	132	-1
708	5,0,2	57,69,65	0,0,1	35,50,43	44	-1
710	19,20,14	15,17,15	13,10,15	14,14,12	8	-1
711	23,21,19	4,3,4	14,13,16	1,1,2	32	-1
712	19,18,20	4,3,4	15,17,13	1,1,2	23	-1
713	7,8,1	5,7,4	3,7,3	12,19,10	3	-1
717	1,1,1	0,0,0	0,4,1	6,0,1	689	-1
718	32,35,49	0,0,0	55,32,36	1,0,0	175	-1
719	17,22,22	1,0,0	21,23,24	0,0,0	175	-1
722	1,0,1	8,22,20	0,0,0	9,4,9	171	-1
728	1,0,3	1,0,1	0,2,0	0,0,0	18	-1
730	1,1,1	3,1,4	0,0,0	1,4,3	12	-1
731	0,0,1	1,2,1	0,0,0	3,1,1	12	-1
738	1,3,1	10,6,7	0,0,0	5,8,5	25	-1
743	2,1,1	2,0,1	1,0,0	0,0,1	3	-1
745	10,24,12	2,2,2	24,17,30	2,3,5	66	-1
748	0,0,1	1,3,1	0,0,0	0,2,1	22	-1
751	2,0,2	6,4,6	2,0,1	11,6,2	155	-1
759	27,18,19	0,0,1	15,19,16	0,0,0	221	-1
760	28,60,25	55,125,39	31,7,14	120,44,54	11	-1
761	0,2,0	2,8,4	3,1,0	2,8,2	8	-1
762	4,11,9	3,10,1	4,6,7	2,11,8	78	-1
763	4,10,10	0,1,0	7,6,7	0,0,0	78	-1
764	0,2,0	49,69,58	1,0,0	45,64,60	229	-1
766	15,9,5	5,7,12	10,7,9	2,10,7	14	-1
767	8,5,3	1,5,5	7,3,7	2,1,6	14	-1
771	11,9,6	62,109,43	4,5,11	67,65,57	154	-1
772	60,77,86	0,2,1	102,69,82	1,1,1	28	-1
776	1,1,0	7,10,5	0,0,1	7,9,7	19	-1
777	343,243,371	0,0,1	159,201,159	0,0,0	399	-1
780	0,0,1	4,18,9	0,0,0	9,7,5	8	-1
784	24,30,23	0,0,0	26,35,31	0,1,0	63	-1
786	95,74,82	0,0,1	70,67,69	0,0,0	167	-1
787	0,1,0	1,1,0	0,0,1	0,0,0	55	-1
792	0,0,0	2,16,7	6,1,1	6,34,15	58	-1
793	18,59,19	1,1,0	46,52,32	0,1,5	4	-1
794	0,0,1	7,5,11	0,0,0	6,4,6	4	-1
802	2,3,3	0,1,0	4,7,5	0,1,0	32	-1
803	2,2,2	0,0,0	0,2,0	0,1,0	335	-1
804	1,3,3	1,0,0	1,1,0	0,0,0	35	-1
805	5,3,2	2,2,2	4,2,4	0,0,1	35	-1
807	1,1,0	1,2,0	0,0,0	0,1,9	72	-1
808	0,0,0	0,1,0	4,2,0	0,0,2	38	-1
809	0,0,1	0,1,0	0,0,1	0,2,0	38	-1
811	0,1,1	27,29,20	3,0,0	11,22,24	45	-1
812	4,5,8	1,0,0	12,6,7	0,0,0	56	-1
816	8,15,3	0,1,0	14,12,13	0,2,3	20	-1
817	2,4,5	31,33,23	1,7,5	30,32,24	23	-1
818	2,0,0	11,11,7	0,0,0	2,8,13	12	-1
820	9,0,7	1,0,0	2,2,0	0,0,0	8	-1
821	1,0,3	1,4,0	2,0,0	0,0,0	76	-1
824	3,1,10	13,12,9	1,0,0	7,6,8	44	-1
825	5,6,5	11,17,10	5,8,2	8,12,29	11	-1
826	0,0,1	0,5,1	0,0,0	5,5,4	11	-1
827	3,20,3	6,3,1	8,11,13	4,6,5	68	-1
828	0,0,3	82,99,79	2,1,1	71,86,104	46	-1
830	0,0,1	6,9,4	0,0,0	11,13,5	6	-1
831	0,0,1	3,3,4	1,0,0	4,8,9	41	-1
832	2,4,2	17,24,19	3,7,1	15,21,25	139	-1
833	3,2,0	40,16,30	0,0,6	18,40,32	42	-1
835	3,2,6	7,10,8	1,1,2	4,7,6	25	-1
837	16,17,26	184,226,203	13,15,6	161,85,132	44	-1
847	3,5,1	22,46,22	2,3,0	35,19,26	45	-1
848	13,13,11	3,2,0	10,5,5	0,0,0	10	-1
854	226,181,254	3,0,1	166,175,194	5,2,3	26	-1
855	0,2,0	0,0,0	2,0,4	0,0,3	93	-1
856	15,8,16	4,1,4	3,6,12	2,7,12	93	-1
859	0,0,1	0,0,0	0,0,0	1,0,0	18	-1
861	3,0,1	0,2,0	2,1,0	3,2,1	104	-1
863	2,6,10	298,190,351	11,7,5	130,195,209	232	-1
864	2,1,6	1,0,0	1,6,4	0,0,0	474	-1
868	23,16,13	5,2,5	16,15,19	1,2,0	61	-1
872	4,7,7	2,1,1	0,7,7	6,13,10	9	-1
875	1,5,4	11,3,12	1,2,2	6,2,9	81	-1
880	52,54,90	547,667,789	36,127,87	474,1433,1050	11	-1
881	12988,11420,11596	10,6,9	9126,10085,8505	3,6,5	101	-1
883	1,1,2	11,22,13	0,0,0	12,9,4	9	-1
884	24,25,19	3,3,1	16,13,5	1,1,0	302	-1
885	31,30,21	2,4,2	17,16,7	0,2,0	339	-1
886	10,8,3	2,4,2	2,4,2	0,2,0	36	-1
887	8,6,2	3,3,0	2,3,2	0,0,1	36	-1
889	4,5,4	0,20,4	5,4,6	17,13,6	20	-1
890	40,36,30	0,1,0	10,37,20	0,0,0	1645	-1
891	12,29,7	6,9,9	13,11,10	3,3,6	26	-1
892	12,27,13	0,1,0	15,14,17	0,0,0	44	-1
893	2,0,0	5,34,9	0,0,0	21,20,25	544	-1
896	0,2,0	0,4,0	3,0,2	1,0,0	109	-1
898	0,8,0	0,1,2	5,2,5	2,0,2	109	-1
900	7,16,10	3,13,2	6,12,11	5,7,9	228	-1
902	24,40,20	9,7,4	34,29,31	11,6,3	59	-1
903	3,4,2	26,21,22	2,5,3	10,12,18	713	-1
909	1,5,0	13,48,9	7,5,3	22,30,38	107	-1
913	23,22,30	0,1,0	30,36,34	0,0,1	984	-1
914	0,1,0	23,22,30	2,0,1	30,36,34	78	-1
916	2,3,3	5,4,0	0,0,1	3,5,1	20	-1
917	12,13,10	48,72,41	10,9,7	42,51,27	140	-1
918	7,15,5	19,27,24	17,23,16	26,43,42	8	-1
919	11,8,2	0,1,0	7,0,1	0,0,0	307	-1
921	9,10,13	17,38,18	8,12,15	11,36,29	11	-1
923	1,1,3	11,30,12	2,1,0	19,28,31	8	-1
924	0,0,0	4,7,6	0,1,0	2,6,0	8	-1
925	0,1,0	60,50,63	0,0,0	51,29,21	57	-1
930	2,2,1	33,33,36	2,4,0	40,28,21	5	-1
934	5,0,0	1,0,0	0,1,2	0,0,0	155	-1
935	1,0,0	3,0,2	0,0,0	3,2,1	154	-1
939	7,2,0	0,0,0	5,3,1	0,0,2	15	-1
941	3,5,2	0,0,0	17,6,6	0,1,0	651	-1
944	3,1,1	23,22,26	0,3,2	21,23,9	16	-1
954	0,1,3	1,2,0	1,5,0	2,1,1	3	-1
959	25,38,25	0,4,0	30,42,37	0,3,2	31	-1
960	0,1,2	1,3,0	0,0,2	0,0,1	26	-1
962	2,2,2	49,71,28	1,1,0	26,18,29	9	-1
964	5,9,4	8,20,15	1,9,9	9,5,10	2	-1
965	13,41,21	0,0,1	40,15,25	0,0,0	29	-1
966	6,1,5	52,56,52	1,5,3	26,75,101	4	-1
967	22,36,15	6,6,1	23,29,26	8,1,3	107	-1
973	0,0,2	0,1,0	0,0,0	2,1,0	2	-1
979	2,3,0	4,9,7	4,3,1	2,8,7	14	-1
980	0,1,1	0,0,0	0,0,1	0,1,0	2	-1
982	0,3,0	4,6,1	0,0,4	5,3,5	14	-1
983	159,130,117	0,1,0	83,101,107	0,0,0	264	-1
987	0,0,1	6,4,7	0,0,0	3,4,5	3	-1
990	98,121,86	1,0,1	37,13,33	0,2,0	44	-1
991	0,0,0	0,3,1	0,1,0	2,1,3	11	-1
992	32,58,47	0,0,2	39,42,30	0,0,1	1023	-1
996	0,1,0	5,4,3	0,0,0	1,6,7	388	-1
997	0,0,1	0,0,0	0,7,1	0,0,2	11	-1
999	11,18,12	2,1,1	23,14,12	0,1,2	281	-1
1003	9,5,2	41,34,38	2,3,1	29,10,21	5	-1
1006	10,11,1	0,0,1	2,1,1	0,0,0	374	-1
1009	1,1,1	31,74,73	0,0,0	81,51,69	31	-1
1010	109,118,131	0,0,0	88,142,157	0,2,3	50	-1
1014	43,33,21	495,475,410	36,48,39	516,616,595	39	-1
1016	0,5,0	1,8,9	1,1,10	9,8,8	128	-1
1017	8,34,23	1,2,2	42,28,18	0,2,4	18	-1
1018	1,4,2	0,1,0	0,3,1	0,0,1	24	-1
1019	556,662,560	0,0,1	415,379,417	0,1,0	27	-1
1024	3,3,1	0,0,0	2,1,6	1,0,1	29	-1
1026	0,2,0	28,57,16	0,0,2	26,18,31	999	-1
1027	0,0,1	80,61,76	0,0,0	69,28,21	24	-1
1028	1,0,0	25,28,24	0,0,0	12,34,36	31	-1
1030	6,14,20	1,0,3	17,26,27	3,0,4	168	-1
1031	0,2,0	1,2,0	2,4,5	2,6,7	11	-1
1036	1,0,0	1,1,0	2,1,2	1,2,0	3	-1
1038	0,1,1	4,13,5	1,0,0	4,0,2	10	-1
1040	0,0,1	61,125,42	0,0,0	98,93,70	20	-1
1043	4,12,3	0,0,0	7,6,6	1,0,0	172	-1
1044	2,3,4	21,15,29	4,5,2	28,11,11	480	-1
1046	4,4,8	0,0,0	1,4,4	0,0,3	119	-1
1047	0,3,4	1,2,1	2,1,1	3,1,1	119	-1
1049	24,26,20	0,0,0	21,22,16	1,0,0	289	-1
1051	0,0,0	5,0,0	0,1,0	0,0,0	6	-1
1054	0,1,0	0,1,1	1,0,0	0,0,1	211	-1
1056	10,8,9	445,672,627	2,5,11	414,565,590	216	-1
1060	3,0,1	1,4,2	0,0,0	2,0,4	3	-1
1064	316,336,278	187,190,175	273,238,307	146,193,185	20	-1
1065	316,336,278	17,17,14	273,238,307	12,17,12	17	-1
1066	17,17,14	187,190,175	12,17,12	146,193,185	2	-1
1067	52,43,47	0,1,0	27,36,38	0,0,0	3	-1
1068	0,1,0	23,28,18	0,0,0	16,23,16	6	-1
1070	2,8,2	1,3,0	1,10,6	2,3,2	125	-1
1071	2,2,2	0,1,1	2,2,0	1,9,4	24	-1
1072	2,1,0	3,6,0	1,4,4	3,0,3	59	-1
1075	0,0,0	17,50,13	2,0,1	58,17,27	103	-1
1077	0,0,2	17,36,32	0,0,0	18,25,28	24	-1
1078	0,0,0	0,3,0	0,1,0	2,0,4	28	-1
1081	3,5,3	18,34,17	3,4,3	42,16,23	9	-1
1085	1,0,0	4,0,1	0,0,0	2,2,9	46	-1
1086	1,0,1	1,2,0	0,0,0	1,0,6	15	-1
1087	17,26,16	0,0,1	34,22,17	0,0,1	3	-1
1088	5,23,12	1,0,2	22,15,15	0,1,0	3	-1
1089	0,0,0	5,3,2	0,0,1	3,4,5	55	-1
1090	0,2,0	6,13,5	0,2,0	10,9,4	58	-1
1093	36,64,40	0,0,0	46,56,72	0,1,0	7	-1
1106	5,1,0	18,24,15	0,9,2	11,17,12	7	-1
1116	10,13,12	0,1,0	7,12,6	0,0,0	4	-1
1117	0,2,0	18,22,18	0,0,0	24,12,23	63	-1
1120	4,10,5	46,115,82	9,1,4	73,25,48	27	-1
1121	2,8,7	1,0,1	5,3,5	0,0,0	571	-1
1132	0,0,0	26,21,32	1,0,0	27,30,24	36	-1
1139	13,25,15	11,21,21	28,57,67	25,48,32	3	-1
1140	13,25,15	11,13,13	28,57,67	17,34,42	49	-1
1141	13,25,15	6,6,6	28,57,67	9,13,16	57	-1
1142	11,21,21	11,13,13	25,48,32	17,34,42	45	-1
1143	11,21,21	6,6,6	25,48,32	9,13,16	53	-1
1144	11,13,13	6,6,6	17,34,42	9,13,16	7	-1
1145	29,34,52	298,223,323	36,46,32	169,166,161	3	-1
1147	2,1,1	15,16,9	3,0,1	14,12,7	3	-1
1151	103,138,76	3,0,0	99,106,98	0,0,0	8	-1
1154	0,1,0	8,9,3	0,1,0	4,14,11	85	-1
1157	1,4,3	1,3,1	0,3,5	5,0,1	116	-1
1158	0,1,0	0,2,2	0,0,0	1,2,1	116	-1
1160	0,1,0	0,0,0	0,0,0	0,1,0	15	-1
1162	20,15,15	20,20,38	34,13,10	14,16,19	5	-1
1164	0,2,1	15,12,17	0,3,1	21,3,5	118	-1
1165	3,8,4	0,3,0	0,9,5	0,2,0	23	-1
1166	5,9,10	0,1,2	9,8,9	1,0,0	23	-1
1174	0,1,1	0,0,0	1,0,0	4,0,0	178	-1
1180	2,9,4	56,100,67	8,6,10	66,91,70	87	-1
1184	2,4,0	5,11,7	0,1,2	12,10,7	40	-1
1185	5,10,8	7,8,10	3,4,8	15,8,10	309	-1
1193	0,0,0	0,3,0	0,1,0	2,1,0	5	-1
1195	19,22,20	17,12,15	17,6,5	8,4,10	122	-1
1196	35,30,33	0,0,0	18,30,13	0,1,0	51	-1
1197	1,0,0	0,0,0	0,0,1	0,1,0	1	-1
1198	1,1,1	63,105,58	1,2,1	75,93,101	3	-1
1200	29,70,48	1,3,0	60,56,52	2,0,0	199	-1
1202	8,12,13	44,41,31	4,3,3	31,17,12	20	-1
1203	2,7,1	15,45,21	3,2,1	22,40,24	5	-1
1204	1,5,0	1,0,0	0,3,1	0,0,0	31	-1
1205	1,0,0	9,8,7	0,0,0	5,5,2	1723	-1
1209	16,17,12	49,90,82	7,3,10	86,179,201	104	-1
1216	0,7,2	10,15,7	0,5,4	3,6,8	1561	-1
1217	0,0,0	59,95,71	0,2,0	64,100,82	147	-1
1219	7,5,9	157,257,158	13,10,5	106,166,181	2	-1
1221	0,2,0	8,2,3	1,0,0	1,11,6	3	-1
1222	6,3,4	26,54,30	1,1,1	47,30,47	5	-1
1224	7,12,5	8,21,1	8,11,9	4,6,4	137	-1
1230	2,0,0	5,9,2	0,0,0	5,10,12	9	-1
1231	2,2,0	0,0,0	0,1,1	0,1,0	41	-1
1236	1532,988,1906	2,1,3	929,1150,1039	0,1,0	81	-1
1237	0,0,1	7,12,8	0,0,3	14,5,12	66	-1
1239	19,30,26	10,2,7	23,18,12	3,6,3	11	-1
1240	19,30,26	1,0,1	23,18,12	1,1,4	200	-1
1241	10,2,7	1,0,1	3,6,3	1,1,4	188	-1
1243	88,214,75	0,2,0	268,223,166	0,0,0	34	-1
1247	8,11,4	0,1,0	6,31,20	0,0,0	155	-1
1249	0,0,2	97,204,118	1,6,1	131,130,126	46	-1
1250	2,1,1	6,2,5	2,0,0	0,0,3	77	-1
1251	6,3,2	26,24,19	4,0,1	13,19,16	1357	-1
1253	1,2,6	6,3,11	0,1,1	6,10,10	14	-1
1254	0,2,5	2,1,2	0,3,1	0,4,3	14	-1
1257	1,1,1	0,1,0	3,3,4	2,2,4	2	-1
1258	6,53,7	2,11,1	30,43,34	1,4,3	149	-1
1259	2,6,3	0,0,1	4,3,3	0,0,1	41	-1
1260	0,1,1	53,43,60	0,0,0	30,44,23	395	-1
1263	0,0,1	3,0,7	0,2,1	2,5,2	3	-1
1264	0,0,0	3,0,7	2,1,0	2,5,2	213	-1
1265	0,0,0	0,0,1	2,1,0	0,2,1	209	-1
1266	6,10,8	15,19,24	4,7,6	12,28,33	3	-1
1269	1,0,1	0,3,2	0,1,1	6,1,6	26	-1
1270	4,2,0	4,5,2	0,0,0	10,6,7	3	-1
1271	61,135,49	0,0,1	66,94,54	0,1,4	674	-1
1272	5,5,1	297,237,540	4,3,2	188,452,375	120	-1
1275	0,1,4	13,21,10	4,2,6	8,5,10	29	-1
1276	1,0,0	1,0,1	0,0,1	0,0,0	29	-1
1277	3,5,10	38,41,33	2,4,5	23,39,41	33	-1
1278	7,2,3	46,31,40	15,12,4	33,41,17	55	-1
1279	0,0,0	6,11,13	1,0,2	8,11,8	72	-1
1281	0,0,0	12,11,16	1,0,1	17,30,23	3	-1
1282	1,3,0	7,0,2	6,1,2	3,2,3	11	-1
1283	2,0,4	0,0,0	0,8,2	0,1,0	209	-1
1297	1,3,2	0,2,1	2,2,2	0,0,0	49	-1
1298	2,5,0	4,6,0	0,1,7	3,4,1	9	-1
1300	0,1,3	3,8,6	0,1,0	11,8,10	12	-1
1301	11,17,7	0,2,1	6,12,19	0,2,1	26	-1
1302	5,9,3	0,0,0	10,7,6	0,1,0	92	-1
1304	11,4,2	247,219,275	1,8,10	172,315,303	23	-1
1305	3,1,1	21,9,21	1,3,1	13,21,26	23	-1
1306	84,52,99	0,1,0	70,69,66	0,0,0	150	-1
1308	11,18,12	8,20,15	22,16,8	17,6,9	2	-1
1309	1,5,1	2,1,2	1,0,0	2,3,7	83	-1
1320	2,5,3	1,0,1	3,1,2	0,0,0	329	-1
1321	4,1,1	0,2,1	6,6,5	0,4,0	167	-1
1324	1,11,3	1,3,2	1,2,0	1,3,0	47	-1
1325	0,1,0	0,0,0	0,0,0	0,0,2	7	-1
1327	0,0,0	5,0,3	0,0,1	0,1,0	52	-1
1328	5,10,10	0,0,1	6,5,8	0,1,0	30	-1
1331	0,6,0	19,9,30	1,4,0	27,11,19	78	-1
1332	0,4,4	19,25,21	0,7,3	12,24,17	10	-1
1334	0,0,0	11,20,5	0,0,1	33,20,24	168	-1
1337	163,152,125	0,0,0	113,87,91	1,0,0	604	-1
1348	0,1,1	7,10,12	0,2,3	8,10,10	25	-1
1349	1,0,0	1,6,7	0,0,0	8,6,2	11	-1
1350	16,31,11	0,1,0	41,33,26	1,0,0	338	-1
1356	0,0,0	0,3,0	0,1,0	3,1,1	27	-1
1358	2,9,2	0,0,0	1,0,1	0,3,2	47	-1
1360	0,0,2	0,2,0	1,0,3	0,0,0	17	-1
1362	0,2,0	1,3,2	0,1,0	1,3,3	164	-1
1364	0,5,0	42,64,31	1,0,1	48,37,33	7	-1
1368	0,1,1	7,8,11	0,1,0	3,6,10	1343	-1
1369	0,1,0	3,1,0	0,5,2	1,0,1	26	-1
1370	3,2,0	7,6,7	2,0,0	3,3,0	368	-1
1374	5,7,1	0,2,0	0,5,1	0,0,0	20	-1
1375	6,5,3	2,0,1	2,4,0	0,0,0	20	-1
1376	16,40,8	1,4,0	13,15,7	3,1,0	1	-1
1377	59,89,64	6,18,10	49,42,17	13,6,3	8	-1
1378	5,9,1	6,1,1	8,0,0	0,0,0	8	-1
1381	1,5,1	79,86,33	5,8,5	106,135,109	9	-1
1382	1,0,0	0,1,1	0,0,0	2,0,1	9	-1
1383	0,0,0	0,3,0	0,0,1	2,0,0	9	-1
1384	0,0,1	8,14,3	1,0,0	9,8,10	70	-1
1385	20,40,15	4,28,9	33,51,40	19,25,21	47	-1
1390	3,2,2	43,45,58	3,0,3	43,92,80	44	-1
1392	43,42,48	1,1,1	38,22,18	0,0,0	72	-1
1395	42,74,60	2,0,3	62,106,98	1,2,1	327	-1
1397	3,1,2	4,3,2	0,0,0	3,3,1	18	-1
1400	10,6,12	26,22,25	14,6,10	12,6,12	118	-1
1405	12,26,12	0,0,0	11,15,14	0,1,0	33	-1
1406	12,41,2	1,0,0	52,55,82	0,0,0	563	-1
1408	26,32,21	0,2,0	17,24,16	0,0,0	789	-1
1411	2,3,4	2,0,1	0,2,4	1,0,0	108	-1
1412	0,1,0	0,1,0	0,1,0	0,1,0	108	-1
1413	18,17,21	16,12,22	10,10,10	12,27,22	108	-1
1414	11,5,7	0,9,5	4,0,0	8,0,2	91	-1
1416	0,0,0	0,2,1	1,3,1	1,3,1	38	-1
1419	0,0,3	1,2,0	1,1,4	3,2,1	17	-1
1420	3,2,4	0,1,1	3,7,4	0,1,0	33	-1
1421	7,15,8	11,27,17	7,9,17	27,17,22	47	-1
1422	52,39,65	1,1,1	18,68,106	0,4,2	71	-1
1428	52,30,45	1,2,0	16,10,6	1,0,3	485	-1
1434	10,19,1	3,4,0	14,9,10	1,0,1	56	-1
1435	0,4,0	1,0,0	0,1,0	2,2,6	14	-1
1436	13,9,10	0,0,0	9,9,7	0,1,0	2887	-1
1437	4,3,9	0,1,0	0,7,3	0,0,0	33	-1
1439	4,5,3	58,42,78	4,1,3	31,43,46	29	-1
1441	0,2,1	5,24,8	0,0,1	14,15,14	12	-1
1446	0,1,0	0,0,0	0,0,0	0,1,0	11	-1
1448	1,4,1	0,0,0	1,7,2	0,3,0	216	-1
1449	133,203,184	3,0,1	126,276,259	0,0,1	156	-1
1451	0,3,4	0,0,0	1,0,0	0,0,2	42	-1
1452	4,10,5	4,3,5	6,4,4	10,1,4	46	-1
1454	11,10,15	0,2,0	5,6,13	2,1,1	83	-1
1456	2,1,4	1,2,1	5,3,2	0,0,5	364	-1
1457	0,0,1	0,3,3	1,0,0	2,1,3	105	-1
1458	1,2,3	34,49,27	1,1,1	26,33,30	8	-1
1459	19,56,16	0,0,2	24,28,30	0,0,1	10	-1
1460	40,59,43	24,34,23	62,71,68	34,44,34	5	-1
1462	9,10,1	3,5,1	10,9,22	5,7,9	20	-1
1463	16,23,12	35,42,23	17,21,38	42,51,52	20	-1
1464	18,13,13	180,198,235	19,14,15	209,314,433	76	-1
1465	0,3,0	19,24,13	0,2,1	18,21,30	8	-1
1466	0,0,1	28,84,52	0,3,0	34,67,80	3	-1
1467	7,6,7	0,1,0	8,2,10	0,0,0	7	-1
1468	0,1,0	86,55,73	0,1,0	65,40,42	42	-1
1473	8,2,4	32,48,27	3,7,4	20,55,42	8	-1
1474	233,245,165	107,116,99	173,285,226	95,100,98	14	-1
1475	38,36,24	2,0,0	27,24,29	1,0,0	217	-1
1476	104,162,87	7,8,3	123,110,83	6,1,3	217	-1
1481	1,0,2	2,8,0	2,0,0	6,5,3	17	-1
1483	0,0,0	1,1,1	0,2,0	0,0,0	3	-1
1488	1,1,2	0,0,0	2,0,0	0,0,3	470	-1
1492	70,57,70	0,1,3	28,27,32	0,0,0	8	-1
1495	0,0,2	1,8,1	0,0,1	7,1,3	121	-1
1496	3,8,0	0,1,0	6,4,3	0,0,0	3113	-1
1498	1,0,0	0,0,0	0,1,0	0,1,0	118	-1
1499	1,0,0	20,24,20	1,3,1	26,28,44	208	-1
1500	0,0,0	26,41,29	0,1,2	14,42,34	65	-1
1501	17,37,12	0,0,1	28,28,25	0,0,0	1374	-1
1502	9,19,1	0,4,0	10,36,34	0,0,1	84	-1
1503	26,23,13	4,1,2	27,16,14	1,1,4	33	-1
1506	3,12,9	0,0,0	14,17,12	0,1,0	356	-1
1507	1,1,4	9,9,13	4,1,1	16,8,6	32	-1
1511	1,2,0	1,2,3	0,0,0	1,2,0	10	-1
1512	10,28,3	0,1,0	25,10,13	2,5,0	292	-1
1514	1,1,0	30,30,33	0,0,0	20,16,22	70	-1
1515	128,110,131	0,0,1	87,171,188	0,0,2	229	-1
1516	36,30,47	95,101,88	20,20,31	93,66,77	311	-1
1517	121,118,110	0,0,2	108,79,84	0,1,2	462	-1
1518	98,145,74	2,1,4	86,106,102	2,3,0	224	-1
1520	0,0,0	0,1,0	0,0,1	0,0,0	18	-1
1521	0,2,1	23,25,18	1,4,0	22,34,23	78	-1
1522	0,0,1	16,17,9	0,0,1	14,18,5	27	-1
1525	20,37,13	1,2,0	17,34,25	0,1,1	8	-1
1526	5,52,9	1,3,1	13,46,42	1,4,4	14	-1
1529	1,1,0	7,5,3	0,0,1	1,5,12	9	-1
1535	2,0,0	0,0,1	0,1,1	1,0,1	8	-1
1537	7,1,6	1,0,0	5,0,1	0,0,0	46	-1
1538	1,1,1	1,0,0	1,0,0	0,0,0	16	-1
1539	1,24,3	4,27,7	10,7,10	18,13,32	207	-1
1540	2,2,1	71,52,77	2,4,2	35,90,84	43	-1
1542	0,0,1	0,2,4	0,0,0	3,7,6	110	-1
1543	1,0,0	2,7,0	0,0,0	3,7,4	2130	-1
1549	0,0,1	52,55,29	2,3,0	31,46,38	151	-1
1552	0,0,3	28,24,22	0,2,0	19,25,19	6	-1
1554	1,0,0	8,4,8	0,1,0	7,6,3	58	-1
1555	1,1,0	0,0,0	0,1,0	2,0,0	63	-1
1556	8,5,8	0,0,0	7,6,3	2,0,0	4	-1
1558	11,20,19	13,5,15	15,10,13	5,7,2	20	-1
1562	4,7,2	41,44,51	2,3,4	40,63,29	43	-1
1563	42,52,41	0,0,4	48,35,47	0,0,0	158	-1
1564	424,548,447	2,1,0	490,364,361	0,0,0	149	-1
1565	0,0,0	2,0,0	4,1,0	3,5,1	264	-1
1568	36,51,23	1,0,2	50,19,51	1,1,0	24	-1
1571	15,6,6	45,77,53	10,3,5	37,31,28	28	-1
1572	15,30,7	37,113,57	1,18,26	27,142,120	262	-1
1573	1,4,2	5,5,4	2,4,4	9,17,9	602	-1
1576	2,6,0	1,0,0	1,0,3	0,0,0	718	-1
1577	7,3,2	0,0,0	11,2,9	0,1,0	357	-1
1578	5,3,4	15,10,6	2,1,2	10,5,6	11	-1
1582	1,2,1	45,48,44	3,0,0	26,34,44	57	-1
1583	2,2,1	45,48,44	3,0,0	26,34,44	76	-1
1587	1,0,2	11,2,1	0,3,0	6,1,0	29	-1
1588	1,0,2	1,1,0	0,3,0	3,0,0	80	-1
1589	11,2,1	1,1,0	6,1,0	3,0,0	50	-1
1590	0,0,1	1,2,1	1,0,0	0,0,0	479	-1
1591	1,2,3	0,0,0	0,4,0	3,0,4	479	-1
1592	0,2,0	1,2,5	0,0,0	4,7,4	195	-1
1595	0,0,0	11,8,10	1,0,0	4,4,1	17	-1
1597	42,42,50	8,2,2	40,46,62	1,2,3	34	-1
1599	468,554,353	0,0,0	374,778,626	0,2,0	668	-1
1600	11,13,6	4,2,2	10,11,10	1,7,4	16	-1
1603	1,5,0	2,0,0	1,4,3	3,1,0	11	-1
1604	184,185,183	850,833,905	121,187,181	461,1016,973	74	-1
1605	709,1249,675	0,0,0	739,1005,1015	0,0,1	17	-1
1606	2,5,0	114,192,103	4,0,1	217,102,123	7	-1
1608	69,155,48	0,0,1	159,123,166	1,0,1	534	-1
1609	1,2,0	9,7,12	2,0,1	5,11,9	16	-1
1611	11,15,8	2,2,2	14,17,10	0,0,1	86	-1
1612	0,0,0	7,10,10	0,0,3	9,16,10	99	-1
1614	0,1,0	10,12,16	0,0,0	13,10,11	304	-1
1616	2,1,2	0,0,0	0,0,0	2,0,0	5	-1
1618	9,7,3	1,2,1	5,10,14	1,1,4	10	-1
1629	0,2,1	12,10,4	1,1,0	15,6,3	7	-1
1631	0,2,1	0,0,0	1,0,0	0,0,1	8	-1
1633	1,0,2	8,7,13	0,0,0	9,17,11	351	-1
1642	5,22,3	3,4,2	7,12,5	1,2,0	115	-1
1643	2,4,0	2,0,0	1,1,1	0,0,0	115	-1
1644	1,3,0	1,0,0	1,3,2	0,0,1	115	-1
1645	18,23,13	0,0,1	26,24,16	0,0,0	285	-1
1646	1,2,4	9,16,4	4,2,1	10,2,4	5	-1
1647	12,13,3	1,0,1	8,6,9	0,0,0	37	-1
1648	41,48,58	6,11,13	56,71,65	2,12,8	25	-1
1650	491,928,560	0,0,0	650,745,683	4,0,0	133	-1
1651	4,1,0	0,1,1	5,2,3	3,0,5	617	-1
1652	0,1,0	0,0,0	0,0,0	0,1,0	3	-1
1653	6,6,5	429,424,715	4,10,5	362,944,771	19	-1
1654	5,2,2	4,0,0	1,1,3	1,0,1	8	-1
1655	39,14,28	10,17,6	12,11,6	11,9,8	8	-1
1657	1,6,0	1,0,0	1,5,1	1,1,0	8	-1
1659	16,26,19	0,0,1	22,29,22	0,0,0	68	-1
1660	42,31,24	4,6,4	22,20,21	3,3,3	88	-1
1661	13,47,14	1,2,0	24,35,35	0,1,1	13	-1
1662	93,129,90	0,3,2	79,122,103	3,0,1	78	-1
1664	0,3,0	24,45,23	4,2,0	46,38,51	46	-1
1668	128,180,126	1,1,2	72,114,107	0,0,0	152	-1
1671	49,58,46	0,0,0	24,39,45	0,0,2	1085	-1
1672	0,0,0	0,1,1	0,0,1	0,0,4	3	-1
1673	6,15,4	1,7,1	4,5,7	2,8,3	11	-1
1674	0,0,2	2,0,2	0,0,0	7,2,6	3	-1
1675	7,12,12	0,0,0	8,11,9	0,2,0	6	-1
1677	2,2,3	6,16,3	0,2,0	9,6,6	8	-1
1679	6,5,5	1,3,5	10,3,4	2,0,1	80	-1
1680	733,748,819	0,0,5	484,711,676	0,0,1	3495	-1
1681	0,2,1	3,2,9	0,0,0	10,9,3	10	-1
1682	0,0,1	1,6,4	0,1,1	2,2,5	8	-1
1683	1,0,0	2,2,2	0,0,0	4,3,2	29	-1
1684	1,1,0	0,1,0	0,0,0	0,1,2	29	-1
1687	2,3,2	4,1,3	1,0,4	5,7,6	8	-1
1688	3,7,0	2,2,3	2,5,2	0,0,0	14	-1
1691	5,10,4	0,1,0	4,4,10	0,0,0	6	-1
1693	15,31,7	6,9,11	16,10,30	9,8,10	101	-1
1696	0,1,0	12,40,23	3,0,0	43,34,33	3	-1
1697	13,17,5	1,3,0	14,12,13	0,0,0	268	-1
1698	78,98,71	0,1,0	86,26,19	1,2,0	628	-1
1701	47,98,48	15,43,23	61,51,53	12,22,19	8	-1
1704	30,87,20	43,92,40	27,33,19	27,36,21	43	-1
1706	1,0,0	89,73,80	0,3,1	69,77,82	15	-1
1707	5,12,11	0,5,1	10,14,9	1,3,0	203	-1
1710	38,70,42	24,38,25	53,53,52	41,28,33	11	-1
1720	14,13,15	0,0,0	8,18,27	0,0,1	153	-1
1721	32,56,32	3,6,1	45,59,59	4,5,3	128	-1
1723	5,10,6	1,3,0	2,15,15	0,2,0	33	-1
1732	2,4,0	5,10,8	1,2,2	2,6,4	17	-1
1738	105,103,99	9,4,8	88,84,79	5,6,1	35	-1
1739	1802,2283,1669	0,3,0	1683,2215,1822	0,0,0	84	-1
1744	12,15,6	3,4,0	19,18,10	4,2,0	10	-1
1767	0,0,1	8,12,13	3,0,0	16,3,8	45	-1
1770	0,0,0	31,75,32	0,0,1	28,58,51	277	-1
1771	5,6,1	2,0,0	12,9,0	1,2,0	79	-1
1772	5,9,2	4,3,0	13,11,4	6,8,2	184	-1
1773	2,3,1	4,3,0	2,4,4	6,8,2	104	-1
1775	4,3,10	40,64,40	9,5,9	61,45,43	353	-1
1780	2,43,5	2,2,1	30,5,7	3,0,0	32	-1
1783	5,26,7	2,1,0	5,9,10	0,3,1	56	-1
1784	2,0,1	1,0,0	1,2,0	0,0,0	11	-1
1785	22,22,27	0,0,0	11,25,12	1,0,0	96	-1
1788	12,10,5	1,0,2	5,13,8	0,6,4	29	-1
1791	1,1,0	42,35,26	2,0,0	4,17,13	13	-1
1792	4,14,11	0,2,2	4,6,8	0,1,1	54	-1
1794	10,21,3	1,0,0	7,11,19	0,0,0	48	-1
1798	5,5,3	236,150,244	3,2,2	157,163,160	124	-1
1799	225,188,322	2,1,1	201,136,136	2,0,0	58	-1
1802	5,7,3	0,0,0	4,18,12	0,1,0	2	-1
1806	0,5,7	1,6,2	4,15,10	2,3,5	36	-1
1809	13,13,3	13,21,4	7,4,6	10,6,6	8	-1
1811	15,20,11	0,4,2	25,6,8	2,6,11	136	-1
1816	36,23,35	65,62,61	10,18,20	31,45,19	5	-1
1817	14,4,17	65,62,61	11,11,8	31,45,19	1	-1
1819	0,2,1	1,5,1	2,0,0	3,6,0	35	-1
1820	37,63,55	0,1,0	33,42,35	1,0,0	417	-1
1821	1,8,3	4,0,1	7,3,3	0,0,0	82	-1
1822	3,10,0	9,5,6	1,3,1	6,6,8	110	-1
1826	6,9,3	245,383,227	4,8,4	298,201,159	28	-1
1827	3,10,17	256,361,241	14,5,3	266,180,171	76	-1
1828	0,0,0	5,8,7	1,0,3	3,15,3	860	-1
1831	2,12,1	5,20,5	4,2,5	7,9,10	66	-1
1832	0,0,1	0,0,0	0,0,0	0,2,0	92	-1
1833	1,1,0	33,55,41	0,0,0	58,18,27	3	-1
1836	8,20,5	0,1,2	7,10,8	1,5,6	124	-1
1843	13,9,9	8,5,6	18,11,9	10,0,1	388	-1
1844	147,73,242	1666,865,2095	126,119,106	1136,1398,1353	68	-1
1845	4,7,2	1,2,0	4,8,12	3,3,4	29	-1
1852	0,0,0	19,18,18	0,0,3	10,21,13	239	-1
1853	9,22,7	4,2,3	5,6,7	3,7,5	73	-1
1854	6,3,2	9,24,14	4,2,4	10,14,15	13	-1
1855	3,2,1	6,12,9	4,3,2	9,7,12	6	-1
1858	0,0,1	29,49,28	2,1,8	33,56,34	137	-1
1859	36,30,28	3,0,2	26,25,12	1,1,2	151	-1
1860	3,0,2	0,0,0	1,1,2	0,0,1	198	-1
1861	1,0,0	11,92,21	1,1,4	72,110,109	391	-1
1864	3,4,3	1,6,2	6,4,2	3,2,0	107	-1
1867	0,0,0	15,7,16	0,0,1	7,13,6	41	-1
1868	0,0,0	1,4,3	1,0,0	1,8,2	264	-1
1869	0,0,1	19,45,23	0,1,0	41,37,36	15	-1
1879	0,4,2	1,0,0	1,4,8	0,2,1	153	-1
1880	0,1,1	14,19,22	0,2,0	13,7,16	9	-1
1881	4,2,2	0,0,0	5,0,3	1,0,0	128	-1
1882	0,0,1	0,0,0	3,0,0	1,0,0	130	-1
1888	9,11,7	46,45,42	4,7,6	19,36,29	571	-1
1889	9,11,7	2,0,0	4,7,6	1,1,1	609	-1
1890	46,45,42	2,0,0	19,36,29	1,1,1	37	-1
1891	1,4,1	3,0,3	1,2,1	0,1,6	37	-1
1892	117,754,148	0,2,1	388,633,543	0,0,1	43	-1
1895	9,31,11	2,4,3	24,25,25	9,5,3	94	-1
1897	9,8,11	0,0,0	18,4,2	1,0,0	2410	-1
1900	1,4,5	0,0,0	7,3,7	2,4,0	271	-1
1902	3,7,3	1,0,0	3,3,3	0,0,0	8	-1
1904	1,4,7	13,16,5	2,13,1	12,14,8	277	-1
1908	0,1,0	2,3,0	0,1,0	3,2,2	14	-1
1911	1,3,1	19,16,21	1,1,2	26,14,5	1	-1
1918	10,12,10	0,0,2	18,14,24	2,0,0	3	-1
1921	1,5,0	0,0,0	1,0,2	2,2,3	77	-1
1926	7,4,13	0,0,1	14,8,16	0,1,0	18	-1
1927	0,1,0	2,4,4	0,1,0	6,10,5	35	-1
1931	4,8,4	66,68,47	5,4,4	38,65,40	3	-1
1932	126,54,206	0,0,1	68,139,119	0,0,0	12	-1
1935	23,19,24	2,1,2	8,10,13	0,0,0	10	-1
1936	7,18,18	313,357,349	9,15,19	248,320,330	161	-1
1938	0,0,1	8,6,4	0,0,0	9,9,11	113	-1
1939	9,6,11	57,88,90	9,12,6	74,62,49	121	-1
1941	2,3,5	9,11,3	5,2,6	8,7,8	18	-1
1943	7,2,8	12,13,3	3,10,10	7,1,7	14	-1
1944	2,0,0	0,0,0	2,1,2	0,1,0	20	-1
1945	60,84,37	11,12,15	62,46,40	14,12,8	44	-1
1947	1,0,3	8,12,6	2,0,0	6,12,8	77	-1
1948	28,34,31	2,0,1	22,41,27	0,0,1	6	-1
1956	0,0,0	3,8,2	0,0,5	5,8,9	100	-1
1957	0,1,0	0,3,2	1,0,0	2,2,2	8	-1
1959	61,37,63	0,0,0	48,73,72	0,1,1	188	-1
1960	33,51,48	0,1,0	47,86,89	0,2,1	25	-1
1965	1,2,4	1,0,0	1,3,0	0,0,0	9	-1
1966	4,8,0	9,11,9	5,1,3	10,3,2	2271	-1
1967	2,11,2	0,1,0	2,12,18	0,0,0	129	-1
1969	0,0,0	1,7,4	0,1,0	6,1,3	94	-1
1970	0,2,1	0,1,1	1,0,0	2,0,3	20	-1
1977	31,42,33	0,0,0	23,43,44	0,1,0	85	-1
1985	1,6,1	0,1,0	1,2,1	1,0,1	25	-1
1987	0,0,0	0,3,3	0,1,1	1,2,3	17	-1
1988	14,27,18	9,48,12	17,17,18	49,15,25	53	-1
1989	1,2,2	126,144,91	2,6,3	99,99,89	162	-1
1990	11,35,6	2,2,1	26,17,12	0,0,0	4	-1
1991	1,0,0	3,2,3	0,0,0	10,9,5	4	-1
1992	1,0,1	2,1,0	1,1,3	0,0,0	27	-1
1998	27,41,13	0,1,0	48,31,21	0,0,0	162	-1
1999	3,5,3	0,0,0	2,6,4	0,1,0	51	-1
2001	2,0,0	0,1,0	0,0,0	1,0,0	92	-1
2004	283,225,308	1,1,1	179,235,218	0,0,3	66	-1
2005	2,1,0	20,14,17	1,4,2	6,8,11	97	-1
2006	11,21,7	0,0,0	8,11,2	1,1,1	18	-1
2008	1,0,0	1,3,1	1,0,1	0,5,2	1025	-1
2010	27,17,23	2,0,0	11,18,14	1,0,0	30	-1
2011	133,103,105	2,0,0	94,65,56	1,0,0	126	-1
2012	106,86,84	0,0,2	83,47,43	0,0,1	95	-1
2016	2,19,4	0,0,0	6,8,5	0,0,1	202	-1
2017	0,2,0	0,1,0	3,0,0	2,0,0	202	-1
2021	0,0,0	7,3,4	0,0,1	6,11,3	8	-1
2023	1,0,0	31,59,23	1,0,1	51,34,36	39	-1
2026	4,7,5	0,0,2	1,15,12	2,1,0	13	-1
2027	2,1,3	0,1,0	2,3,2	0,0,1	823	-1
2033	0,1,0	1,7,3	0,4,2	4,4,7	259	-1
2034	6,20,8	1,2,1	14,7,5	3,0,3	11	-1
2041	0,0,0	0,1,0	0,0,1	0,3,0	130	-1
2042	4,4,3	0,0,0	10,3,6	1,0,0	3	-1
2044	0,1,1	0,0,0	0,1,0	0,0,3	2	-1
2045	0,1,1	0,6,0	0,1,0	1,0,0	11	-1
2047	0,0,0	0,6,0	0,0,3	1,0,0	8	-1
2050	0,0,1	1,1,0	0,1,1	0,2,0	128	-1
2052	1,1,1	45,65,24	1,0,0	37,46,40	3	-1
2053	7,12,6	0,0,0	8,14,21	1,0,0	2	-1
2054	43,31,30	3,2,0	38,39,38	1,2,4	16	-1
2055	115,258,131	1,1,1	198,200,235	7,1,0	902	-1
2056	115,258,131	0,0,0	198,200,235	1,0,0	524	-1
2062	2,2,6	16,22,17	3,0,2	4,8,14	11	-1
2063	5,3,5	0,1,0	2,8,1	0,0,1	1782	-1
2067	1,2,0	0,1,1	0,0,2	5,1,2	11	-1
2068	16,19,18	0,0,0	19,45,35	0,1,1	28	-1
2070	21,9,10	131,151,153	8,5,7	85,54,41	2	-1
2073	4,0,6	0,0,0	7,4,4	0,0,1	1552	-1
2074	1,0,0	0,0,1	1,2,0	0,0,0	122	-1
2075	1,0,0	169,140,146	0,0,0	83,23,35	1	-1
2077	0,0,1	9,14,12	0,0,0	8,3,9	15	-1
2078	18,12,10	7,9,11	7,24,11	3,14,15	101	-1
2079	5,19,12	0,2,2	20,36,40	0,2,0	338	-1
2080	56,67,44	0,0,1	29,53,87	0,0,0	758	-1
2081	1,0,0	0,0,0	0,0,0	2,0,0	22	-1
2082	0,5,3	0,1,0	2,0,4	0,0,0	32	-1
2083	4,3,3	0,1,0	4,6,1	0,0,1	11	-1
2086	38,33,29	5,0,1	14,23,28	3,1,8	21	-1
2090	12,7,3	14,21,12	13,31,23	23,31,26	14	-1
2091	12,18,18	35,55,53	9,26,13	48,45,39	32	-1
2092	0,2,2	0,1,0	2,5,2	0,0,0	297	-1
2093	0,0,0	4,17,4	1,0,1	10,10,11	8	-1
2096	0,4,0	0,7,1	3,0,0	5,3,1	15	-1
2099	45,40,38	0,0,0	18,19,28	0,2,0	414	-1
2100	53,58,60	0,0,0	47,57,48	0,0,1	63	-1
2101	6,7,8	6,7,5	0,11,3	6,6,6	26	-1
2102	4,4,4	21,14,30	0,2,3	16,9,4	26	-1
2103	1,2,1	2,3,5	4,1,1	2,2,0	26	-1
2104	1,0,0	11,16,31	0,0,0	10,9,5	26	-1
2105	41,14,25	3,6,4	16,9,14	2,8,6	10	-1
2108	5,7,1	13,49,7	5,2,5	37,41,38	6	-1
2109	201,305,146	8,6,6	346,158,128	16,5,8	77	-1
2110	18,24,15	8,6,6	22,15,8	16,5,8	92	-1
2111	18,24,15	201,305,146	22,15,8	346,158,128	14	-1
2115	0,3,2	0,1,0	6,4,7	0,0,0	103	-1
2116	1,11,3	10,6,5	1,11,15	4,13,14	64	-1
2117	1,10,1	0,0,1	0,10,14	0,2,1	64	-1
2122	0,0,0	25,28,23	1,0,0	33,26,24	1	-1
2124	1,2,2	0,0,0	2,6,6	0,0,1	3	-1
2126	1,4,0	7,12,12	0,1,0	8,8,11	87	-1
2127	0,0,2	3,4,6	0,2,1	1,1,7	19	-1
2129	0,0,1	0,0,0	0,0,0	0,0,1	41	-1
2131	10,14,5	0,0,0	2,9,5	0,0,1	382	-1
2132	0,0,0	0,0,1	1,0,0	0,0,0	21	-1
2133	10,14,5	0,0,1	2,9,5	0,0,0	340	-1
2134	10,14,5	0,0,0	2,9,5	1,0,0	318	-1
2135	21,10,15	71,63,107	17,16,18	37,49,60	16	-1
2136	41,43,53	0,0,0	29,29,28	1,0,0	343	-1
2137	1,0,0	47,63,37	0,0,0	53,66,38	11	-1
2139	1,0,4	10,24,15	5,3,1	21,7,14	184	-1
2140	12,26,24	1,4,1	16,68,61	1,2,3	34	-1
2143	5,5,6	0,0,1	1,9,9	0,0,0	769	-1
2144	182,194,184	7,5,5	87,159,126	7,6,2	29	-1
2148	0,0,1	5,8,10	0,0,1	11,9,8	4	-1
2149	0,0,1	0,1,0	0,0,0	0,0,6	617	-1
2150	12,19,14	0,1,0	9,8,11	0,1,0	92	-1
2151	11,16,6	1,2,0	5,11,7	1,5,0	5	-1
2154	80,72,84	0,0,0	70,73,59	0,1,0	80	-1
2155	27,47,47	0,0,0	44,58,40	0,1,1	8	-1
2159	1,2,3	0,1,0	1,0,2	0,0,0	138	-1
2162	0,3,0	1,3,2	2,2,2	3,7,0	48	-1
2165	4,4,0	0,0,1	4,5,11	0,0,3	459	-1
2170	38,47,28	3,1,3	19,42,38	0,1,0	51	-1
2175	0,0,1	6,10,6	0,3,0	3,3,5	1	-1
2176	0,0,0	9,17,12	0,0,1	8,17,11	3	-1
2177	108,163,89	4,4,4	162,123,130	5,9,3	474	-1
2178	27,26,13	0,2,4	36,21,22	2,1,4	32	-1
2179	7,14,13	0,1,0	10,8,4	0,0,0	263	-1
2180	116,124,110	2,0,0	103,41,36	0,0,0	34	-1
2181	0,3,0	39,32,62	0,0,0	36,31,44	290	-1
2182	0,0,0	2,1,0	1,0,0	3,0,0	267	-1
2183	15,11,8	69,40,73	6,2,0	65,35,41	267	-1
2184	1,7,8	0,2,0	1,2,6	0,0,0	32	-1
2185	1,1,2	1,1,3	2,8,2	0,5,0	10	-1
2187	1,2,1	2,1,4	0,1,1	9,9,12	32	-1
2188	20,13,10	2,5,11	13,13,7	4,5,3	8	-1
2191	13,28,14	5,2,2	16,23,14	0,0,1	1075	-1
2192	3,0,0	1,5,3	0,0,0	2,4,9	48	-1
2199	0,1,0	0,0,0	1,0,0	0,1,0	29	-1
2200	2,0,0	2,3,1	0,1,0	6,4,1	3	-1
2201	1,4,1	32,83,32	0,0,2	67,81,68	3	-1
2202	0,1,0	0,1,0	0,1,0	0,0,0	25	-1
2203	37,79,23	47,84,38	74,45,23	60,43,55	227	-1
2205	0,0,2	0,0,1	0,2,1	0,0,0	20	-1
2206	5,4,1	0,0,0	2,5,3	0,1,0	135	-1
2209	0,1,0	4,2,1	0,1,0	0,4,2	52	-1
2210	28,30,11	32,49,37	12,20,19	27,46,41	52	-1
2211	0,0,1	24,54,20	1,1,2	19,27,30	26	-1
2217	12,8,16	1,0,2	6,11,2	0,0,0	47	-1
2218	1,0,0	3,3,2	0,0,0	2,1,0	77	-1
2219	108,87,118	0,1,1	87,56,51	1,0,0	72	-1
2220	3,5,7	5,9,5	0,11,5	6,7,2	11	-1
2221	0,0,5	6,8,5	0,9,1	4,11,19	2	-1
2223	37,30,32	3,0,0	35,19,25	1,0,0	261	-1
2224	0,0,0	1,6,7	0,4,1	0,2,3	3	-1
2225	162,125,75	5,4,0	106,125,109	0,0,0	28	-1
2226	0,1,0	45,78,56	1,0,1	34,38,59	20	-1
2230	0,0,0	6,5,7	1,1,0	2,13,16	99	-1
2233	0,0,0	20,22,13	0,1,0	16,8,6	77	-1
2234	0,0,1	1,2,1	0,1,1	1,6,7	98	-1
2235	9,30,12	0,0,0	16,10,14	0,0,1	1	-1
2237	0,0,0	1,2,2	3,0,0	0,0,1	1601	-1
2241	23,20,28	0,0,1	15,26,12	0,0,0	232	-1
2245	3,5,2	28,34,30	0,2,5	28,23,22	13	-1
2248	4,3,1	28,61,35	4,0,0	36,39,20	17	-1
2249	0,2,2	9,13,6	0,0,1	9,10,3	17	-1
2252	2,0,1	47,50,59	0,1,2	25,32,33	520	-1
2253	2,2,3	2,0,0	2,0,1	0,0,0	171	-1
2254	68,141,67	0,1,0	116,219,218	1,0,2	58	-1
2255	7,2,2	9,34,17	3,11,7	28,25,33	92	-1
2257	0,0,0	0,4,1	0,0,3	4,2,1	83	-1
2258	3,0,1	45,45,48	1,5,4	43,49,35	41	-1
2265	3,6,1	0,1,1	0,0,5	0,0,0	3	-1
2272	0,1,0	21,34,16	0,0,0	15,1,4	1549	-1
2275	5,0,0	3,3,7	1,0,0	0,2,4	68	-1
2276	1,3,1	1,0,0	3,0,0	0,0,0	19	-1
2277	126,115,137	0,0,0	73,122,130	0,2,0	29	-1
2285	0,1,2	139,211,127	2,1,1	124,119,135	49	-1
2286	112,162,100	2,0,0	100,90,117	0,0,0	87	-1
2287	112,166,107	0,2,0	105,94,123	1,6,1	87	-1
2288	240,278,234	2,1,1	193,216,238	0,1,2	87	-1
2289	0,1,0	0,1,0	0,0,0	0,3,4	121	-1
2291	10,23,17	0,3,1	25,14,14	0,2,1	182	-1
2292	17,14,12	2,0,0	13,20,20	0,0,0	66	-1
2293	82,93,60	0,0,0	107,88,101	1,0,0	132	-1
2294	2,2,0	5,4,6	1,2,3	3,7,9	11	-1
2298	61,148,66	0,4,0	127,166,114	7,6,5	127	-1
2299	0,0,0	0,1,0	0,0,1	0,2,1	13	-1
2300	14,7,5	2,0,0	3,2,0	1,1,0	1929	-1
2304	173,127,145	9,2,7	81,77,67	2,2,2	38	-1
2305	0,0,0	10,18,4	0,1,0	12,20,24	8	-1
2315	0,0,0	3,11,1	1,0,0	12,5,5	1213	-1
2317	77,115,47	0,5,0	72,75,89	0,0,0	9	-1
2318	0,0,1	2,0,3	0,0,1	0,0,3	1799	-1
2323	35,78,36	0,0,0	37,53,81	0,1,0	27	-1
2325	92,142,100	4,7,1	74,41,40	3,5,6	2285	-1
2326	92,142,100	1,3,4	74,41,40	0,1,1	2522	-1
2327	4,7,1	1,3,4	3,5,6	0,1,1	236	-1
2331	1,1,1	0,0,1	0,3,1	0,0,0	55	-1
2332	0,1,0	2,5,5	1,0,0	4,8,9	3	-1
2333	2,11,7	4,0,0	7,12,11	0,0,0	1100	-1
2339	1,3,1	1,1,0	0,4,5	1,0,4	1990	-1
2341	0,0,1	0,0,0	0,0,0	0,1,0	2	-1
2342	1,0,0	0,3,0	2,2,0	0,1,1	154	-1
2344	0,4,2	1,1,0	4,2,1	1,0,0	25	-1
2349	0,0,1	24,41,26	1,0,0	23,16,9	7	-1
2354	1,5,0	1,7,2	5,3,0	6,7,6	392	-1
2356	4,10,1	5,41,7	4,12,11	21,40,22	19	-1
2357	33,35,43	3,3,11	35,20,20	7,4,4	2	-1
2359	5,2,3	1,9,3	4,7,3	4,4,8	18	-1
2361	0,0,0	3,13,4	0,2,0	2,4,3	14	-1
2362	5,3,2	0,0,1	3,3,0	0,1,1	26	-1
2363	104,214,49	1,0,0	140,198,151	0,0,0	552	-1
2368	49,141,78	3,2,2	102,60,65	0,6,0	69	-1
2369	0,0,0	5,14,6	1,3,4	11,15,17	2	-1
2380	1,0,1	0,1,0	0,1,0	0,0,0	43	-1
2382	1,1,3	0,1,5	5,4,2	0,1,1	109	-1
2387	0,2,3	0,0,1	2,3,5	0,4,1	248	-1
2388	51,36,32	46,26,36	33,20,20	31,18,19	28	-1
2390	1,4,2	10,49,17	0,4,2	34,134,134	14	-1
2391	25,44,35	18,23,16	23,21,16	11,17,17	5	-1
2393	6,11,8	0,1,0	7,12,13	0,2,2	116	-1
2394	1,2,0	0,1,0	0,2,0	0,0,0	113	-1
2395	0,10,2	0,2,0	6,1,4	2,0,1	58	-1
2398	0,0,1	462,393,518	4,0,0	353,287,276	18	-1
2401	1,2,1	0,0,0	0,1,1	0,0,1	545	-1
2411	12,21,8	3,0,0	24,13,16	3,0,0	57	-1
2415	19,47,14	1,1,0	14,14,17	0,0,0	75	-1
2421	0,1,0	1,0,0	0,3,2	0,0,1	41	-1
2423	5,11,7	4,0,1	13,12,16	3,3,4	539	-1
2428	0,1,0	5,1,2	1,2,0	1,2,1	32	-1
2429	0,2,1	0,0,1	5,2,1	0,1,0	20	-1
2432	0,0,0	5,12,1	1,1,1	10,11,12	29	-1
2435	0,1,0	1,8,1	0,0,0	2,1,0	72	-1
2437	0,0,3	0,0,1	0,2,1	0,0,0	66	-1
2438	41,36,40	1,0,1	39,42,23	2,0,1	20	-1
2441	2,3,2	32,29,31	0,1,5	37,22,19	3	-1
2443	20,22,16	5,4,3	4,15,14	5,4,6	87	-1
2446	17,28,30	10,12,12	7,8,11	0,11,2	26	-1
2448	1,4,2	3,7,3	3,1,1	6,8,6	363	-1
2456	24,22,20	51,47,37	12,26,20	27,41,52	5	-1
2458	0,1,0	2,3,0	0,0,0	2,3,1	8	-1
2460	3,2,2	0,0,0	0,4,2	0,0,1	75	-1
2461	1,1,1	0,2,2	0,4,0	3,1,0	24	-1
2462	0,1,0	0,0,1	1,0,0	0,1,0	27	-1
2464	1,0,0	21,22,10	4,3,1	19,15,22	55	-1
2468	17,16,31	17,16,19	6,11,17	10,14,7	44	-1
2471	290,246,288	0,0,1	187,197,153	0,0,0	149	-1
2474	11,20,7	1,9,4	10,9,6	0,3,1	24	-1
2475	6,20,6	8,15,6	7,7,20	5,2,5	8	-1
2476	20,7,21	74,40,79	16,26,16	53,38,56	70	-1
2478	23,36,22	2,5,4	22,36,26	3,2,5	5	-1
2479	0,6,0	12,18,17	0,1,1	8,26,14	16	-1
2480	2,0,0	2,7,6	0,0,0	7,3,4	218	-1
2481	18,28,13	2,1,1	18,46,44	2,3,0	31	-1
2482	2,20,2	0,0,0	10,14,11	1,0,0	6	-1
2483	2,4,1	5,22,5	4,0,0	14,9,4	50	-1
2486	1,0,1	6,3,6	0,2,0	3,5,6	921	-1
2487	412,458,338	0,0,2	363,377,385	2,0,0	28	-1
2490	1,4,1	0,4,2	3,1,1	6,4,5	11	-1
2491	1,4,3	0,7,1	3,2,3	4,3,1	26	-1
2494	0,4,0	0,4,0	3,0,3	1,5,3	3	-1
2495	2,4,5	0,6,1	0,3,0	0,5,3	13	-1
2496	8,15,3	63,127,41	8,5,12	62,71,65	45	-1
2499	0,6,1	0,3,0	1,5,5	0,2,1	3	-1
2501	2,2,2	76,102,104	3,3,0	81,60,48	86	-1
2509	241,156,201	1,0,0	118,218,223	0,0,2	23	-1
2510	2,2,0	1,2,1	0,2,2	0,0,1	78	-1
2513	2,2,1	10,18,12	2,3,2	22,10,6	2	-1
2516	0,1,0	5,9,10	0,0,0	7,4,0	12	-1
2517	1,2,1	3,47,3	0,0,1	7,2,3	41	-1
2519	8,9,6	7,10,12	7,9,6	4,9,4	2	-1
2522	1,8,4	0,0,1	3,6,3	0,0,0	4	-1
2525	77,126,104	3,0,1	84,140,119	2,1,1	96	-1
2526	53,64,44	7,0,0	52,54,78	0,6,6	48	-1
2527	0,1,0	53,63,31	1,1,4	39,71,78	33	-1
2530	1,0,2	2,2,1	1,0,2	0,2,1	39	-1
2534	0,3,2	0,1,0	2,0,0	0,0,0	8	-1
2535	6,10,7	1,3,2	6,11,10	1,2,5	8	-1
2537	0,0,0	0,3,0	0,1,3	4,4,3	5	-1
2538	13,19,15	1,0,0	23,14,17	0,2,0	485	-1
2540	0,1,0	10,16,5	0,0,0	16,3,3	76	-1
2541	7,12,11	191,176,124	11,7,13	122,144,153	32	-1
2547	624,762,561	9,5,5	469,1034,935	6,11,9	2	-1
2548	6,11,5	6,17,8	2,3,3	22,25,14	32	-1
2549	7,7,6	0,2,2	7,3,4	10,1,2	56	-1
2550	4,11,6	1,0,1	7,12,3	1,0,1	207	-1
2552	4,6,1	1,0,2	1,3,0	2,0,4	247	-1
2553	0,3,2	9,22,8	0,3,3	3,6,6	14	-1
2554	4,8,7	0,2,0	7,6,1	1,2,5	14	-1
2555	6,7,13	0,1,0	7,5,14	1,0,1	77	-1
2556	19,24,24	17,29,19	15,22,24	21,29,39	77	-1
2557	6,16,6	20,32,30	6,6,3	27,21,30	662	-1
2560	2,6,3	0,0,0	7,3,1	0,0,3	43	-1
2562	10,10,5	34,19,16	11,9,9	25,22,31	29	-1
2563	0,0,1	50,37,44	1,0,0	22,43,28	181	-1
2566	15,16,4	40,75,46	16,8,3	45,18,20	11	-1
2567	0,1,0	67,68,48	0,0,0	28,57,48	49	-1
2576	3,1,6	21,18,14	1,0,0	6,6,4	532	-1
2577	0,0,0	8,3,0	0,1,0	9,2,6	3	-1
2579	14,28,15	0,0,0	25,12,17	3,0,0	1851	-1
2580	0,0,0	26,23,24	1,0,0	25,15,9	28	-1
2581	21,30,17	0,1,2	28,21,23	0,0,0	52	-1
2583	6,0,0	0,5,2	2,0,1	2,1,2	8	-1
2584	4,9,1	0,0,3	2,8,8	3,0,1	104	-1
2585	3,0,4	18,14,20	1,1,1	22,22,15	225	-1
2586	35,15,36	1,0,0	32,18,21	1,0,2	9	-1
2589	0,1,0	5,2,2	0,0,1	2,3,2	4	-1
2596	7,6,3	1,1,1	15,6,6	3,1,2	61	-1
2597	145,169,63	2,2,1	134,81,130	5,2,2	35	-1
2599	0,0,0	1,1,5	1,0,1	0,0,1	3	-1
2600	2,0,0	7,8,19	1,0,1	4,7,6	32	-1
2601	0,1,1	9,10,18	0,3,1	0,4,8	48	-1
2604	11,6,0	6,5,4	2,4,6	3,2,6	519	-1
2611	0,0,0	8,5,1	0,2,3	8,8,17	33	-1
2612	0,0,0	3,2,1	1,0,0	4,4,6	73	-1
2615	0,1,0	0,0,1	4,1,1	0,0,0	27	-1
2620	2,5,1	0,0,0	3,3,2	0,1,0	120	-1
2627	0,0,0	21,48,71	0,1,0	47,48,37	5	-1
2628	8,17,15	0,0,0	22,14,9	0,0,1	434	-1
2629	0,0,1	0,3,1	0,1,0	0,0,0	12	-1
2635	0,0,1	4,1,2	0,0,0	5,2,2	140	-1
2637	1,0,0	4,1,2	0,0,0	5,2,2	122	-1
2638	0,0,1	4,1,2	0,0,0	5,2,2	49	-1
2641	0,1,2	0,0,0	2,2,0	0,1,3	8	-1
2644	105,152,95	5,4,1	92,108,101	2,4,2	5	-1
2648	0,4,2	0,1,5	2,0,0	0,0,1	93	-1
2651	0,3,0	5,22,8	2,2,2	18,13,17	988	-1
2652	1,1,0	0,0,0	0,1,1	1,0,0	105	-1
2654	0,1,0	0,0,1	0,1,0	0,0,0	47	-1
2661	0,5,0	0,1,0	2,1,2	0,0,0	43	-1
2662	0,18,0	0,1,0	1,0,1	0,0,0	162	-1
2665	1,1,1	7,11,8	1,2,2	10,6,7	38	-1
2666	3,2,3	973,679,1246	2,5,0	548,1566,1371	448	-1
2667	2,6,2	2,9,6	0,3,1	1,2,0	35	-1
2674	0,4,1	0,1,1	0,1,0	1,0,1	187	-1
2675	1,1,4	3,12,2	3,3,0	2,4,9	73	-1
2676	0,0,1	11,24,19	0,2,0	10,15,21	20	-1
2678	101,132,118	23,34,17	50,319,283	15,90,55	3	-1
2679	3,12,5	1,2,0	3,19,15	1,1,0	45	-1
2682	16,31,6	0,3,1	22,16,15	0,0,4	41	-1
2683	33,65,14	2,4,1	40,38,35	2,2,2	11	-1
2684	9,10,8	11,16,9	5,7,6	17,10,7	17	-1
2685	1,0,1	31,51,28	0,0,0	33,51,33	63	-1
2686	0,1,2	1,3,1	0,1,1	2,3,3	29	-1
2687	0,2,5	0,1,0	1,1,1	0,2,0	24	-1
2691	0,1,0	2,1,3	0,0,0	1,7,11	2	-1
2692	1,4,0	1,7,0	2,4,0	2,0,0	46	-1
2693	26,46,45	6,7,7	34,37,30	4,11,5	2196	-1
2694	11,51,10	1,2,0	22,23,41	0,0,1	3	-1
2696	3,4,8	12,20,22	4,2,4	4,23,23	178	-1
2697	1,1,1	6,17,7	1,1,0	16,15,12	3	-1
2699	0,3,1	29,31,42	0,1,0	23,16,27	6	-1
2700	0,0,1	0,0,1	0,0,0	0,1,0	29	-1
2702	11,23,17	2,0,0	3,5,13	1,3,1	907	-1
2703	1,0,0	18,12,8	3,0,1	12,14,17	9	-1
2704	21,31,23	0,0,0	27,35,14	0,0,1	352	-1
2705	2,10,2	2,1,2	2,3,4	1,0,0	129	-1
2707	332,424,329	0,0,0	301,91,96	0,0,1	3070	-1
2708	7,9,17	2,7,6	5,3,7	1,1,1	107	-1
2709	0,8,1	0,1,0	2,0,0	0,1,0	14	-1
2711	0,1,3	2,1,0	0,2,1	0,4,2	303	-1
2712	2,0,0	40,47,74	0,1,0	47,147,137	25	-1
2715	1208,1905,1369	1,1,4	1219,1591,1536	2,0,0	2302	-1
2727	8,2,2	22,37,16	1,5,4	20,24,31	135	-1
2729	0,6,4	2,0,0	5,5,0	1,0,0	10	-1
2730	1,1,0	0,0,0	0,1,0	0,1,0	4	-1
2731	0,3,0	0,0,1	0,1,2	0,0,3	22	-1
2732	0,0,0	0,0,1	0,0,1	2,0,0	47	-1
2736	0,0,0	7,10,16	0,0,1	6,7,12	73	-1
2737	2,0,1	8,9,10	0,0,1	3,7,9	116	-1
2742	7,3,2	19,10,26	1,3,3	9,55,39	94	-1
2743	22,14,21	19,10,26	9,12,15	9,55,39	146	-1
2744	1,3,6	19,10,26	0,4,0	9,55,39	148	-1
2745	10,6,3	19,10,26	1,3,2	9,55,39	177	-1
2746	22,14,21	7,3,2	9,11,15	1,2,3	51	-1
2747	1,3,6	7,3,2	0,3,0	1,2,3	53	-1
2748	10,6,3	7,3,2	1,2,2	1,2,3	82	-1
2749	1,3,6	22,14,21	0,3,0	9,11,15	1	-1
2750	10,6,3	22,14,21	1,2,2	9,11,15	30	-1
2751	10,6,3	1,3,6	1,2,2	0,3,0	28	-1
2752	1,2,0	8,12,10	2,2,0	26,29,12	48	-1
2753	1,3,1	13,18,15	6,9,0	28,35,12	4	-1
2758	6,5,2	0,0,0	7,18,13	0,0,1	22	-1
2763	5,12,6	0,0,0	4,11,13	0,0,1	29	-1
2765	56,18,66	3,2,0	29,17,16	3,1,4	13	-1
2770	3,3,0	7,13,3	1,0,0	4,4,5	26	-1
2777	24,29,27	0,0,0	12,22,26	0,1,0	90	-1
2780	2,7,0	0,0,0	4,3,4	0,0,1	57	-1
2782	42,30,64	90,79,102	22,25,26	67,61,71	3	-1
2786	0,1,0	2,2,4	0,2,1	7,3,2	510	-1
2787	26,38,22	40,47,36	21,23,51	29,32,31	167	-1
2790	11,7,7	80,70,46	9,8,2	52,61,34	55	-1
2792	11,7,8	7,13,8	7,5,7	12,6,5	29	-1
2793	0,2,1	25,19,29	1,1,1	18,12,17	3	-1
2796	1,6,3	1,1,3	0,0,0	0,1,0	14	-1
2798	15,19,24	11,11,6	13,11,1	6,5,5	38	-1
2801	8,4,6	1,0,0	7,3,3	0,0,0	36	-1
2802	3,7,0	19,10,12	0,2,0	3,8,15	179	-1
2808	14,36,10	0,0,0	28,17,23	0,0,1	17	-1
2812	22,18,23	3,0,2	8,18,20	0,0,0	3	-1
2814	0,3,0	1,12,6	0,0,0	7,4,4	29	-1
2815	20,20,21	2,1,0	31,14,21	0,0,1	1078	-1
2816	30,25,24	3,3,4	25,11,14	2,3,4	3	-1
2818	3,4,8	1,1,0	1,7,8	1,0,0	197	-1
2819	2,2,1	2,3,1	3,2,5	3,2,3	5	-1
2820	3,4,4	2,3,1	0,3,6	3,2,3	16	-1
2821	3,4,4	2,2,1	0,3,6	3,2,5	10	-1
2822	2,0,3	0,2,0	1,2,5	2,1,0	27	-1
2826	232,225,238	0,0,1	100,133,120	0,0,0	95	-1
2828	2,2,1	27,39,32	0,0,0	23,30,18	27	-1
2829	1,5,3	72,45,63	3,3,6	48,63,68	11	-1
2830	1,1,0	1,8,5	0,1,0	3,5,4	110	-1
2836	2,10,3	0,0,0	1,6,2	0,0,1	141	-1
2837	55,64,55	7,3,2	46,37,29	0,1,1	2538	-1
2846	1,4,0	0,0,0	1,3,2	0,1,2	11	-1
2847	81,82,53	5,3,0	49,44,44	3,0,0	47	-1
2849	3,2,2	12,7,4	4,4,3	4,15,9	9	-1
2853	14,7,7	6,2,3	4,3,1	2,0,0	16	-1
2854	1,0,0	0,2,1	1,0,0	3,0,0	4	-1
2855	1,0,1	17,16,20	1,0,2	8,2,7	4	-1
2859	3,2,1	17,21,16	2,0,0	10,12,18	4	-1
2860	0,6,0	0,1,0	1,6,3	0,1,0	8	-1
2866	97,189,81	0,1,0	202,170,148	0,0,0	277	-1
2868	3,18,4	1,4,0	6,3,3	1,0,0	56	-1
2871	92,132,126	0,0,1	107,151,116	0,2,0	8	-1
2872	1,3,2	7,15,2	1,1,1	14,4,5	8	-1
2875	92,120,104	1,0,0	96,116,103	0,0,0	1587	-1
2876	4,18,3	1,14,7	7,7,5	3,4,3	89	-1
2877	0,0,0	2,4,1	0,1,0	0,0,0	32	-1
2878	1,1,0	22,28,19	0,0,0	16,16,19	24	-1
2881	1,1,1	123,88,139	0,2,0	61,28,58	9	-1
2882	0,2,0	1,8,2	0,0,0	2,3,2	23	-1
2884	25,36,28	47,47,54	28,19,33	30,32,37	38	-1
2889	136,131,134	0,0,0	120,156,149	0,0,1	1060	-1
2895	23,21,19	0,0,1	7,15,10	0,0,0	34	-1
2896	5,5,3	6,5,7	2,4,2	2,2,1	40	-1
2897	3,2,1	47,53,50	0,0,1	37,32,25	92	-1
2898	6,34,7	0,0,0	21,11,13	1,0,0	130	-1
2899	5,32,15	4,19,4	20,17,2	5,4,4	5	-1
2900	13,18,9	2,2,0	20,26,21	1,2,1	5	-1
2901	45,50,51	0,1,0	34,29,25	0,0,0	1736	-1
2904	1,0,0	16,30,35	0,0,0	17,43,32	34	-1
2905	12,10,4	1,3,1	8,2,11	0,2,2	39	-1
2906	0,2,0	1,12,2	0,0,0	2,5,1	98	-1
2910	1,1,1	0,0,2	0,1,0	1,1,0	180	-1
2912	28,50,43	0,0,0	36,22,34	1,1,0	21	-1
2913	2,13,4	22,108,20	13,12,16	115,96,90	3	-1
2924	0,5,1	0,0,0	2,2,3	0,0,1	66	-1
2925	0,0,1	2,4,3	0,2,2	2,4,1	10	-1
2927	0,0,0	0,1,0	1,0,0	2,0,1	111	-1
2929	301,166,378	0,0,1	201,178,192	0,0,0	313	-1
2932	3,9,18	4,1,0	7,8,3	0,1,0	67	-1
2933	0,1,1	9,6,3	1,1,0	5,9,2	24	-1
2935	3,6,7	1,0,0	9,8,8	0,0,0	14	-1
2937	4,12,13	0,0,0	12,14,17	0,1,0	181	-1
2938	22,28,33	0,0,0	26,41,34	0,1,0	110	-1
2941	57,63,51	14,9,7	58,68,50	24,13,15	17	-1
2942	15,44,15	2,5,2	26,37,36	9,7,3	15	-1
2945	61,149,69	0,0,2	129,115,103	0,1,0	40	-1
2946	2,7,5	0,0,0	3,5,4	0,1,0	561	-1
2947	1,0,1	6,8,5	1,2,4	7,13,7	3	-1
2948	2,0,1	12,12,5	1,3,4	16,19,13	6	-1
2949	7,8,5	12,12,5	7,14,7	16,19,13	2	-1
2952	27,16,3	0,0,0	14,23,10	0,0,1	42	-1
2953	3,19,4	0,7,4	8,8,11	1,5,4	62	-1
2954	11,4,23	0,2,2	2,23,13	0,2,1	5	-1
2957	3,11,4	0,0,0	5,2,6	0,0,1	210	-1
2962	0,0,0	0,1,0	0,0,1	0,0,0	8	-1
2964	18,26,24	0,0,1	16,4,5	1,0,0	68	-1
2968	7,2,4	0,1,1	2,4,3	1,0,0	1	-1
2971	71,50,87	1,0,0	53,19,32	0,0,0	75	-1
2972	0,0,0	1,2,0	0,0,1	3,4,2	3608	-1
2976	0,0,0	1,3,1	0,3,0	3,6,5	5	-1
2978	1,2,0	0,0,1	0,0,9	0,0,0	191	-1
2979	2,2,2	33,37,34	3,3,0	15,24,24	572	-1
2980	1,2,1	0,0,0	1,3,1	1,2,0	199	-1
2981	1,2,1	0,0,0	1,3,1	4,3,0	232	-1
2984	0,2,3	2,27,4	0,2,2	18,10,4	132	-1
2985	13,28,13	8,17,10	20,18,14	8,6,8	8	-1
2987	844,330,920	1,0,0	393,237,234	0,0,0	502	-1
2988	0,12,1	0,1,1	2,2,4	0,0,0	144	-1
2989	8,16,9	14,35,19	8,11,17	20,28,21	288	-1
2992	1,0,0	0,1,0	0,0,2	6,0,2	30	-1
2993	1,3,1	0,0,0	2,4,4	1,0,0	16	-1
2994	26,48,38	2,0,0	41,60,54	0,0,0	239	-1
2996	4,4,1	0,0,2	7,7,6	0,0,0	217	-1
2999	0,0,0	0,4,1	2,1,1	0,0,0	23	-1
3000	2,8,1	1,4,2	3,6,12	3,2,4	23	-1
3001	4,10,1	1,0,0	7,7,6	1,0,0	56	-1
3003	5,2,11	6,13,9	6,7,1	2,1,4	8	-1
3004	27,60,24	20,42,27	39,30,54	32,37,48	30	-1
3005	1,2,1	26,27,40	1,1,2	15,13,8	107	-1
3006	56,145,43	2,0,0	122,100,126	0,0,1	10	-1
3008	1,7,5	2,1,0	0,8,6	4,1,3	39	-1
3010	15,24,14	0,0,1	29,33,24	1,5,0	464	-1
3011	0,0,0	10,10,7	2,1,0	7,13,7	35	-1
3012	0,8,6	0,2,1	2,2,2	0,3,2	163	-1
3013	1,0,1	1,16,1	0,0,0	9,17,8	123	-1
3014	0,1,0	0,5,1	0,3,1	0,6,2	34	-1
3015	14,14,16	0,0,0	7,18,13	0,2,0	13	-1
3016	24,30,17	0,0,0	28,35,29	1,0,0	49	-1
3018	4,8,2	0,2,1	19,11,1	0,1,0	37	-1
3019	3,8,7	0,7,1	8,3,6	4,2,2	14	-1
3020	6,9,8	2,1,0	6,7,5	1,1,2	142	-1
3021	1,2,0	3,1,0	0,0,1	0,0,0	142	-1
3025	2,2,9	51,47,331	7,3,0	64,54,22	49	-1
3026	10,15,10	35,49,22	8,17,10	32,45,42	8	-1
3028	1,6,1	4,18,6	4,4,3	13,4,10	2	-1
3030	15,10,11	23,8,18	6,3,1	18,14,6	148	-1
3032	6,1,7	0,1,2	6,10,14	0,0,0	82	-1
3033	19,25,13	0,1,0	11,31,26	0,0,1	82	-1
3037	3,4,5	11,14,12	2,4,6	13,15,6	3	-1
3038	3,4,5	0,0,1	2,4,6	0,0,0	55	-1
3039	11,14,12	0,0,1	13,15,6	0,0,0	51	-1
3040	0,4,0	0,2,1	3,1,0	3,0,2	326	-1
3041	0,2,3	0,2,1	4,3,0	3,0,2	872	-1
3042	0,1,3	0,3,0	1,2,0	0,0,0	545	-1
3045	4,7,10	254,145,272	7,7,9	248,253,242	3	-1
3046	125,116,136	0,0,0	85,88,80	0,1,0	1329	-1
3047	4,6,5	0,0,0	1,5,3	2,0,0	41	-1
3051	190,183,146	0,2,0	155,125,143	0,0,0	325	-1
3054	18,32,23	1,0,2	16,20,14	1,0,2	117	-1
3055	110,94,81	0,0,0	51,55,42	2,0,1	117	-1
3057	6,2,13	35,28,29	4,3,7	20,26,15	727	-1
3058	10,24,21	0,0,2	10,19,16	0,0,1	33	-1
3066	1,0,0	20,4,14	1,1,1	3,8,9	23	-1
3067	0,0,0	5,16,11	1,4,0	4,15,2	33	-1
3069	0,0,0	4,0,1	0,0,1	0,0,0	4	-1
3072	2,3,0	57,81,55	3,2,3	65,57,41	54	-1
3075	76,83,115	27,22,28	59,41,54	9,12,12	5	-1
3082	3,0,1	0,5,2	0,1,0	0,6,4	137	-1
3083	0,1,3	1,2,1	0,1,1	4,5,1	11	-1
3086	0,0,3	2,3,0	0,1,1	3,1,2	15	-1
3090	0,0,1	0,0,0	0,0,0	1,1,0	8	-1
3092	0,3,0	8,13,8	0,0,2	3,2,6	44	-1
3098	7,7,6	2,0,0	8,3,1	0,0,0	14	-1
3099	133,124,116	2,0,0	124,87,59	0,0,0	43	-1
3100	126,117,111	0,0,1	116,84,58	0,0,0	28	-1
3101	11,29,8	7,8,7	13,26,12	6,24,13	5	-1
3103	0,3,6	6,22,13	0,7,5	9,21,22	5	-1
3104	3,9,5	0,0,3	16,10,8	0,0,0	72	-1
3112	0,0,1	1,6,0	0,0,0	3,3,2	15	-1
3113	4,13,8	5,0,0	6,15,7	0,0,3	1299	-1
3114	14,16,13	54,72,72	5,10,8	29,44,37	4	-1
3116	53,55,33	6,19,7	28,15,19	13,8,6	348	-1
3127	28,47,34	0,0,0	13,24,28	0,1,0	6	-1
3142	2,19,5	1,5,1	24,7,3	0,1,0	145	-1
3144	3,3,4	17,37,20	1,3,1	23,19,30	25	-1
3150	19,32,16	0,3,4	18,21,29	0,2,2	30	-1
3151	2,9,6	0,0,0	11,6,2	2,0,0	536	-1
3153	12,14,6	0,1,2	1,12,22	1,0,0	485	-1
3154	23,33,15	0,1,0	16,28,18	0,2,0	27	-1
3156	3255,2905,3763	0,0,0	2620,2754,2623	1,0,0	1289	-1
3157	1,0,0	1,3,0	7,3,0	0,1,0	38	-1
3160	10,11,4	3,3,3	7,1,5	2,8,10	505	-1
3161	2,9,0	6,4,1	3,7,5	6,4,5	126	-1
3162	5,3,5	8,22,5	5,2,12	13,4,2	119	-1
3163	0,4,4	0,1,0	3,1,5	0,0,0	113	-1
3167	6,7,5	14,8,9	1,0,7	7,6,3	10	-1
3172	54,56,39	0,0,0	55,34,32	1,0,0	358	-1
3175	4,5,4	1,0,0	2,8,4	0,0,1	347	-1
3176	18,11,5	24,21,4	13,6,6	17,9,18	20	-1
3177	9,14,4	0,8,2	14,12,18	3,7,1	14	-1
3179	4,6,0	2,4,0	8,7,1	5,11,4	30	-1
3180	2,5,2	78,91,68	4,2,3	77,79,70	16	-1
3182	181,174,178	1,0,0	97,122,101	0,0,0	153	-1
3186	4,2,11	3,4,1	9,0,1	4,1,4	2	-1
3188	468,447,420	9,1,10	541,186,206	8,1,7	142	-1
3189	510,535,486	40,57,49	596,326,317	35,78,51	253	-1
3190	51,89,76	40,57,49	63,141,118	35,78,51	110	-1
3194	1,13,6	0,0,0	4,3,10	0,1,0	62	-1
3195	0,1,1	59,56,83	0,2,0	26,104,73	299	-1
3196	92,104,115	0,1,0	55,70,77	0,0,0	1871	-1
3197	19,13,15	4,0,0	6,0,9	0,0,0	3	-1
3199	1,5,0	9,30,9	1,1,0	17,22,23	14	-1
3200	5,7,4	13,21,10	5,6,4	24,30,35	111	-1
3203	0,0,2	4,6,5	0,0,1	9,5,2	3	-1
3204	0,0,0	28,23,24	1,0,0	36,14,20	36	-1
3206	11,30,18	0,3,1	25,28,15	2,1,3	5	-1
3208	3,3,3	111,105,126	3,5,2	90,117,115	62	-1
3212	12,10,8	28,76,37	11,11,13	65,28,46	17	-1
3216	1,4,5	57,82,47	2,2,3	39,44,52	13	-1
3219	50,74,0	2,3,0	92,37,44	3,1,1	3	-1
3220	28,19,26	0,0,0	17,21,8	1,0,0	167	-1
3226	23,20,38	13,17,13	44,24,26	11,12,7	5	-1
3228	0,2,0	6,10,5	0,4,0	4,9,13	8	-1
3230	10,25,7	0,2,5	13,13,31	1,4,3	143	-1
3231	4,10,0	7,9,2	6,21,15	1,6,16	3	-1
3233	1,4,2	0,0,1	6,2,5	0,0,0	35	-1
3234	8,7,4	16,38,15	9,7,7	30,28,17	35	-1
3237	0,0,0	1,2,7	2,0,1	1,8,8	1436	-1
3238	16,13,8	1,2,0	12,6,13	0,0,0	36	-1
3239	3,2,0	15,59,14	0,4,2	41,82,74	6	-1
3244	5,9,10	2,1,0	14,8,10	1,0,0	12	-1
3245	1,3,0	0,1,1	0,0,0	1,1,1	4	-1
3246	2,6,3	0,0,0	0,2,0	1,0,0	86	-1
3247	2,5,2	0,0,2	2,2,5	0,0,0	1436	-1
3248	8,26,12	1,0,0	16,17,20	0,0,0	1809	-1
3249	0,1,0	5,8,10	0,1,0	4,6,9	81	-1
3250	0,1,1	7,4,13	1,0,1	5,8,3	160	-1
3251	0,0,0	7,11,11	0,1,0	2,7,9	7	-1
3253	1,4,0	29,139,39	1,1,2	82,110,98	3	-1
3257	0,0,1	1,0,0	0,0,2	0,8,4	6	-1
3265	2,3,0	9,6,3	0,0,2	7,1,2	4	-1
3266	39,51,43	4,2,3	35,17,35	3,1,2	18	-1
