ID	IJC_SAMPLE_1	SJC_SAMPLE_1	IJC_SAMPLE_2	SJC_SAMPLE_2	IncFormLen	SkipFormLen
0	2,0,0,0,0	0,0,0,0,0	2,0,4,1,3	0,0,2,0,0	2190	-1
1	0,0,0,0,0	0,2,4,2,1	3,0,0,0,0	2,3,6,2,0	88	-1
3	3,6,8,13,5	0,0,0,0,1	5,1,8,2,5	2,0,0,0,0	153	-1
5	0,0,0,0,0	37,48,50,47,56	0,0,1,0,0	166,173,185,140,119	121	-1
7	6,2,4,6,2	2,1,0,0,0	11,3,4,8,11	1,0,3,3,1	86	-1
8	69,33,40,51,43	0,1,2,1,0	34,26,31,51,33	2,0,0,0,0	140	-1
10	0,0,0,1,0	5,4,4,5,1	0,0,0,1,0	1,2,4,2,5	31	-1
11	7,11,10,15,10	0,0,0,0,0	12,12,15,15,2	0,0,3,0,0	1549	-1
12	33,32,25,37,18	0,2,0,0,0	138,133,141,109,120	4,1,1,8,8	29	-1
13	275,264,347,355,257	2,1,0,0,0	286,273,337,263,303	0,0,0,0,0	166	-1
15	121,97,86,115,59	0,0,0,0,0	105,98,140,94,69	1,0,0,1,0	302	-1
18	0,8,2,4,1	3,1,3,0,1	6,8,8,8,1	3,4,1,4,1	8	-1
19	54,76,102,98,71	2,0,2,7,1	48,21,63,92,34	1,1,1,1,2	232	-1
24	13,22,13,29,14	1,0,2,0,0	29,20,51,38,19	0,0,0,0,0	3	-1
26	10,9,10,13,16	0,0,0,0,0	9,5,10,9,14	0,1,0,0,0	89	-1
27	0,0,0,0,0	2,2,5,4,3	3,0,0,0,2	17,27,20,12,16	59	-1
28	336,378,342,401,323	0,1,0,0,1	857,814,1182,771,672	0,0,0,1,0	539	-1
29	2,9,3,4,7	0,0,1,0,0	6,1,7,7,2	0,0,0,0,0	44	-1
30	3,5,1,3,1	5,0,1,2,1	19,3,10,3,2	16,9,9,8,1	11	-1
31	0,1,0,0,0	1,3,0,0,1	0,0,0,0,1	2,0,3,0,6	24	-1
33	0,1,0,1,2	2,1,0,0,0	2,0,2,7,0	1,0,2,0,0	21	-1
34	1,1,1,0,0	3,0,1,1,1	1,0,9,0,0	10,4,21,12,5	75	-1
35	0,7,1,8,1	5,5,4,3,2	5,2,6,2,4	7,7,25,7,6	71	-1
36	4,1,5,5,6	1,0,1,0,0	16,26,35,25,22	0,0,0,1,0	5	-1
39	0,1,0,0,1	2,4,5,6,0	1,2,4,0,3	9,3,8,9,5	6	-1
40	0,1,0,0,0	1,2,0,3,2	1,0,0,0,0	13,24,26,18,13	332	-1
41	5,0,2,3,0	0,1,1,2,0	3,3,15,7,5	1,0,0,1,1	27	-1
43	15,9,10,22,13	726,826,839,892,876	3,4,4,3,3	301,360,354,317,291	71	-1
51	0,0,2,0,0	0,0,0,0,0	0,1,3,5,2	0,1,2,0,0	3	-1
53	14,6,7,10,10	54,59,60,71,67	6,5,5,5,9	37,40,63,28,33	25	-1
54	4,2,3,6,2	0,0,0,1,0	47,40,80,66,41	6,0,3,0,0	125	-1
55	49,66,41,53,39	0,0,0,0,0	239,96,255,200,156	0,0,0,1,0	143	-1
56	10,14,30,12,15	0,1,6,1,0	33,36,39,32,30	0,1,2,4,0	1	-1
58	76,52,49,51,54	0,0,0,0,0	102,105,156,118,104	1,0,0,0,0	7	-1
60	13,19,19,17,14	95,132,95,132,147	55,23,34,45,28	158,161,193,156,155	291	-1
62	0,0,0,0,0	0,0,1,0,0	5,3,2,4,1	4,2,7,6,4	44	-1
68	0,0,0,0,0	2,1,0,4,0	0,0,0,1,0	0,3,0,1,2	3	-1
71	14,12,13,9,6	0,0,0,0,0	27,15,26,26,27	0,1,2,1,0	139	-1
72	1,3,2,2,0	0,0,0,0,0	7,9,7,9,4	0,0,1,0,0	465	-1
73	11,12,5,8,5	7,9,8,21,15	4,6,2,3,2	13,11,24,12,20	29	-1
74	19,29,14,23,22	0,1,0,0,0	30,15,42,27,15	0,0,0,0,1	390	-1
76	0,0,0,1,0	3,2,1,4,1	7,3,8,5,1	22,29,52,46,12	3	-1
79	6,17,6,6,11	0,1,0,0,0	12,14,14,15,8	0,0,0,0,0	576	-1
80	1487,1285,1700,1311,1434	0,0,0,2,0	1863,1908,3207,2209,2038	0,0,0,0,0	163	-1
81	1,0,0,0,0	2,1,0,0,3	0,0,0,0,0	0,1,0,0,0	203	-1
82	1,0,1,0,0	2,1,2,6,7	0,0,0,0,0	3,0,9,7,0	203	-1
85	36,27,36,35,24	0,0,1,0,0	27,9,32,12,10	0,0,0,0,0	79	-1
86	1,0,0,1,0	0,0,0,0,0	5,17,18,6,5	1,6,5,2,2	150	-1
89	0,0,1,0,0	2,1,0,1,0	2,5,10,10,1	2,2,6,2,0	8	-1
90	0,0,1,0,0	0,0,0,0,0	1,0,0,0,0	1,4,0,2,0	58	-1
91	160,151,220,183,227	1,0,2,1,0	328,308,378,272,282	1,0,0,2,1	151	-1
93	5,7,7,12,7	6,4,6,8,7	27,11,28,27,13	40,29,23,27,14	62	-1
96	0,0,0,0,0	3,4,5,7,3	0,0,0,0,1	1,1,4,9,6	3	-1
101	0,0,0,0,1	3,0,5,3,0	0,0,0,0,0	2,9,5,2,4	86	-1
103	8,9,14,10,9	1,0,0,0,0	28,25,83,39,16	2,0,0,2,1	97	-1
104	7,4,4,4,1	0,4,3,3,0	1,2,1,0,0	0,0,0,1,0	3	-1
116	0,0,0,0,1	1,5,4,14,2	1,1,0,0,0	6,3,4,8,5	10	-1
117	0,0,0,1,0	14,20,14,9,11	0,1,0,1,1	73,65,79,51,48	388	-1
119	1,1,0,3,0	0,0,0,0,0	4,2,8,3,1	1,2,0,0,1	662	-1
120	0,2,4,1,3	18,11,9,16,18	3,0,5,1,3	9,9,16,6,11	17	-1
121	0,0,0,1,0	0,1,1,0,3	0,0,0,0,0	0,2,0,1,1	17	-1
122	0,0,0,1,0	1,1,0,0,3	0,0,0,0,0	0,1,0,0,0	26	-1
123	0,1,1,0,3	1,1,0,0,3	0,2,0,1,1	0,1,0,0,0	8	-1
124	18,11,9,16,18	1,13,14,18,16	9,9,16,6,11	15,6,5,12,4	8	-1
125	73,62,76,76,73	0,0,2,0,0	89,52,108,71,74	0,0,0,0,0	72	-1
126	56,64,81,78,71	0,0,2,0,0	95,49,97,77,67	0,0,0,0,0	63	-1
127	5,0,0,4,4	0,0,0,0,0	2,0,4,1,3	1,0,2,1,0	8	-1
128	589,694,696,681,614	0,0,0,1,0	1082,1397,1536,1125,1035	0,0,1,0,0	243	-1
129	17,20,14,14,15	194,240,193,207,202	27,15,20,19,29	382,344,339,324,240	35	-1
135	4,3,1,0,4	0,0,0,1,0	6,10,19,14,5	0,0,0,0,0	57	-1
136	0,1,0,0,0	0,0,0,0,1	1,0,2,0,1	3,1,6,0,1	74	-1
138	0,0,0,0,0	12,14,14,16,13	4,0,2,0,0	38,8,37,16,20	1138	-1
140	3,6,4,1,2	55,46,57,52,49	2,8,3,3,3	40,32,55,33,34	34	-1
141	10,9,3,13,11	4,4,3,6,3	3,24,19,7,11	5,6,4,4,3	419	-1
142	0,0,0,1,0	3,11,8,6,13	0,0,1,0,0	20,13,21,17,11	78	-1
143	3,2,1,5,0	1,2,2,0,0	16,4,6,7,6	4,0,2,1,0	16	-1
144	1,0,0,0,0	0,0,0,2,0	1,0,0,0,0	0,0,0,0,0	16	-1
147	1,0,0,1,0	0,4,1,2,0	1,1,2,0,2	1,4,7,8,2	3	-1
149	3,7,5,5,2	0,0,1,0,0	24,18,20,26,11	0,0,0,0,0	188	-1
151	12,7,18,14,10	10,11,13,19,11	10,8,13,14,12	30,20,9,14,28	75	-1
152	7,5,15,5,9	9,6,3,11,11	9,3,9,23,3	7,17,20,5,14	139	-1
153	26,29,22,39,25	3,1,1,2,5	45,18,37,28,21	6,0,5,8,0	78	-1
156	0,0,0,1,0	0,2,0,1,0	1,0,0,0,0	0,2,2,6,0	672	-1
159	23,21,29,21,11	0,1,0,0,0	30,18,30,21,24	0,0,0,0,0	328	-1
160	2,3,0,3,0	8,15,11,13,17	4,2,5,4,0	21,16,27,31,12	8	-1
163	5,5,5,2,6	10,10,24,15,25	10,5,7,4,8	27,37,67,33,29	13	-1
164	1,0,1,0,1	111,114,129,152,125	4,0,1,1,0	162,142,199,171,110	45	-1
169	22,15,11,27,15	5,13,9,13,7	82,90,144,85,73	39,46,49,30,36	22	-1
172	0,1,0,0,0	24,12,26,27,19	0,0,0,0,0	6,6,24,4,14	22	-1
174	1,0,2,2,2	5,2,3,3,6	1,2,3,0,1	7,14,4,13,4	41	-1
185	53,46,49,85,22	7,8,1,1,6	54,34,20,63,47	13,9,13,3,1	249	-1
191	6,2,4,2,3	0,2,1,0,0	5,4,4,6,5	3,1,1,2,3	231	-1
194	29,36,10,32,21	2,0,0,0,0	53,29,33,47,47	0,0,0,0,0	12	-1
195	19,24,19,26,27	0,0,0,0,0	90,53,108,77,53	0,0,0,0,1	136	-1
196	0,0,0,0,0	0,1,0,2,1	2,0,3,9,1	0,6,5,6,3	20	-1
198	0,0,2,0,0	4,2,2,4,1	2,0,0,0,0	19,13,29,22,5	59	-1
200	36,23,42,39,35	1,2,0,1,1	90,72,122,100,45	5,1,0,4,1	13	-1
202	0,0,0,0,0	1,2,0,3,0	0,3,1,0,0	9,1,1,3,3	46	-1
203	15,11,13,8,7	0,0,0,0,0	79,62,94,59,55	0,0,0,1,0	105	-1
204	17,36,31,36,18	0,0,0,0,0	35,42,51,37,22	0,0,1,0,0	187	-1
205	0,3,0,2,2	31,30,30,41,32	3,0,3,1,1	55,53,55,42,24	110	-1
209	0,0,2,0,0	3,9,9,7,8	0,0,0,0,0	21,12,26,15,12	58	-1
210	0,0,0,0,0	0,2,1,1,2	1,0,0,3,0	4,3,6,2,2	4	-1
212	6,6,1,2,2	0,0,0,2,0	12,4,16,14,5	0,0,5,0,0	51	-1
216	50,68,75,68,55	110,106,128,107,116	45,57,41,39,44	74,76,89,60,62	10	-1
217	12,25,37,28,22	1,2,2,2,0	12,18,15,17,10	0,0,1,1,0	10	-1
218	112,117,103,142,83	23,25,22,32,36	96,112,83,66,60	20,23,27,12,22	196	-1
221	24,23,30,37,19	0,0,2,0,0	47,33,65,38,28	0,0,0,0,0	539	-1
223	36,35,38,32,31	17,17,11,12,10	51,41,56,54,42	19,10,17,11,11	68	-1
225	1,2,5,0,5	0,0,0,0,0	12,4,10,6,7	1,0,0,0,0	31	-1
226	11,17,8,23,17	0,0,0,0,0	49,65,88,59,33	0,0,1,2,0	31	-1
227	0,0,0,0,0	5,4,6,1,4	2,0,0,0,0	7,6,19,12,9	3	-1
234	0,0,1,2,0	1,1,2,0,1	0,0,0,0,2	0,0,0,0,0	2	-1
235	4,6,6,5,6	5,3,3,8,1	15,14,11,11,4	5,9,3,4,3	59	-1
239	0,0,0,0,0	3,4,4,2,0	2,0,0,3,0	13,11,16,13,6	52	-1
240	0,0,0,0,0	6,4,15,9,5	1,0,0,0,0	5,7,7,13,8	63	-1
252	0,0,0,0,0	0,0,1,0,0	1,3,3,1,3	0,1,0,1,0	475	-1
255	1,0,0,0,0	67,65,62,67,55	0,0,0,0,0	118,82,120,89,75	3	-1
257	67,65,62,67,55	0,0,0,2,0	118,82,120,89,75	0,0,0,0,0	64	-1
258	3,4,1,2,1	35,33,48,51,23	4,4,6,6,4	86,75,94,72,56	63	-1
259	0,0,1,2,0	59,59,42,42,54	3,1,2,1,1	22,32,22,22,23	478	-1
261	0,0,0,0,0	6,4,4,8,10	0,0,0,0,1	2,2,9,3,2	53	-1
262	0,0,0,0,1	6,6,6,6,2	0,0,0,0,0	5,0,4,3,3	53	-1
266	2,3,2,5,2	3,6,7,3,7	0,0,1,4,1	3,3,2,4,4	150	-1
267	1,0,0,0,0	0,1,0,0,2	4,2,7,0,0	2,0,0,2,0	29	-1
268	1,0,0,3,1	8,13,9,6,19	0,2,3,2,1	74,64,67,52,38	5	-1
269	0,0,0,0,0	13,7,7,20,8	0,0,1,0,0	28,24,16,37,15	4	-1
271	135,136,148,119,135	84,98,138,120,135	102,122,214,157,118	129,141,139,160,85	50	-1
277	4,6,13,8,3	2,7,1,1,1	9,8,21,11,20	0,4,1,4,1	31	-1
278	0,0,1,3,1	3,11,16,8,15	0,0,0,0,0	3,7,3,8,7	4	-1
279	0,0,0,2,2	0,0,0,0,3	2,3,2,0,0	0,0,3,0,1	29	-1
281	1,2,0,5,0	0,0,0,0,0	24,23,33,28,21	1,0,0,6,1	1367	-1
282	4,11,7,12,8	0,2,1,2,2	3,4,3,4,5	3,1,1,4,3	26	-1
283	61,45,65,47,49	11,16,24,20,9	31,14,28,18,25	11,7,15,9,4	26	-1
284	34,17,24,19,15	2,3,4,6,11	18,13,15,13,13	3,1,4,2,0	26	-1
287	0,0,0,1,0	67,59,64,76,56	0,0,0,0,0	68,83,60,55,80	15	-1
288	1,1,0,1,1	1,0,0,0,0	5,4,9,1,2	0,2,2,2,0	223	-1
303	12,11,13,12,8	22,28,11,21,28	21,9,29,19,10	36,41,52,27,24	32	-1
304	0,0,0,0,0	0,1,2,0,0	0,0,3,1,0	8,3,9,3,0	14	-1
305	2,2,3,1,0	0,0,0,0,0	2,3,3,3,2	0,1,0,0,0	52	-1
306	0,0,2,0,0	16,8,14,16,9	1,0,0,1,0	44,25,23,22,29	20	-1
307	6,3,1,8,2	7,6,14,12,11	5,2,1,1,1	32,30,32,19,11	194	-1
309	0,6,8,2,3	1,1,1,0,1	10,2,9,12,5	0,0,0,2,1	106	-1
316	1,0,1,1,0	27,17,22,22,25	4,0,0,0,0	33,15,33,20,76	3224	-1
320	0,0,0,0,0	23,23,18,26,12	1,0,0,1,0	63,52,73,54,52	2	-1
321	0,0,1,0,0	5,4,6,6,8	1,1,1,0,0	9,5,18,6,2	202	-1
322	0,1,1,0,0	0,0,0,0,0	2,1,3,1,0	0,2,0,0,0	51	-1
326	1,0,1,0,0	4,1,0,4,1	5,0,2,3,0	10,6,6,5,0	8	-1
327	3,1,0,1,2	0,0,0,0,0	10,12,6,11,4	3,0,0,1,0	86	-1
328	4,2,0,1,2	0,0,0,0,0	10,12,6,12,4	3,0,0,1,0	89	-1
330	1,6,3,6,4	0,0,1,0,0	6,18,21,7,5	0,0,0,0,1	2	-1
332	0,0,0,0,0	0,0,0,0,2	0,0,1,0,0	2,0,2,1,1	15	-1
333	4,7,4,8,9	1,2,1,1,0	3,2,7,15,9	1,1,2,4,0	62	-1
334	0,0,0,1,0	9,8,5,4,1	0,0,1,1,0	8,4,11,13,4	227	-1
336	81,82,67,70,80	0,2,2,1,0	99,60,87,72,80	0,3,2,6,3	5	-1
337	1,1,0,0,0	1,4,0,0,1	0,0,0,0,1	5,0,5,4,3	6	-1
338	6,6,12,6,2	14,10,11,15,5	3,15,12,6,8	25,26,20,10,14	8	-1
347	4,1,0,3,0	0,0,1,0,0	11,3,8,5,6	2,4,1,4,3	266	-1
348	7,7,5,11,2	0,0,0,3,1	28,30,48,32,38	0,0,1,0,0	111	-1
349	5,0,6,8,3	8,1,0,3,0	11,4,15,9,6	13,8,8,4,6	5	-1
350	0,0,0,0,0	7,8,6,7,3	0,4,2,4,0	51,53,80,53,41	21	-1
352	1,3,0,0,0	0,0,3,2,0	0,0,0,0,0	4,3,2,2,1	39	-1
356	4,1,2,2,6	22,16,16,25,23	14,9,22,5,14	68,18,76,54,49	92	-1
357	4,2,5,5,4	0,0,0,0,0	12,11,14,9,11	0,0,0,0,1	2368	-1
359	11,5,5,6,10	186,187,168,193,185	5,4,6,9,4	134,152,169,128,114	28	-1
361	7,10,7,14,1	19,10,10,13,2	8,0,11,10,5	9,5,8,5,2	17	-1
362	5,2,1,4,5	0,0,0,0,0	49,55,91,51,36	0,0,1,0,0	1657	-1
366	178,205,228,262,285	10,13,15,14,18	172,107,160,150,141	8,4,7,8,5	21	-1
369	0,0,1,0,1	2,0,1,1,2	1,0,0,0,1	8,8,4,0,3	207	-1
374	0,0,0,0,0	0,0,0,0,2	0,0,1,0,0	0,1,0,0,0	112	-1
375	8,12,12,16,8	1,6,5,8,3	36,31,21,36,20	8,8,14,13,5	11	-1
377	1,0,0,0,2	2,12,7,27,18	2,0,1,1,0	19,16,27,11,23	43	-1
379	1,0,1,0,0	2,5,5,2,4	2,2,0,4,0	14,19,7,7,3	20	-1
380	25,29,47,52,46	0,0,0,1,0	16,21,34,38,23	0,0,0,1,0	18	-1
381	23,34,32,32,40	0,0,0,0,1	40,10,21,23,14	0,0,0,0,0	308	-1
382	4,2,1,2,8	22,33,32,32,38	0,1,3,1,1	37,10,20,23,14	35	-1
383	0,0,0,0,0	0,0,0,0,1	1,1,0,0,0	0,0,3,6,1	14	-1
384	2,1,1,0,1	1,2,2,2,2	5,10,11,7,7	0,4,3,0,4	14	-1
385	7,10,8,9,4	0,2,0,2,0	12,10,11,16,9	0,0,1,1,2	22	-1
386	10,7,11,16,3	1,0,1,0,0	5,10,12,8,4	1,0,1,5,0	15	-1
391	2,0,3,2,0	0,0,0,1,0	4,1,2,3,1	0,0,0,0,0	388	-1
392	0,0,0,0,0	29,28,16,21,27	0,0,0,1,0	43,36,54,35,44	23	-1
396	1,0,1,1,1	2,1,0,4,1	10,2,11,7,11	9,2,15,10,5	35	-1
397	1099,1318,989,1126,1313	0,0,0,0,0	1325,1611,1501,807,875	0,0,0,0,1	17	-1
398	5,2,0,4,4	2,0,2,1,1	29,6,23,14,14	10,5,7,7,0	44	-1
399	0,0,0,0,0	7,6,13,7,2	3,0,0,0,0	22,17,24,40,14	3	-1
400	0,0,0,0,0	0,1,0,0,0	1,0,0,0,0	0,0,0,0,0	59	-1
403	0,4,1,2,0	38,45,43,47,56	0,3,2,0,2	28,38,27,45,23	6	-1
405	3,1,2,3,0	0,0,0,0,0	8,1,6,9,4	0,0,1,0,1	4	-1
406	2,5,2,5,0	57,65,80,71,74	2,10,7,4,4	99,94,133,58,35	28	-1
409	7,2,3,1,5	14,13,14,14,4	1,3,0,4,3	11,18,11,15,18	237	-1
410	0,0,1,0,0	3,5,0,3,5	0,0,1,0,2	26,12,36,18,12	10	-1
411	0,0,1,0,0	11,8,12,4,14	3,2,3,0,0	32,17,48,47,21	15	-1
412	0,1,2,0,1	4,6,4,7,0	1,4,2,2,1	13,4,5,4,11	70	-1
413	0,0,0,0,2	1,0,0,0,0	0,0,0,0,0	1,0,0,1,1	24	-1
414	5,5,3,8,9	4,4,2,2,2	8,9,26,11,8	3,4,1,3,0	24	-1
416	9,18,13,12,5	85,132,128,127,91	5,5,10,5,6	78,62,74,71,57	3	-1
420	17,11,14,11,20	0,0,0,4,0	17,11,23,9,6	0,0,0,2,0	14	-1
422	4,3,3,2,7	141,122,149,131,159	10,8,13,18,13	202,337,304,219,186	44	-1
424	1,4,1,2,3	0,0,0,0,0	4,2,15,15,6	0,0,0,1,0	1	-1
425	1,0,0,0,0	0,0,0,0,0	0,0,1,6,0	0,0,0,1,0	56	-1
426	1,0,0,0,0	1,4,1,2,3	0,0,1,6,0	4,2,15,15,6	54	-1
427	48,56,66,78,49	0,0,0,0,0	42,21,31,23,29	0,1,0,0,0	195	-1
428	37,29,32,29,17	1,1,0,0,0	32,23,40,19,30	0,0,1,1,3	214	-1
429	16,34,12,31,34	16,38,26,46,37	32,26,47,33,31	93,84,69,91,69	5	-1
431	6,3,6,6,5	0,0,0,0,0	31,16,29,26,23	0,1,0,0,1	147	-1
432	0,1,0,0,0	1,2,2,0,2	1,0,0,0,0	1,1,0,0,0	316	-1
433	0,0,0,0,0	0,0,0,1,0	1,5,3,2,2	0,0,0,0,0	17	-1
434	10,2,3,7,5	0,0,0,0,0	3,2,3,6,9	0,0,0,1,0	360	-1
435	2,0,2,0,0	29,32,44,43,38	1,8,2,4,0	66,87,70,84,56	3	-1
438	61,83,78,71,83	1,8,6,13,5	52,42,61,70,58	10,4,9,4,6	389	-1
441	0,2,1,0,3	14,5,9,10,9	1,4,1,1,1	20,38,19,16,19	21	-1
442	0,0,1,0,0	28,43,44,44,45	1,1,1,0,0	53,57,53,61,56	10	-1
445	35,28,30,34,27	3,5,3,6,4	71,44,54,56,65	12,7,25,6,9	2	-1
446	0,0,6,1,0	0,0,0,0,0	2,0,13,17,4	1,0,0,1,0	113	-1
447	26,17,26,23,21	26,33,29,41,39	24,33,29,21,21	34,38,41,43,40	95	-1
448	0,0,0,0,1	19,21,26,22,20	0,0,0,0,0	53,52,86,60,65	82	-1
450	119,127,125,129,124	7,14,10,11,13	113,110,148,78,91	15,4,11,4,5	1430	-1
454	1,1,6,2,3	27,13,30,24,16	2,1,3,7,1	28,23,27,25,23	59	-1
457	7,0,3,3,0	2,0,2,2,2	3,1,7,7,2	6,2,7,3,2	80	-1
458	0,0,1,0,0	2,0,2,2,2	0,0,0,4,0	6,2,7,3,2	3	-1
460	39,47,32,56,42	3,2,3,1,1	75,89,126,73,95	3,2,3,1,4	150	-1
463	37,40,34,43,34	0,0,0,0,0	132,112,145,111,94	0,0,1,0,0	814	-1
465	0,0,0,0,1	1,2,5,0,3	0,0,0,0,1	6,8,15,3,2	51	-1
468	195,167,212,199,176	1,0,1,3,1	351,235,374,329,240	1,0,0,2,0	57	-1
469	75,61,63,69,43	0,0,0,0,0	127,81,117,115,81	0,1,0,0,0	57	-1
472	0,0,0,1,0	3,3,2,4,2	0,0,1,0,0	25,4,15,33,15	5	-1
477	0,0,0,0,1	2,4,1,3,1	0,2,0,0,0	10,5,8,10,5	204	-1
480	0,0,0,0,0	4,0,0,0,1	0,0,0,0,1	9,1,12,8,3	93	-1
482	0,0,0,0,0	4,3,3,4,1	6,1,1,0,2	11,6,11,11,15	104	-1
483	5,7,11,5,2	0,0,0,1,0	17,7,15,26,14	0,0,0,0,0	39	-1
485	4,3,2,3,0	3,1,0,0,4	3,0,2,1,0	0,4,3,2,2	15	-1
489	0,0,0,0,0	4,2,8,12,4	0,0,2,0,0	5,3,25,15,3	10	-1
493	0,0,0,0,0	0,0,1,0,0	0,0,0,2,0	2,0,2,0,1	11	-1
497	14,23,21,22,10	1,0,1,0,0	34,19,28,24,21	1,0,0,1,1	14	-1
500	12,8,7,2,0	0,0,1,0,0	23,15,24,10,20	0,0,0,2,1	1386	-1
501	3,3,3,8,1	0,0,0,1,0	15,7,5,10,0	1,0,1,0,2	20	-1
503	0,4,7,4,2	0,0,0,0,0	21,11,11,11,9	5,0,4,1,1	521	-1
504	1,0,0,0,0	0,0,0,0,0	1,0,2,1,0	1,0,2,0,0	188	-1
505	7,2,1,3,0	0,1,2,1,0	11,7,5,9,1	4,0,1,2,2	103	-1
507	0,3,0,0,1	15,8,6,11,10	0,1,0,1,0	9,5,13,11,8	22	-1
510	2,1,2,0,0	0,0,0,0,0	4,0,1,2,1	0,0,0,0,1	25	-1
514	7,10,7,6,1	18,7,11,5,12	3,1,4,5,5	11,3,17,11,8	807	-1
515	5,3,3,6,3	13,15,8,28,14	0,0,1,2,0	16,12,7,3,6	13	-1
517	8,21,12,8,10	0,1,0,0,0	10,4,15,17,10	0,0,0,0,0	527	-1
522	0,1,0,0,0	0,0,0,0,0	6,2,3,11,2	1,0,0,1,1	26	-1
523	0,0,0,0,0	50,49,66,65,47	0,0,0,1,0	98,75,80,59,55	17	-1
524	4,1,0,2,0	0,2,5,6,0	3,2,1,0,0	12,9,9,9,7	3	-1
526	69,79,86,84,87	2,3,1,0,4	123,128,115,147,87	0,2,0,4,1	80	-1
529	0,0,0,0,0	0,0,2,1,0	0,0,2,0,0	2,1,1,3,4	14	-1
531	4,1,3,1,3	0,1,2,0,1	3,9,7,3,2	4,0,4,5,1	115	-1
532	10,12,16,16,3	0,1,1,0,0	85,89,102,104,64	8,0,0,1,0	55	-1
542	69,58,57,47,50	0,0,0,3,0	188,176,234,209,124	2,9,5,5,2	142	-1
543	183,201,197,249,207	0,0,0,0,0	246,245,298,203,170	0,0,3,0,0	8	-1
544	4,0,3,0,3	26,28,15,22,32	2,6,6,3,7	36,50,42,31,15	308	-1
545	16,19,33,24,40	3,3,5,5,1	34,28,33,28,23	2,2,4,5,3	63	-1
547	1,0,0,2,1	8,6,10,6,0	4,1,2,2,2	3,7,3,9,5	45	-1
549	0,0,0,0,0	0,0,6,0,0	0,0,0,1,0	0,0,0,0,0	8	-1
552	1,0,0,1,0	0,0,0,1,0	26,32,43,41,15	0,5,1,3,0	51	-1
556	0,1,0,0,0	0,1,0,1,0	2,0,7,4,0	11,1,27,34,9	8	-1
560	0,0,0,0,0	0,0,2,2,0	1,0,0,1,0	12,8,7,9,7	4	-1
561	1,1,1,1,2	0,0,0,0,0	9,7,10,11,5	0,0,0,1,0	13	-1
562	0,0,0,0,0	1,2,2,4,0	0,0,0,2,0	4,11,6,14,6	107	-1
563	0,0,0,0,0	9,5,8,10,0	0,0,2,0,1	21,9,15,33,12	30	-1
564	3,2,1,3,1	6,8,7,9,12	1,2,5,5,1	39,16,27,28,20	26	-1
566	0,0,0,0,0	0,0,0,1,0	0,0,2,0,0	0,0,0,0,0	3	-1
568	2,1,1,2,0	2,1,2,3,3	2,3,1,2,1	8,0,3,3,4	5	-1
571	1,0,0,2,0	0,0,0,0,0	1,1,0,0,0	1,0,0,0,0	84	-1
574	10,9,6,11,6	134,157,165,157,231	8,8,4,3,4	144,264,158,187,117	33	-1
575	1,0,1,1,1	2,6,1,1,1	0,1,0,0,0	1,1,1,0,0	11	-1
580	11,6,7,2,7	32,38,40,35,50	6,5,3,4,7	20,35,18,15,12	157	-1
587	0,1,0,0,0	18,28,24,23,32	0,0,1,0,1	43,19,32,39,16	3	-1
588	5,12,18,16,9	0,0,0,0,0	11,2,11,16,89	0,0,0,1,0	107	-1
589	12,4,3,4,6	3,0,0,2,0	14,7,17,11,8	0,0,4,2,1	11	-1
591	0,1,2,3,1	3,8,7,3,8	2,2,2,2,0	14,7,16,14,13	24	-1
594	14,27,47,29,29	0,0,2,1,0	15,8,2,29,35	0,0,0,0,0	231	-1
596	9,10,5,7,1	0,0,3,1,0	20,12,22,26,11	1,0,3,2,1	1	-1
598	0,0,0,0,0	0,0,0,0,1	0,0,1,0,0	0,0,0,2,0	1	-1
599	0,0,1,0,3	52,69,54,73,71	1,0,1,0,0	75,34,42,52,59	97	-1
604	36,36,25,33,27	9,7,20,17,24	18,30,25,21,23	18,17,33,13,12	47	-1
605	60,66,99,66,75	58,96,103,104,85	32,46,95,63,39	61,33,53,66,33	11	-1
606	0,0,0,0,0	6,7,4,12,8	1,0,0,0,0	12,27,20,26,13	8	-1
607	0,0,0,0,0	0,0,0,0,1	0,0,2,0,0	9,10,15,13,9	205	-1
609	20,31,34,35,42	0,0,0,1,2	70,52,87,71,56	1,0,0,2,0	1410	-1
612	7,4,3,2,2	37,39,42,32,48	2,0,1,1,1	39,49,56,32,27	57	-1
614	15,2,10,7,2	0,0,0,0,0	7,4,7,7,7	0,1,0,0,0	396	-1
615	97,72,110,120,92	0,0,0,0,0	54,61,75,46,55	0,1,0,0,0	396	-1
617	0,3,3,1,2	0,1,0,0,0	8,3,7,6,7	2,0,0,0,0	7	-1
618	0,0,0,0,0	2,5,3,2,7	2,0,1,0,0	9,14,12,20,10	15	-1
619	0,1,0,0,1	1,1,0,0,2	0,0,1,0,0	4,2,4,1,1	5	-1
621	229,227,244,302,270	274,344,319,328,368	204,197,252,134,144	257,215,268,186,211	8	-1
622	0,0,1,0,0	0,0,0,0,2	1,0,0,1,3	0,0,0,1,0	28	-1
623	0,0,1,0,0	0,1,0,0,0	1,0,0,1,3	1,0,1,0,0	67	-1
624	0,0,1,0,0	1,1,0,0,0	1,0,0,1,3	1,0,1,1,1	137	-1
625	0,0,0,0,2	0,1,0,0,0	0,0,0,1,0	1,0,1,0,0	38	-1
626	0,0,0,0,2	1,1,0,0,0	0,0,0,1,0	1,0,1,1,1	108	-1
627	0,1,0,0,0	1,1,0,0,0	1,0,1,0,0	1,0,1,1,1	69	-1
629	2,2,2,0,0	2,2,3,0,1	0,0,2,1,0	1,5,1,3,5	61	-1
630	2,2,2,0,0	0,0,0,0,2	0,0,3,1,0	0,0,0,0,0	61	-1
632	1,4,12,3,4	2,2,1,2,2	4,13,1,2,4	3,5,1,3,4	43	-1
633	0,0,1,0,0	1,0,1,2,2	0,0,1,0,0	0,0,1,1,0	43	-1
634	0,2,0,2,1	10,5,11,8,1	1,0,0,0,1	21,13,28,14,10	99	-1
635	0,0,0,0,1	0,4,0,2,2	0,0,1,0,0	3,8,9,2,1	217	-1
636	0,0,0,0,1	0,0,0,0,0	0,0,1,0,0	1,0,0,0,0	217	-1
637	0,0,1,1,1	15,6,5,6,6	5,1,4,1,1	18,5,16,14,8	190	-1
638	4,0,1,4,4	0,0,0,1,0	8,16,15,4,4	0,0,0,0,0	42	-1
639	1,0,2,5,3	0,0,0,2,0	8,2,5,4,1	0,0,1,0,0	491	-1
640	27,27,25,29,27	0,0,0,2,1	39,54,51,39,36	0,0,0,0,1	42	-1
641	24,27,26,30,26	1,0,0,1,0	39,40,41,39,33	0,0,0,0,0	491	-1
642	0,0,0,2,0	3,0,0,0,0	0,0,0,0,0	1,3,2,3,1	3	-1
643	2,1,3,4,2	0,1,1,0,2	4,3,2,7,3	5,5,1,1,3	260	-1
644	0,0,1,0,1	0,1,0,0,0	2,3,14,17,4	14,13,34,24,25	23	-1
648	0,0,0,0,0	246,214,208,255,192	0,3,0,0,0	256,348,421,239,206	159	-1
649	12,6,16,16,17	16,5,15,8,12	4,6,4,3,4	10,4,3,3,9	3	-1
650	7,11,6,13,8	5,2,4,6,5	13,8,11,20,10	3,4,1,4,1	15	-1
651	2,0,0,0,0	1,14,17,5,4	0,0,1,1,3	15,7,12,7,7	67	-1
652	18,23,22,17,17	11,13,7,5,7	35,40,55,39,57	22,24,23,31,12	251	-1
653	192,227,221,234,215	13,13,9,3,7	321,257,356,295,215	7,18,18,11,15	80	-1
655	129,116,143,141,137	0,0,0,0,0	176,153,245,155,143	1,0,0,0,0	162	-1
656	0,0,0,0,0	0,0,0,1,0	0,0,0,0,5	0,0,0,0,0	53	-1
664	0,0,0,3,0	4,0,0,0,0	0,0,0,0,0	0,4,0,0,0	113	-1
665	0,0,0,0,0	4,0,0,0,0	0,0,4,0,0	0,4,0,0,0	150	-1
666	0,0,0,0,0	0,0,0,3,0	0,0,4,0,0	0,0,0,0,0	36	-1
667	4,5,6,2,10	0,0,0,0,0	5,1,6,7,4	0,0,0,0,3	84	-1
668	2,0,1,0,0	7,9,13,7,5	9,7,0,3,0	12,23,12,6,14	108	-1
670	0,0,0,0,0	19,10,11,4,8	0,3,0,2,0	8,21,10,12,3	126	-1
671	5,5,0,0,7	45,55,33,47,72	1,0,6,1,0	49,47,53,50,27	79	-1
672	50,31,31,25,37	1,0,0,0,0	61,52,59,45,40	0,2,0,0,0	74	-1
676	0,0,0,0,0	0,0,0,0,3	0,0,1,1,1	1,0,6,0,1	6	-1
678	6,1,1,7,5	0,0,0,0,0	14,22,39,25,14	0,0,0,1,0	47	-1
679	0,4,0,0,1	26,30,18,33,11	3,5,6,2,4	59,39,58,41,66	53	-1
681	3,4,2,6,3	7,14,17,20,13	7,2,8,3,1	19,11,35,12,11	118	-1
686	1,0,0,0,0	3,5,0,0,0	0,0,0,0,0	3,4,6,5,8	841	-1
689	0,0,3,0,0	0,1,0,0,5	6,1,4,5,1	5,14,5,6,6	24	-1
692	2,4,3,5,0	0,0,0,0,0	4,1,2,0,0	1,0,0,1,0	348	-1
694	4,2,6,10,7	0,0,0,1,0	49,53,57,36,40	0,0,0,0,0	138	-1
695	0,1,0,0,0	0,0,0,0,0	0,0,0,0,1	0,0,0,1,0	13	-1
697	52,52,51,53,34	5,1,3,0,4	57,49,44,52,55	6,1,1,6,5	9	-1
702	1,1,1,2,0	7,6,7,9,4	0,0,1,1,0	29,8,30,4,8	1267	-1
703	6,2,1,2,3	0,0,0,0,0	11,17,10,11,9	0,0,2,1,0	198	-1
705	172,238,186,196,188	4,4,13,9,2	173,152,181,170,155	3,5,5,4,4	47	-1
706	167,199,198,184,196	9,6,6,2,2	198,127,179,174,151	6,2,4,9,5	47	-1
709	0,2,1,2,1	15,12,29,13,18	0,0,0,0,0	13,13,7,8,9	547	-1
710	2,5,0,1,0	0,1,0,0,0	0,2,1,2,1	0,1,0,0,0	52	-1
717	1,0,0,0,0	5,4,2,5,3	0,0,6,0,0	9,4,19,7,13	3	-1
721	3,1,8,5,2	9,22,12,16,22	2,1,5,3,1	12,12,16,12,1	5	-1
722	21,24,22,25,6	0,0,0,0,0	17,18,28,25,13	0,0,0,2,0	4780	-1
725	16,28,20,14,14	84,74,93,76,86	10,10,26,23,19	85,68,108,82,67	11	-1
726	0,0,0,0,0	9,5,7,9,3	1,0,9,0,0	46,36,86,50,33	40	-1
727	3,0,1,4,2	0,1,0,0,0	5,0,5,4,1	1,0,0,0,0	14	-1
729	2,1,1,3,5	0,1,0,0,0	26,20,32,31,17	0,0,0,0,0	187	-1
730	0,0,1,2,0	16,16,18,18,20	0,0,1,0,0	27,23,22,20,23	9	-1
732	0,0,0,0,0	66,66,94,79,73	0,2,0,0,0	143,189,211,157,127	153	-1
733	3,0,4,2,1	0,0,0,0,2	11,3,4,8,5	2,0,6,0,1	320	-1
735	4,8,1,1,0	10,8,2,5,1	2,0,0,0,0	8,7,15,8,3	132	-1
736	2,0,0,1,2	92,74,61,89,61	0,1,3,0,2	96,49,75,48,63	44	-1
738	48,42,38,33,46	35,27,22,28,25	25,20,47,23,22	19,28,23,18,15	8	-1
739	55,45,40,36,49	7,8,9,7,13	26,22,56,29,27	7,7,7,10,2	32	-1
740	42,30,24,31,28	7,8,9,7,13	20,30,32,24,20	7,7,7,10,2	23	-1
741	3,1,1,2,3	2,2,1,3,3	2,11,3,1,7	8,11,21,6,4	3	-1
743	0,0,0,0,0	4,4,3,4,0	1,0,0,0,0	4,10,13,9,8	11	-1
744	0,0,0,0,2	13,7,23,26,15	1,0,0,0,0	33,17,27,12,25	3	-1
745	0,0,0,0,0	0,0,0,1,0	2,1,0,6,2	5,0,4,6,1	689	-1
748	0,0,4,2,0	8,8,7,11,14	0,0,0,4,0	3,12,17,14,9	171	-1
756	0,1,0,0,0	3,2,1,0,3	2,0,0,1,1	5,0,4,3,3	12	-1
757	0,0,1,1,0	0,0,1,0,1	1,2,0,0,0	0,0,3,0,1	12	-1
762	0,1,0,0,0	0,0,0,0,0	18,16,48,23,22	0,0,0,1,0	28	-1
764	0,0,0,6,2	6,8,9,7,2	5,5,1,0,2	23,21,17,8,13	25	-1
771	7,2,0,0,2	0,0,0,0,0	19,10,14,5,13	4,1,3,6,0	66	-1
774	0,1,0,0,0	0,1,0,0,0	0,2,1,0,0	0,1,0,5,0	22	-1
777	3,0,2,3,1	5,4,5,1,5	6,5,3,4,0	11,0,12,7,13	155	-1
780	5,20,17,12,9	0,0,0,0,0	16,19,43,25,19	0,0,0,1,0	345	-1
785	22,42,54,61,57	0,1,0,0,2	19,17,31,22,22	0,0,0,0,0	221	-1
786	7,6,6,8,4	16,17,24,40,19	66,23,47,38,28	129,79,189,101,114	11	-1
787	1,1,0,1,5	5,4,5,2,3	1,0,1,0,3	6,2,16,5,2	8	-1
788	8,4,5,11,6	8,5,4,7,3	8,4,11,5,12	3,9,5,3,4	78	-1
789	0,0,0,0,0	10,12,11,3,7	4,5,0,0,0	46,40,58,35,22	229	-1
790	327,371,318,381,308	0,0,0,0,1	485,483,482,445,379	0,0,0,0,0	213	-1
792	0,0,0,1,0	3,1,0,0,0	2,3,12,5,2	3,2,0,3,4	14	-1
793	0,0,0,0,0	0,0,0,1,0	5,0,7,0,3	1,0,0,2,4	14	-1
797	2,2,2,6,3	58,41,60,53,35	0,1,2,0,4	52,47,42,50,27	154	-1
798	120,103,129,132,151	2,4,6,1,3	181,154,176,184,120	2,3,2,2,2	28	-1
800	0,0,0,0,0	0,5,1,1,1	0,0,0,3,0	3,2,1,0,2	61	-1
801	10,0,5,3,1	2,0,0,2,0	16,16,24,31,16	0,0,4,2,0	32	-1
802	1,2,0,0,2	10,4,22,21,3	1,0,2,0,1	17,11,27,11,12	19	-1
806	0,0,0,0,0	9,5,7,7,4	0,0,2,1,0	30,21,36,42,15	8	-1
807	2,0,0,0,0	20,17,25,24,8	0,0,1,1,0	36,26,39,33,20	191	-1
808	58,146,236,153,169	0,0,0,0,0	257,190,468,624,223	1,0,0,1,0	686	-1
809	57,41,49,37,54	0,0,1,0,0	29,36,32,38,22	0,1,0,0,0	8	-1
810	37,32,33,30,41	0,0,0,2,0	26,25,23,40,21	1,0,0,0,0	63	-1
813	1,0,1,0,0	0,0,0,0,0	3,0,0,0,0	0,0,2,0,0	55	-1
814	2,1,2,1,3	0,0,0,0,0	9,4,11,7,10	1,1,0,1,1	109	-1
815	0,0,0,0,0	1,0,3,1,3	0,0,0,1,0	6,0,6,4,0	17	-1
818	0,0,0,1,2	8,1,1,4,2	0,4,2,0,0	6,7,15,14,15	58	-1
819	14,10,3,11,14	0,0,0,2,0	51,44,78,84,50	1,0,1,3,0	4	-1
820	0,0,0,1,1	19,18,14,17,29	1,0,0,0,0	9,8,12,5,15	4	-1
829	6,6,11,8,5	0,1,0,1,0	5,4,11,7,7	0,0,0,0,0	335	-1
830	2,0,1,1,0	1,3,0,2,2	1,1,1,1,0	0,0,11,1,4	35	-1
831	4,2,4,3,6	10,7,0,14,5	7,4,0,8,3	7,2,12,4,8	35	-1
833	0,0,1,0,0	0,0,0,0,0	1,0,1,0,0	8,6,3,0,7	72	-1
834	0,0,0,0,0	0,0,0,3,0	2,2,1,4,2	8,1,9,4,1	38	-1
835	2,0,0,2,0	0,0,0,0,1	1,0,2,2,2	0,0,0,0,0	38	-1
837	0,2,1,1,2	8,25,19,12,13	4,3,1,5,0	30,20,36,22,18	45	-1
838	6,2,1,8,1	0,0,0,1,0	23,26,10,10,14	0,0,0,0,0	56	-1
840	16,15,12,16,15	0,0,1,0,0	27,28,34,32,26	0,0,0,0,0	1432	-1
842	0,0,0,1,0	5,14,8,9,6	0,0,1,0,0	6,12,11,8,9	15	-1
843	10,4,5,14,2	1,1,1,1,0	20,15,33,16,30	0,2,1,2,0	20	-1
844	6,9,13,3,0	35,41,27,49,24	7,5,9,4,3	39,18,39,35,19	23	-1
845	2,3,2,3,2	0,0,0,0,0	6,1,1,1,3	0,0,1,0,0	614	-1
846	2,0,0,4,0	3,5,12,8,2	0,0,0,0,0	10,17,15,9,12	12	-1
849	0,0,0,3,0	0,0,0,1,0	0,0,2,0,0	0,0,0,1,0	76	-1
852	5,8,2,1,4	4,3,2,4,5	1,0,6,2,0	5,6,7,8,11	44	-1
853	0,3,4,0,2	6,4,5,6,3	18,8,11,11,2	15,19,19,17,16	11	-1
854	0,2,1,0,0	0,0,0,1,2	19,7,27,7,5	14,3,12,10,11	68	-1
855	3,0,0,3,1	81,83,92,86,96	2,2,1,2,0	165,101,160,133,123	46	-1
858	0,0,0,0,0	0,0,1,0,2	0,0,5,0,0	8,11,12,7,6	41	-1
859	1,6,4,2,3	17,25,18,13,30	3,6,4,1,0	20,23,30,16,24	139	-1
860	2,1,2,1,2	36,34,29,29,21	3,9,1,4,0	20,25,24,27,16	42	-1
862	5,2,6,4,3	13,17,20,18,15	7,4,3,3,0	5,12,10,12,9	25	-1
864	16,18,11,7,12	208,238,221,201,227	21,17,10,23,5	320,276,408,265,304	44	-1
874	1,1,0,0,0	7,0,5,12,1	1,0,4,1,0	31,33,40,50,39	45	-1
875	7,18,9,19,3	0,0,0,0,0	14,8,21,7,9	0,0,0,1,0	10	-1
881	220,141,219,169,184	2,2,4,3,2	148,211,157,181,135	1,10,0,7,2	26	-1
882	18,7,14,10,9	2,6,2,0,3	7,15,10,15,8	0,1,3,0,2	93	-1
883	0,0,4,6,7	0,0,1,0,0	4,1,0,0,1	1,0,4,1,0	32	-1
884	0,0,1,1,0	0,0,0,0,0	1,0,3,7,0	1,0,0,0,0	18	-1
887	0,0,3,0,2	0,0,3,0,5	1,0,3,1,1	5,2,6,2,2	104	-1
889	11,17,12,13,15	204,264,262,247,394	7,20,19,23,16	212,408,306,186,121	232	-1
891	6,5,4,11,3	0,1,1,0,0	12,8,9,14,11	1,0,0,0,0	24	-1
892	41,41,35,28,29	0,0,0,0,0	143,137,164,106,134	0,0,4,0,0	7	-1
894	26,15,19,21,11	4,8,1,5,2	32,14,10,15,13	4,0,5,1,0	61	-1
896	0,1,0,0,0	0,0,0,0,1	0,0,0,0,0	0,3,0,1,1	113	-1
898	0,1,0,1,0	0,0,0,1,0	2,2,1,4,0	0,1,1,2,0	9	-1
901	0,2,0,3,0	10,18,18,13,18	5,2,10,4,5	12,42,16,15,21	81	-1
906	1,2,3,2,3	16,17,23,30,43	11,8,7,7,12	103,108,73,125,59	11	-1
907	1999,2679,3185,3303,3687	4,6,1,3,0	3267,2460,2641,3280,2814	9,4,7,5,7	101	-1
908	0,0,1,1,0	0,0,0,0,0	5,6,10,6,5	0,0,1,0,0	42	-1
909	3,3,4,2,8	22,29,20,22,23	5,1,3,2,0	31,12,32,20,14	9	-1
910	45,35,43,40,38	1,3,5,2,2	32,27,39,32,17	2,1,4,0,0	302	-1
911	50,40,44,47,45	0,3,0,0,2	35,33,41,34,19	2,1,0,1,2	339	-1
912	6,8,6,9,9	0,3,0,0,2	5,7,6,2,2	2,1,0,1,2	36	-1
913	5,5,1,7,9	2,1,5,2,2	3,6,2,2,2	2,4,2,2,2	36	-1
915	4,0,0,1,0	0,1,0,1,1	2,2,8,0,14	14,7,14,19,2	20	-1
916	63,65,84,99,65	1,0,0,0,0	39,45,48,55,33	0,0,0,0,0	1645	-1
917	26,28,29,25,18	15,9,15,19,9	28,19,40,22,17	10,16,24,14,17	26	-1
922	0,1,0,0,3	0,0,2,1,0	1,1,0,2,5	0,1,0,3,1	109	-1
924	0,0,0,0,0	0,1,0,0,0	6,16,15,5,11	5,7,7,3,3	109	-1
926	8,9,7,3,3	3,5,3,13,3	10,14,11,10,16	5,4,7,11,2	228	-1
928	11,11,14,19,8	3,1,4,1,3	16,21,19,18,9	10,6,7,0,7	59	-1
929	1,9,2,2,3	19,10,10,18,15	2,2,1,6,6	10,15,21,18,8	713	-1
933	0,0,0,0,0	0,1,0,3,0	0,0,2,0,0	0,0,3,2,0	4	-1
934	0,0,0,0,0	1,1,6,3,2	0,0,0,0,1	2,3,15,17,7	15	-1
935	0,0,0,0,0	3,0,0,2,0	2,7,0,7,2	30,15,34,22,16	107	-1
936	3,3,0,0,4	0,0,0,0,0	1,9,1,2,4	0,0,0,1,0	21	-1
939	0,0,1,0,1	43,46,29,40,50	1,0,4,0,0	46,19,44,29,22	78	-1
941	0,0,0,3,2	0,0,0,2,0	4,0,6,6,1	9,3,9,5,10	20	-1
942	7,13,12,18,8	28,28,47,48,40	8,3,10,6,5	35,19,30,31,37	140	-1
943	6,1,5,4,1	1,3,5,7,4	13,7,13,8,8	11,13,17,25,10	8	-1
944	8,11,16,21,14	0,0,0,0,0	31,19,17,43,12	0,0,0,1,0	561	-1
946	6,10,8,12,7	9,8,9,16,17	26,12,15,10,15	20,24,28,13,17	11	-1
947	6,1,2,1,1	0,0,0,0,0	23,18,27,22,12	0,0,0,1,0	744	-1
949	3,0,0,0,1	4,9,7,10,9	4,2,3,3,3	32,28,37,37,17	8	-1
950	0,0,0,0,0	1,6,0,2,2	0,0,2,1,1	14,3,10,4,2	8	-1
951	4,0,0,0,1	89,69,93,95,68	0,0,0,0,0	68,64,92,67,37	57	-1
953	0,0,0,0,2	0,0,0,0,1	0,0,0,0,0	1,0,0,0,0	8	-1
954	16,31,19,22,30	0,2,0,0,0	20,27,30,30,25	0,0,0,0,0	28	-1
956	0,4,2,5,4	27,43,49,28,56	4,0,9,1,5	67,43,45,57,47	5	-1
957	14,29,27,36,12	1,0,0,0,0	47,36,44,27,22	0,0,0,0,0	11	-1
958	2,0,0,0,0	0,0,0,0,0	7,3,16,13,14	0,0,1,0,0	288	-1
960	8,1,8,7,3	1,0,1,0,0	1,5,1,10,8	0,0,0,0,0	31	-1
961	0,0,0,0,0	0,0,1,0,0	0,0,1,0,0	2,0,0,0,1	155	-1
962	0,0,1,0,0	1,3,2,1,0	2,0,0,0,1	1,2,0,3,2	154	-1
964	4,4,5,8,8	0,0,0,0,0	20,30,40,30,22	0,0,1,0,0	47	-1
966	10,7,14,6,15	0,1,0,0,0	7,14,5,11,7	1,0,0,0,1	15	-1
971	0,2,2,4,1	26,25,35,25,34	3,6,2,1,0	34,34,26,47,31	16	-1
974	0,0,0,0,0	2,2,0,3,2	0,0,0,0,1	10,6,16,4,4	24	-1
977	4,7,4,4,3	0,0,0,0,0	6,7,11,6,8	1,0,0,0,0	11	-1
978	0,1,0,0,0	14,29,10,9,13	0,0,0,0,1	3,7,6,22,6	27	-1
981	0,1,2,4,2	0,1,1,2,2	2,0,2,1,1	7,1,9,1,1	3	-1
983	2,2,4,3,3	0,0,0,0,0	7,3,9,6,2	0,0,0,1,0	40	-1
987	22,31,26,37,18	1,0,1,1,0	36,50,49,36,33	0,0,1,0,1	31	-1
988	0,0,0,0,0	1,0,1,0,0	2,1,2,0,1	0,0,0,0,0	26	-1
989	8,20,26,12,16	0,0,0,1,0	27,20,30,31,24	1,0,0,4,0	12	-1
990	4,1,9,4,0	37,50,54,38,48	2,2,4,4,2	30,38,45,38,34	9	-1
992	13,9,8,17,5	20,28,36,23,25	8,5,8,12,3	28,6,30,21,11	2	-1
993	15,6,11,8,8	0,0,0,0,1	58,43,72,60,53	0,0,2,1,0	29	-1
995	5,7,6,6,3	82,79,93,73,78	3,8,3,2,3	52,52,58,56,38	4	-1
996	5,0,1,3,1	1,0,0,0,5	29,27,27,28,17	14,7,15,13,6	107	-1
1003	0,0,0,0,0	0,0,0,2,0	3,1,2,0,0	7,2,6,10,4	2	-1
1009	1,0,2,4,0	1,4,2,3,3	10,2,5,13,3	11,10,18,19,7	14	-1
1010	0,0,1,0,0	0,0,0,0,0	0,0,0,0,0	0,0,1,0,1	2	-1
1012	0,0,0,0,0	0,0,0,1,3	1,1,1,0,0	8,1,5,11,6	14	-1
1013	0,0,0,0,0	4,7,12,18,8	0,0,2,0,0	14,9,20,19,14	22	-1
1016	0,0,0,2,0	1,3,2,3,0	0,0,1,0,0	6,9,3,5,3	3	-1
1019	218,229,217,209,247	1,0,0,0,0	97,138,112,98,92	0,0,0,0,0	44	-1
1020	2,0,0,1,0	1,2,4,1,0	6,1,2,5,1	11,0,4,8,2	11	-1
1021	96,82,92,74,143	0,0,0,1,0	36,79,57,44,52	0,2,1,0,0	1023	-1
1023	0,1,0,0,0	0,0,0,0,0	0,0,0,0,0	0,0,0,2,1	399	-1
1025	2,2,1,0,1	0,0,1,0,0	4,6,13,6,3	0,0,0,0,0	10	-1
1026	0,0,0,0,1	0,0,1,0,0	1,0,0,0,0	0,0,0,0,0	399	-1
1027	0,0,0,0,1	2,2,1,0,1	1,0,0,0,0	4,6,13,6,3	388	-1
1028	0,1,0,0,0	0,0,0,0,0	0,0,0,2,0	1,0,0,0,1	11	-1
1029	11,13,7,12,17	0,0,0,0,0	6,1,5,6,4	1,0,0,0,0	450	-1
1031	4,6,3,4,9	0,2,0,0,0	20,16,18,19,19	0,3,6,1,2	281	-1
1035	2,5,10,6,2	26,50,37,46,40	2,1,2,1,1	34,74,46,51,23	5	-1
1038	4,9,17,16,8	0,0,0,0,1	18,7,16,18,12	1,0,3,0,0	374	-1
1041	19,16,13,16,10	1,0,0,0,0	22,25,24,20,17	0,1,0,0,0	340	-1
1042	0,0,0,0,0	38,35,31,31,34	0,0,0,2,3	162,197,263,169,138	31	-1
1043	148,137,124,158,104	2,4,3,4,0	175,215,272,170,154	1,18,8,0,3	50	-1
1044	31,35,50,44,39	0,0,1,0,0	22,15,29,30,18	0,0,0,0,0	288	-1
1047	14,38,28,26,22	1,0,0,0,0	50,51,90,62,24	1,0,0,0,1	62	-1
1048	19,12,14,25,26	246,286,258,306,252	39,41,86,56,57	690,692,827,544,516	39	-1
1050	0,0,0,1,0	2,3,6,6,2	0,4,6,0,1	1,19,10,8,4	128	-1
1051	12,18,14,14,18	2,1,4,1,2	31,35,46,50,28	3,2,5,3,8	18	-1
1052	3,2,0,1,1	1,2,0,4,0	3,1,5,4,5	0,0,1,2,2	24	-1
1053	254,242,282,305,288	0,0,0,0,1	698,541,772,679,539	0,0,0,2,0	27	-1
1057	4,2,6,5,2	0,2,0,0,0	7,13,25,23,23	0,0,0,0,0	2677	-1
1058	0,0,0,1,0	3,1,4,0,2	1,0,0,0,0	1,1,3,0,0	30	-1
1059	0,2,0,0,0	0,0,0,0,0	4,2,7,1,2	0,0,0,1,0	29	-1
1060	0,0,2,2,0	10,5,17,5,5	2,0,6,4,1	40,30,35,45,36	999	-1
1062	0,0,0,0,0	29,18,36,25,20	0,0,0,0,1	39,72,40,44,31	31	-1
1064	19,32,39,33,21	1,0,3,3,1	16,16,20,7,10	1,0,3,2,0	168	-1
1065	0,1,3,0,0	4,0,0,0,1	2,3,1,0,0	1,1,1,0,0	11	-1
1067	2,3,0,3,0	0,0,0,0,0	9,19,35,28,12	3,0,8,0,0	20	-1
1070	0,0,0,3,0	0,0,0,1,0	1,2,3,2,3	1,0,0,0,2	3	-1
1072	2,4,4,2,3	14,15,12,8,8	0,0,0,0,3	17,10,9,7,10	10	-1
1074	0,0,0,0,0	21,25,20,23,23	1,0,0,0,1	92,94,129,93,73	20	-1
1075	0,0,0,0,1	0,0,0,0,0	2,1,1,3,1	1,0,0,0,0	52	-1
1076	5,4,8,9,8	13,39,53,41,66	8,12,9,14,12	71,51,68,72,50	480	-1
1077	55,74,65,61,68	0,2,0,0,4	52,20,63,66,29	0,0,1,0,0	42	-1
1078	9,5,8,6,4	1,0,0,2,0	6,5,1,13,2	1,0,0,0,0	119	-1
1079	0,0,0,0,1	0,0,0,2,0	0,1,3,0,2	1,1,0,0,0	119	-1
1082	0,1,0,0,0	0,0,0,0,0	0,0,0,0,0	0,0,0,1,0	6	-1
1083	0,0,0,0,0	1,0,0,1,0	1,0,0,0,0	8,12,13,12,9	95	-1
1085	2,2,0,3,1	1,3,1,2,1	1,0,1,0,0	0,3,1,1,4	211	-1
1087	7,9,6,6,8	683,720,669,728,826	7,12,8,9,5	580,753,654,493,466	216	-1
1091	3,3,6,5,3	0,0,0,0,0	1,5,13,8,8	2,0,0,0,1	132	-1
1092	1,0,0,1,0	2,5,2,0,0	0,0,1,0,0	4,2,6,2,3	3	-1
1096	265,215,210,216,233	164,129,129,142,106	451,514,605,406,312	228,236,224,221,132	20	-1
1097	265,215,210,216,233	17,6,8,6,10	451,514,605,406,312	18,19,20,13,16	17	-1
1098	17,6,8,6,10	164,129,129,142,106	18,19,20,13,16	228,236,224,221,132	2	-1
1099	66,33,40,53,34	0,0,0,1,1	64,50,88,50,47	1,0,2,0,1	3	-1
1102	0,2,1,0,0	1,0,0,0,2	2,7,15,0,0	0,0,3,0,0	125	-1
1103	0,1,1,2,1	2,1,5,3,1	0,0,3,2,0	1,1,1,2,2	24	-1
1104	1,0,0,2,0	1,2,1,4,0	4,2,1,4,1	4,1,4,9,2	59	-1
1107	0,1,0,0,0	6,3,4,2,7	0,1,0,0,0	38,57,58,49,35	103	-1
1109	0,1,0,3,1	13,19,27,46,26	0,0,1,0,1	32,22,40,28,21	24	-1
1110	1,0,0,0,0	2,5,1,8,0	1,1,1,1,3	11,2,12,0,86	28	-1
1112	3,1,3,4,1	18,18,15,11,8	13,3,17,11,11	75,58,112,99,77	9	-1
1115	26,28,44,39,21	0,0,0,0,1	78,79,53,56,53	0,1,0,0,0	4	-1
1116	0,0,0,0,0	3,0,0,0,0	3,4,1,0,0	1,0,0,1,0	46	-1
1117	0,0,0,0,0	1,2,0,0,4	1,0,0,0,0	3,6,2,8,5	15	-1
1118	15,27,17,26,20	0,0,0,0,0	49,29,66,51,35	1,1,1,2,2	3	-1
1119	0,6,4,3,2	0,1,0,0,0	22,27,29,24,15	1,0,0,2,0	3	-1
1121	86,99,77,90,84	0,0,0,0,0	128,164,182,142,110	0,1,1,0,0	233	-1
1122	0,0,0,0,0	1,9,0,2,2	1,4,2,0,0	9,8,20,13,8	58	-1
1123	0,0,0,0,0	56,66,54,66,58	1,0,0,0,0	78,83,116,112,88	80	-1
1125	10,5,3,7,2	0,0,0,0,0	25,42,45,37,28	2,0,0,0,0	7	-1
1133	0,0,0,0,0	3,3,0,0,4	1,0,0,0,0	25,18,42,28,12	485	-1
1135	2,0,0,5,0	0,0,0,1,0	0,0,1,0,0	0,0,0,0,0	12	-1
1138	2,0,0,3,1	22,22,23,31,25	1,1,0,0,1	20,17,21,26,17	7	-1
1147	3,1,2,5,1	0,0,0,1,2	6,2,15,7,6	1,0,0,1,0	9	-1
1149	0,0,0,0,0	32,32,29,52,40	0,1,0,0,0	47,50,31,36,18	63	-1
1152	4,2,0,2,0	19,14,18,22,23	12,9,10,3,4	66,62,102,76,54	27	-1
1153	2,6,5,7,4	0,1,0,0,0	9,3,1,7,1	1,1,0,0,0	571	-1
1164	0,1,0,0,0	56,52,66,44,69	0,0,0,0,0	17,46,28,45,30	36	-1
1168	0,0,0,1,0	7,9,11,9,5	0,0,0,0,0	8,17,9,6,2	8	-1
1170	7,11,3,13,7	5,10,2,3,7	19,31,20,22,8	10,17,20,15,9	3	-1
1171	7,11,3,13,7	8,8,2,5,2	19,31,20,22,8	15,28,13,12,16	49	-1
1172	7,11,3,13,7	1,2,0,1,2	19,31,20,22,8	8,5,2,14,7	57	-1
1173	5,10,2,3,7	8,8,2,5,2	10,17,20,15,9	15,28,13,12,16	45	-1
1174	5,10,2,3,7	1,2,0,1,2	10,17,20,15,9	8,5,2,14,7	53	-1
1175	8,8,2,5,2	1,2,0,1,2	15,28,13,12,16	8,5,2,14,7	7	-1
1176	55,82,60,64,101	526,537,546,574,697	23,48,26,29,27	279,338,286,243,230	3	-1
1178	6,1,3,4,1	16,18,26,12,21	2,3,2,2,2	12,11,19,22,17	3	-1
1180	136,135,151,143,129	0,0,0,0,0	271,220,390,267,270	0,0,1,0,0	519	-1
1182	87,87,65,89,57	0,0,0,1,0	162,151,245,131,164	0,0,0,0,0	8	-1
1185	2,0,1,1,0	3,4,3,0,3	0,0,0,1,0	13,9,14,14,18	85	-1
1188	0,0,3,0,0	2,0,0,1,2	4,0,0,1,4	10,2,5,9,4	116	-1
1189	0,0,0,0,0	0,3,0,0,2	0,0,1,2,0	6,1,8,6,3	116	-1
1193	22,19,20,30,7	30,38,28,36,24	29,26,45,23,19	42,27,19,33,31	5	-1
1195	3,3,0,6,3	17,35,45,34,33	2,6,3,1,0	15,25,26,43,24	118	-1
1196	4,6,5,7,5	0,1,2,2,0	6,8,13,10,8	1,0,5,0,0	23	-1
1197	3,7,6,10,11	0,4,1,1,0	12,13,27,21,11	2,6,5,9,2	23	-1
1203	0,0,0,1,1	0,0,0,0,0	0,0,4,1,1	0,0,0,1,0	147	-1
1204	2,2,0,0,1	0,0,0,0,0	0,0,2,0,0	0,0,0,1,0	326	-1
1205	2,2,0,0,1	0,0,0,1,1	0,0,2,0,0	0,0,4,1,1	178	-1
1211	6,3,2,6,9	35,45,26,45,41	3,7,9,11,6	72,66,109,76,75	87	-1
1215	0,0,0,0,0	2,5,4,10,6	1,1,1,1,0	17,11,14,9,16	40	-1
1216	1,0,0,7,0	1,3,1,4,1	12,1,22,17,6	13,18,20,16,8	309	-1
1226	18,18,28,22,22	25,22,21,10,19	32,24,38,24,16	12,14,21,14,13	122	-1
1227	34,69,66,54,61	0,0,0,1,2	33,19,29,26,24	0,0,0,0,0	51	-1
1228	0,2,1,1,0	0,0,0,0,0	9,1,9,3,4	2,0,0,0,0	454	-1
1230	1624,1917,2185,1990,2353	0,0,1,0,0	1863,1914,1931,1726,1438	0,0,0,0,0	475	-1
1231	0,0,0,3,3	26,35,26,24,31	0,0,1,1,2	104,56,111,85,78	3	-1
1232	0,1,0,2,0	2,5,1,1,0	0,0,0,0,0	2,3,1,2,1	18	-1
1233	34,38,43,41,28	2,5,1,1,0	81,67,73,66,57	2,3,1,2,1	199	-1
1234	34,38,43,41,28	0,1,0,2,0	81,67,73,66,57	0,0,0,0,0	180	-1
1235	18,12,24,15,29	34,49,40,54,36	4,9,10,25,6	39,28,43,32,23	20	-1
1236	1,0,0,0,1	10,12,5,7,10	5,0,9,2,1	41,40,51,45,37	5	-1
1238	0,0,1,0,0	2,6,3,6,10	0,0,0,0,0	14,28,12,10,11	1723	-1
1242	0,5,5,2,1	53,57,75,72,75	7,6,5,0,6	120,154,133,115,100	104	-1
1247	2,5,7,7,5	0,0,0,0,0	17,5,13,8,11	0,0,0,0,3	28	-1
1248	48,35,65,43,36	1,0,3,2,0	63,78,104,90,59	0,0,0,2,0	65	-1
1249	6,1,5,4,3	12,10,6,14,12	12,5,10,11,4	19,13,12,8,2	1561	-1
1250	0,0,0,0,0	78,69,92,104,83	0,2,2,1,0	137,154,159,123,115	147	-1
1252	13,8,4,5,6	170,141,149,179,146	5,6,15,8,9	273,131,221,151,191	2	-1
1253	10,11,16,15,17	0,0,0,0,0	39,29,42,44,21	0,0,0,2,0	454	-1
1255	0,0,0,0,0	1,3,6,1,4	0,0,0,1,0	1,3,1,3,2	3	-1
1256	2,0,1,1,1	16,24,13,32,14	1,0,7,8,2	80,47,92,60,55	5	-1
1258	0,7,1,1,5	1,2,2,2,4	9,20,22,7,9	22,11,20,17,14	137	-1
1264	1,0,0,0,1	2,0,3,1,0	0,0,1,0,0	8,4,14,5,9	9	-1
1267	0,0,0,0,0	10,1,0,9,18	0,0,0,1,0	20,19,24,22,13	78	-1
1268	3,1,3,1,1	5,0,0,0,0	2,3,4,3,3	0,0,1,2,4	46	-1
1269	0,1,0,0,0	0,1,0,0,0	0,0,0,0,0	2,2,6,0,0	7	-1
1270	2142,2505,2498,2440,2899	0,1,2,1,3	1209,1822,1516,1252,1103	0,4,2,2,2	81	-1
1271	0,0,0,1,0	1,1,5,0,1	0,2,4,2,0	11,22,8,12,10	66	-1
1272	50,44,42,41,34	0,0,0,0,0	136,104,189,130,100	0,2,0,0,0	270	-1
1274	44,29,48,51,35	17,9,14,14,8	67,57,68,47,45	15,13,11,8,18	11	-1
1275	44,29,48,51,35	5,3,5,2,6	67,57,68,47,45	3,6,7,6,9	200	-1
1276	17,9,14,14,8	5,3,5,2,6	15,13,11,8,18	3,6,7,6,9	188	-1
1278	25,16,15,25,11	0,0,0,0,0	585,647,1124,919,414	0,0,3,0,1	34	-1
1280	0,0,1,0,0	0,0,0,0,0	1,0,0,0,0	0,3,0,0,0	99	-1
1282	4,5,6,6,2	0,0,0,0,0	13,12,2,16,5	0,4,0,0,0	155	-1
1284	0,0,1,0,0	54,46,40,38,55	1,2,4,2,0	125,176,185,141,108	46	-1
1285	0,2,1,2,1	1,0,4,1,0	3,1,7,5,2	2,3,0,4,3	77	-1
1286	0,6,1,3,0	15,22,21,15,14	9,0,6,8,1	28,30,50,15,29	1357	-1
1288	0,0,1,3,0	2,6,3,9,5	2,3,2,1,6	10,11,12,8,8	14	-1
1289	0,0,1,5,0	3,1,0,2,0	2,3,2,0,2	2,1,5,3,2	14	-1
1290	0,0,0,0,0	0,0,0,2,0	0,0,0,1,0	1,0,0,2,3	11	-1
1292	0,0,0,3,3	0,1,0,0,0	1,4,7,5,6	4,7,2,3,1	2	-1
1293	65,55,52,48,50	0,0,0,0,0	46,49,94,81,75	1,0,0,0,0	2564	-1
1294	6,1,5,2,3	0,0,0,0,0	64,40,96,58,36	8,1,9,6,7	149	-1
1295	6,5,7,3,2	1,0,3,0,0	4,4,6,9,3	0,1,0,2,0	41	-1
1296	2,2,0,1,2	94,85,113,87,99	0,0,1,0,0	52,72,64,53,50	395	-1
1299	1,0,0,0,1	2,2,0,0,1	0,0,0,0,1	3,3,3,5,4	3	-1
1300	7,8,5,7,2	19,20,31,17,14	2,4,3,6,2	26,30,20,15,18	3	-1
1301	34,31,23,40,16	0,0,0,0,0	93,60,89,60,64	0,0,1,0,0	38	-1
1303	0,1,2,1,0	0,0,0,0,0	4,2,2,4,5	3,0,3,4,2	26	-1
1305	3,6,7,8,12	0,0,0,0,0	33,31,75,50,30	0,0,0,1,0	674	-1
1306	12,12,16,4,6	438,481,500,393,517	6,24,9,20,6	276,461,329,277,207	120	-1
1308	194,155,172,213,185	0,0,0,0,1	247,191,246,180,165	0,0,0,0,0	155	-1
1310	8,7,2,5,8	16,16,16,14,14	2,8,1,7,4	9,7,20,5,18	29	-1
1311	0,0,0,0,0	1,2,1,0,4	0,2,0,0,0	0,0,1,1,0	29	-1
1312	2,2,9,1,4	39,40,30,48,51	8,1,0,5,2	41,49,55,37,32	33	-1
1313	5,3,5,7,4	24,18,20,36,35	5,1,12,10,6	37,56,44,36,35	55	-1
1314	0,1,2,0,0	5,0,4,3,0	1,0,1,4,0	6,5,8,5,8	72	-1
1316	0,0,0,0,0	12,7,5,6,1	2,0,0,1,0	26,48,69,41,22	3	-1
1317	5,10,7,6,9	1,0,0,4,2	4,7,8,6,3	2,1,2,5,1	11	-1
1328	1,1,6,5,2	1,0,0,0,0	0,0,3,3,0	0,0,0,0,0	47	-1
1329	6,4,3,9,0	2,2,0,0,0	4,2,1,6,1	0,0,0,0,0	28	-1
1333	3,2,1,2,0	0,0,0,0,1	2,1,0,2,2	0,1,0,2,1	49	-1
1334	1,1,0,1,0	0,0,0,0,2	5,3,8,5,0	5,8,21,3,2	9	-1
1336	4,0,1,2,1	18,17,22,18,11	2,2,0,0,0	22,10,24,21,19	12	-1
1337	3,2,2,7,2	0,0,1,2,0	19,13,17,10,13	4,5,5,4,1	26	-1
1338	1,3,2,1,2	0,0,0,0,0	7,6,15,4,9	1,2,1,0,1	92	-1
1340	5,4,3,4,0	151,133,175,135,140	4,6,6,5,6	247,320,296,223,162	23	-1
1341	0,1,0,0,0	23,8,6,17,8	0,1,1,0,0	16,22,15,20,12	23	-1
1342	81,101,108,124,111	1,0,1,0,0	71,119,80,93,81	0,1,0,0,0	150	-1
1344	12,29,19,19,9	6,8,10,9,2	44,31,45,53,42	29,24,42,54,29	2	-1
1345	0,0,0,0,0	0,0,1,1,1	3,8,7,3,5	1,0,3,4,0	83	-1
1349	0,1,1,1,3	0,0,0,1,0	2,0,1,2,0	0,0,0,0,0	151	-1
1350	23,10,18,19,12	1,0,0,0,0	2,19,13,11,8	0,0,0,0,0	59	-1
1353	0,0,1,0,3	0,1,0,0,0	0,0,0,0,0	0,0,1,0,0	23	-1
1354	15,12,15,20,10	0,0,0,3,0	25,18,23,20,12	5,0,0,3,1	45	-1
1356	91,68,48,60,55	0,0,0,0,1	97,90,115,96,65	0,0,0,0,0	328	-1
1357	0,0,0,0,0	0,1,0,0,0	0,0,0,0,1	0,0,0,0,0	329	-1
1358	0,0,5,0,3	0,0,0,0,0	12,5,13,12,5	0,2,1,6,0	329	-1
1359	0,0,0,3,4	0,0,0,0,0	8,10,22,6,8	1,1,4,0,1	167	-1
1362	2,0,1,1,0	0,0,1,0,0	3,3,4,6,3	2,3,2,1,4	47	-1
1366	5,7,7,5,8	0,4,1,1,0	13,8,22,13,12	1,1,2,0,0	30	-1
1369	2,1,2,0,1	19,28,27,16,33	1,1,1,0,1	48,40,49,51,44	78	-1
1370	3,2,2,3,10	26,24,25,36,28	1,0,1,1,5	44,25,40,42,43	10	-1
1372	0,0,0,0,0	4,4,2,4,3	1,0,0,0,1	21,43,37,32,22	168	-1
1373	0,0,0,0,0	2,4,1,4,1	0,1,0,0,0	1,2,5,3,1	111	-1
1382	1,3,0,0,0	0,0,0,0,0	0,0,0,0,0	1,0,0,0,0	59	-1
1385	2,0,0,0,0	8,1,1,6,2	3,1,1,6,3	17,21,18,9,5	25	-1
1386	1,1,0,0,0	2,3,3,0,3	1,3,4,3,1	10,17,34,9,10	11	-1
1387	9,8,5,17,9	0,0,0,0,0	107,138,202,117,103	0,4,0,0,1	338	-1
1389	0,0,0,0,0	0,0,1,0,0	0,0,1,0,0	0,0,0,0,0	55	-1
1393	1,0,0,0,0	2,0,0,0,1	0,0,1,0,1	0,0,2,2,0	27	-1
1397	0,0,0,0,0	1,0,0,0,0	3,1,1,1,0	0,0,2,0,0	17	-1
1399	0,0,0,0,0	2,0,1,0,1	0,0,1,3,0	4,2,1,0,5	164	-1
1401	0,0,0,0,0	8,3,5,4,2	1,2,0,0,1	29,24,35,23,27	7	-1
1403	50,41,45,42,48	0,0,0,0,0	24,16,31,21,28	1,0,2,0,0	450	-1
1407	0,0,0,1,0	0,0,0,0,0	1,1,0,2,3	0,1,1,0,0	26	-1
1408	0,0,0,1,2	7,3,9,9,11	0,0,0,1,0	4,8,2,9,7	368	-1
1409	44,41,40,34,47	0,0,0,1,0	62,27,51,52,47	0,0,0,0,0	380	-1
1413	4,2,0,1,0	0,0,0,0,3	3,10,2,3,1	0,3,0,0,0	20	-1
1414	2,0,0,0,0	0,0,0,0,0	7,3,3,6,5	1,0,0,0,0	20	-1
1415	9,4,8,3,1	5,0,1,0,0	16,10,8,17,13	0,2,2,1,0	1	-1
1416	71,55,34,72,63	18,5,6,4,10	109,48,75,80,67	16,11,9,14,12	8	-1
1417	4,4,8,10,9	1,0,0,0,0	1,7,8,13,3	2,0,0,5,1	8	-1
1419	1,0,0,0,0	0,0,0,0,0	1,0,2,0,2	0,0,1,0,0	12	-1
1420	8,2,3,6,2	78,81,54,67,57	18,13,42,13,18	226,338,348,205,199	9	-1
1421	0,1,0,0,0	0,0,0,1,4	3,5,0,2,0	5,0,0,3,0	9	-1
1422	0,0,0,0,0	7,11,9,7,17	0,3,0,0,0	9,11,22,23,10	70	-1
1423	6,5,12,7,7	5,10,5,11,2	64,52,54,63,49	44,41,59,50,30	47	-1
1428	3,1,0,2,3	72,54,73,60,78	2,0,0,2,1	67,103,51,50,41	44	-1
1429	11,8,8,12,12	0,0,0,0,0	17,14,20,18,13	0,0,1,0,0	2466	-1
1430	53,54,61,53,67	0,0,0,2,3	43,46,53,41,35	1,0,0,0,3	72	-1
1432	0,0,2,0,1	0,0,1,0,0	5,5,8,2,5	1,5,3,0,0	203	-1
1434	56,34,37,50,25	0,2,1,0,0	107,75,141,105,111	3,3,0,0,5	327	-1
1435	82,79,65,71,58	0,0,0,0,0	175,167,177,160,139	0,0,0,0,2	365	-1
1436	0,1,1,2,0	3,0,0,0,0	0,0,0,0,0	1,1,0,0,0	84	-1
1437	4,1,3,4,1	3,2,3,7,6	5,4,6,2,6	2,0,7,5,1	18	-1
1439	130,119,103,148,130	0,0,3,0,0	95,72,75,52,83	1,0,0,0,0	5	-1
1441	14,23,21,44,26	51,35,36,31,30	36,7,20,12,9	13,12,12,13,9	118	-1
1444	0,0,5,1,0	0,0,0,0,0	1,0,2,6,0	0,0,1,1,1	228	-1
1446	12,13,4,9,6	0,0,0,0,0	28,19,24,22,12	1,0,0,3,1	33	-1
1448	49,58,59,69,48	0,0,0,0,0	52,27,60,41,42	0,1,0,0,0	789	-1
1451	1,1,6,9,2	0,1,1,1,0	6,4,6,2,2	5,5,1,0,0	108	-1
1452	2,7,6,6,4	1,2,1,5,1	0,0,2,3,1	0,0,0,0,0	108	-1
1453	21,19,16,15,17	29,18,30,26,23	18,12,12,19,10	18,26,23,24,22	108	-1
1454	0,0,0,0,0	29,18,30,26,23	0,0,1,0,0	18,26,23,24,22	179	-1
1455	0,0,0,0,0	21,19,16,15,17	0,0,1,0,0	18,12,12,19,10	70	-1
1456	1,0,0,0,11	0,1,6,4,8	14,7,15,5,8	1,0,2,5,0	91	-1
1457	0,0,0,0,1	0,0,0,0,0	0,4,0,0,1	1,0,1,0,0	91	-1
1458	0,2,1,1,0	1,3,1,2,4	2,0,0,0,0	4,3,1,6,0	108	-1
1462	0,3,1,0,3	0,0,2,4,5	3,0,3,2,3	0,0,0,7,5	17	-1
1464	0,3,4,2,1	0,0,3,2,3	10,13,14,13,13	12,18,29,26,11	47	-1
1465	59,72,74,66,54	3,3,0,7,2	46,65,67,66,27	1,6,6,1,5	71	-1
1470	4,3,2,4,4	0,0,0,0,0	1,3,2,0,1	1,0,0,1,0	485	-1
1471	55,93,99,80,98	2,9,5,6,1	25,20,25,27,22	3,1,6,1,7	485	-1
1477	0,2,2,1,1	0,0,0,0,0	19,26,36,40,14	8,1,5,0,1	56	-1
1479	12,6,7,12,8	0,0,0,1,0	3,0,2,2,5	0,0,0,0,0	33	-1
1481	10,11,13,6,8	0,0,0,0,0	14,5,17,24,14	0,0,0,0,1	312	-1
1482	47,48,43,50,41	0,1,0,0,1	29,33,48,44,33	0,0,0,0,0	202	-1
1483	5,0,2,4,2	92,83,103,98,80	10,7,11,4,0	69,114,80,65,61	29	-1
1485	3,0,2,2,1	6,13,9,9,7	1,0,2,1,1	16,17,28,24,21	12	-1
1488	2,3,3,6,2	0,0,4,1,0	2,1,5,2,4	3,0,0,2,0	59	-1
1491	1,0,0,0,0	2,0,1,0,1	6,0,4,1,2	0,0,0,1,0	2316	-1
1493	137,121,120,137,120	0,0,2,0,0	144,176,103,137,93	0,2,0,0,0	156	-1
1494	0,0,0,0,0	0,1,2,1,1	0,0,1,0,0	3,0,4,3,1	8	-1
1496	6,9,1,7,1	1,5,5,4,1	18,6,18,10,11	2,0,3,6,3	46	-1
1497	11,11,13,9,12	2,0,1,2,0	26,3,20,13,20	0,0,0,1,0	18	-1
1498	17,14,11,10,7	0,2,3,3,0	20,5,16,19,12	1,1,4,2,2	83	-1
1499	1214,1173,1312,1152,1491	0,0,0,0,2	993,725,1162,888,859	0,0,0,0,0	5323	-1
1501	4,5,1,3,3	74,46,62,76,56	2,6,4,8,3	102,83,108,90,77	4	-1
1502	0,3,0,4,2	0,0,0,0,1	1,6,1,1,4	0,0,1,1,0	364	-1
1504	4,2,2,3,1	43,79,67,50,80	2,3,4,4,0	46,35,50,57,38	8	-1
1505	7,10,5,2,6	0,0,1,0,0	13,34,35,47,24	6,3,1,2,0	10	-1
1506	9,13,7,14,3	10,6,11,9,6	37,38,63,48,29	35,30,41,41,18	5	-1
1507	9,13,13,15,18	0,0,0,0,1	22,18,10,20,17	0,0,0,0,0	229	-1
1508	3,4,3,2,2	13,12,11,8,7	9,5,11,7,9	35,27,38,17,31	20	-1
1509	10,8,14,3,6	210,205,252,205,186	18,14,10,12,11	213,238,298,212,170	76	-1
1510	0,0,0,0,2	4,0,0,2,0	2,0,7,0,4	35,16,48,31,26	8	-1
1511	1,0,0,1,0	72,46,54,43,51	0,1,0,0,1	95,105,133,102,86	3	-1
1512	7,8,12,8,7	0,0,1,0,1	23,5,26,28,8	0,0,0,6,1	7	-1
1513	0,0,0,0,0	92,102,129,122,128	0,0,1,0,0	77,55,65,67,57	42	-1
1516	0,0,0,1,2	0,1,1,3,0	0,0,1,1,0	0,1,1,0,0	126	-1
1519	17,12,5,9,5	27,23,18,16,20	7,10,13,8,2	36,31,34,31,28	8	-1
1520	65,84,51,65,61	0,2,1,1,0	109,100,119,92,80	0,0,1,0,0	139	-1
1521	154,164,130,141,121	0,2,1,1,0	142,159,196,170,145	0,0,1,0,0	154	-1
1522	155,167,132,148,124	65,84,51,65,61	148,166,199,172,148	109,100,119,92,80	14	-1
1523	49,45,29,47,16	0,0,0,0,0	34,26,24,26,21	1,0,0,0,0	217	-1
1524	170,169,155,170,146	9,3,5,7,3	133,165,140,142,108	13,1,8,7,8	217	-1
1528	0,1,0,1,0	32,28,38,52,34	0,0,0,0,0	27,43,36,37,33	121	-1
1529	0,1,1,0,0	1,3,0,1,2	0,2,2,1,0	4,7,6,10,8	17	-1
1531	11,10,7,13,9	0,0,0,0,0	22,16,34,27,19	0,1,0,0,0	249	-1
1532	0,0,0,0,0	0,1,1,0,0	0,0,0,1,0	2,1,0,0,1	3	-1
1537	1,3,0,1,0	0,0,0,0,0	1,4,6,3,3	0,1,0,1,0	470	-1
1539	2,0,3,3,0	0,0,0,3,0	1,5,3,2,2	5,2,2,3,3	3	-1
1541	69,58,97,99,69	1,1,1,4,2	55,47,73,44,65	0,0,3,2,2	8	-1
1542	0,0,0,0,0	0,0,0,1,0	0,0,2,2,0	0,0,0,0,0	8	-1
1544	0,0,0,2,0	1,0,0,5,1	0,3,4,0,0	4,3,6,3,1	121	-1
1546	1,2,0,0,0	0,0,0,0,0	1,0,1,1,0	0,0,1,0,0	118	-1
1547	0,0,1,0,0	4,3,0,8,10	0,2,1,1,0	14,11,17,20,24	208	-1
1549	3,5,2,3,2	0,0,0,0,0	13,13,27,17,24	1,0,0,0,1	84	-1
1550	37,31,26,36,37	3,4,5,4,3	34,62,26,21,23	3,1,7,1,2	33	-1
1553	16,7,9,6,3	0,0,2,2,0	19,30,30,14,12	0,2,0,0,0	356	-1
1554	3,3,5,2,6	13,11,2,10,3	8,6,9,1,10	11,26,16,1,13	32	-1
1558	16,21,20,25,22	0,0,0,0,1	10,14,9,5,8	0,0,0,0,0	356	-1
1559	2,2,0,2,1	3,1,0,7,3	2,0,2,1,0	5,9,6,8,6	10	-1
1560	7,9,3,2,13	0,0,0,0,0	42,28,49,34,28	3,0,6,3,5	292	-1
1562	0,0,3,0,0	16,17,27,16,26	0,2,2,2,0	17,12,25,22,10	70	-1
1563	135,144,146,100,140	0,0,0,0,0	93,149,117,95,74	0,0,1,0,0	209	-1
1564	190,198,190,178,179	0,1,0,4,1	155,225,183,148,115	5,1,0,5,0	229	-1
1565	274,280,294,281,238	0,0,0,0,0	242,291,280,212,146	0,0,1,0,0	334	-1
1566	1,0,1,0,0	0,0,0,0,1	3,0,1,3,1	0,0,0,0,1	229	-1
1567	81,101,112,141,105	197,169,202,184,161	93,112,91,68,60	158,175,200,178,93	311	-1
1568	282,275,318,340,279	3,0,2,4,1	243,241,280,207,145	1,1,1,0,0	462	-1
1569	49,56,51,58,60	0,0,1,2,0	120,111,114,96,72	3,1,3,1,3	224	-1
1572	1,3,3,2,1	28,37,27,37,20	2,0,3,2,0	37,49,32,24,20	78	-1
1573	0,0,0,0,0	6,10,7,9,7	1,0,0,0,1	24,9,21,26,17	27	-1
1576	2,8,6,7,6	0,0,0,0,0	27,20,49,31,25	1,2,0,2,1	8	-1
1577	4,4,6,3,4	1,1,0,0,0	31,7,27,20,5	3,3,1,0,0	14	-1
1580	8,10,3,13,6	0,0,0,1,0	14,5,16,18,12	0,0,0,0,0	229	-1
1581	1,2,1,2,1	10,19,11,14,20	0,0,3,1,1	8,12,13,21,23	9	-1
1582	0,0,1,0,0	0,1,0,2,0	0,0,0,0,0	1,0,0,1,0	11	-1
1588	6,15,15,8,6	0,1,0,0,0	4,10,5,9,3	0,0,0,0,0	29	-1
1589	8,16,22,10,8	0,0,2,3,1	7,10,6,10,3	0,0,2,4,0	46	-1
1590	2,2,7,2,2	0,0,2,3,1	3,0,1,1,0	0,0,2,4,0	16	-1
1591	0,0,0,0,0	3,0,2,1,0	8,6,10,1,3	20,25,34,16,15	207	-1
1592	6,3,1,3,0	48,81,62,54,58	0,2,4,0,0	43,42,38,28,23	43	-1
1601	0,0,0,0,0	29,20,19,23,26	2,1,2,0,0	60,79,56,48,40	151	-1
1604	0,5,1,1,0	29,29,22,23,30	1,1,0,0,0	32,23,47,49,21	6	-1
1606	0,0,0,2,0	1,4,8,5,5	2,0,2,0,1	10,6,12,11,7	58	-1
1607	0,0,0,2,0	0,0,0,2,0	2,0,2,0,1	0,0,2,0,0	63	-1
1608	1,4,8,5,5	0,0,0,2,0	10,6,12,11,7	0,0,2,0,0	4	-1
1610	7,15,11,9,12	9,12,12,19,12	7,6,22,12,13	9,12,12,17,17	20	-1
1614	1,4,4,3,6	44,50,42,57,33	4,10,9,10,3	117,58,96,98,70	43	-1
1615	40,53,46,40,42	0,0,0,0,2	100,61,99,93,73	0,0,0,0,0	158	-1
1616	321,272,269,318,266	1,1,0,2,0	685,452,741,585,501	0,5,2,1,2	149	-1
1617	0,0,0,0,2	2,1,1,7,1	0,0,0,0,0	3,9,1,5,5	264	-1
1620	7,19,18,19,8	2,3,2,0,0	40,41,40,37,32	1,1,0,1,0	24	-1
1623	11,10,9,10,10	54,83,102,92,62	6,16,10,4,9	29,46,26,43,31	28	-1
1624	0,0,0,0,4	3,8,4,5,1	2,0,0,0,0	13,21,37,11,10	926	-1
1625	52,31,47,63,81	354,201,187,237,539	9,49,16,5,8	87,238,124,43,123	262	-1
1626	5,2,3,4,6	5,8,1,1,2	3,6,6,4,4	3,9,18,4,3	602	-1
1629	1,0,3,1,3	0,1,1,0,0	1,2,0,3,1	0,2,1,0,0	718	-1
1630	11,9,7,5,5	0,0,0,0,0	8,2,3,14,6	0,2,0,0,0	357	-1
1631	1,4,2,5,0	3,7,13,3,3	2,0,3,2,2	10,2,16,6,5	11	-1
1635	2,5,1,2,6	86,105,97,93,124	0,6,4,2,1	86,84,103,64,48	57	-1
1636	2,5,1,3,6	86,105,97,93,124	1,6,4,3,1	86,84,103,64,48	76	-1
1640	0,0,0,0,0	1,4,2,0,0	0,2,7,3,1	4,4,3,10,1	29	-1
1643	0,0,0,0,0	1,0,0,0,0	0,0,1,1,1	3,2,4,4,0	479	-1
1650	39,50,60,56,75	2,2,1,4,4	68,93,94,82,48	1,1,1,1,1	34	-1
1652	10,11,10,13,4	5,5,0,3,7	25,9,22,14,16	10,2,3,6,5	16	-1
1655	0,0,0,1,0	1,0,0,0,0	2,0,4,0,0	0,0,0,0,0	11	-1
1656	56,68,69,92,85	416,371,415,417,363	117,69,104,91,68	482,396,484,447,323	74	-1
1658	1,0,1,0,1	47,57,60,48,74	0,3,0,2,0	137,90,128,98,77	7	-1
1660	13,16,11,15,9	0,0,0,0,0	102,77,117,74,74	0,0,2,0,1	534	-1
1661	1,2,0,4,1	18,11,15,18,12	2,0,2,2,1	19,11,18,13,11	16	-1
1663	10,10,15,13,3	2,0,0,2,0	21,5,14,28,15	3,0,2,0,1	86	-1
1664	0,0,0,0,0	3,5,7,6,3	0,0,1,0,2	12,17,16,2,11	99	-1
1666	3,0,0,0,0	33,32,28,33,19	0,0,2,1,0	12,18,25,30,11	304	-1
1668	1,2,1,1,0	0,0,1,1,0	1,0,6,2,4	1,0,3,3,0	5	-1
1670	3,3,5,1,4	0,0,1,0,0	4,7,9,5,1	2,1,1,3,1	10	-1
1672	1646,1736,1963,2070,1946	0,0,0,0,0	1898,2496,2335,2218,1699	0,0,0,1,0	95	-1
1677	0,0,0,1,0	0,0,3,1,0	0,0,5,0,0	0,0,1,1,0	26	-1
1680	0,0,0,0,0	3,0,0,1,0	2,0,3,0,0	6,1,4,5,2	6	-1
1682	1,0,1,2,0	20,16,17,15,17	1,4,3,0,0	25,30,22,29,24	7	-1
1684	0,0,0,1,0	0,0,0,0,0	1,0,0,0,0	0,0,3,0,0	162	-1
1685	5,4,1,2,1	3,1,0,0,0	0,0,1,1,0	0,0,2,0,0	8	-1
1687	0,3,0,3,0	7,8,5,8,2	1,2,0,2,0	1,19,13,6,7	351	-1
1689	2,1,0,4,1	0,0,0,0,0	16,9,22,10,7	0,0,0,2,0	66	-1
1696	5,7,10,5,4	0,1,0,2,1	8,8,16,8,9	2,2,1,1,5	115	-1
1697	0,0,2,1,0	0,0,0,1,0	3,2,3,1,1	0,0,0,0,1	115	-1
1698	0,2,1,4,0	0,1,0,0,0	2,2,4,0,2	0,0,0,2,0	115	-1
1699	9,13,2,8,13	0,0,0,0,0	26,28,34,12,11	0,0,1,0,0	285	-1
1700	5,0,1,5,6	1,14,4,5,6	7,6,10,4,1	4,2,16,17,3	5	-1
1701	1,3,2,2,2	0,0,0,1,3	9,12,7,4,5	3,0,1,0,3	37	-1
1702	24,21,24,26,25	8,4,3,6,3	71,78,109,83,51	15,8,18,13,11	25	-1
1703	1,5,10,10,16	0,0,0,0,0	7,10,7,6,0	1,0,0,0,0	1174	-1
1704	557,573,554,598,420	0,0,1,0,0	772,1079,1013,827,760	0,0,0,1,0	133	-1
1705	0,3,0,4,0	0,0,0,0,0	1,0,1,1,1	0,0,3,0,0	617	-1
1706	6,5,3,6,1	1,0,0,0,0	0,4,1,7,0	3,0,0,0,0	617	-1
1707	2,5,4,0,1	0,0,0,1,0	1,1,7,1,1	0,0,0,0,0	3	-1
1708	5,5,5,7,4	3,1,1,1,0	7,5,7,9,4	0,0,4,0,0	3	-1
1709	18,14,10,12,18	0,0,0,1,0	27,32,24,32,23	1,0,0,0,0	269	-1
1710	4,2,2,1,5	383,405,455,352,442	1,2,2,5,2	361,707,382,384,308	19	-1
1711	1,3,4,2,4	1,4,0,0,1	4,4,1,5,2	0,2,4,1,0	8	-1
1712	19,20,32,22,12	17,17,16,20,9	57,39,42,49,27	34,33,31,31,15	8	-1
1714	0,1,0,3,1	0,0,0,0,0	7,7,12,11,10	1,4,3,3,1	8	-1
1716	15,18,19,27,17	0,0,1,0,0	21,26,37,37,21	0,0,0,0,0	68	-1
1717	19,35,50,50,24	3,4,11,7,8	34,23,43,52,28	5,2,3,8,13	88	-1
1718	4,9,1,8,5	1,0,0,0,0	26,9,25,39,19	7,0,1,0,1	13	-1
1719	30,19,34,32,26	0,1,2,0,3	76,70,104,98,60	2,4,3,0,0	78	-1
1720	2,0,0,0,0	1,0,0,0,0	0,1,1,0,0	0,0,1,0,0	38	-1
1721	0,0,0,0,0	3,6,6,5,5	6,1,0,0,4	65,56,79,87,48	46	-1
1725	106,122,119,131,107	2,0,1,3,1	191,115,210,137,125	2,0,0,3,1	152	-1
1728	95,78,37,73,48	2,0,0,0,2	52,38,67,40,36	2,0,0,0,2	1085	-1
1729	0,0,0,0,0	0,1,0,0,0	0,0,1,0,0	0,1,1,2,0	3	-1
1730	5,2,1,0,0	2,1,2,0,1	7,9,10,9,15	7,3,5,6,4	11	-1
1731	0,0,0,0,0	5,3,3,3,2	0,0,1,1,1	7,18,30,11,11	3	-1
1732	23,23,19,13,17	0,0,1,0,0	16,11,17,12,7	0,0,0,0,0	6	-1
1734	1,0,1,1,3	4,2,1,5,4	4,0,0,1,0	22,22,44,18,15	8	-1
1736	35,18,19,17,9	18,25,23,15,13	35,31,56,33,19	38,18,65,12,17	80	-1
1737	931,1123,1223,1218,1232	2,4,3,2,1	666,818,800,663,530	2,3,0,1,2	3495	-1
1738	0,0,0,0,0	0,1,0,0,0	0,0,0,1,0	0,0,2,1,1	176	-1
1740	59,46,34,86,14	0,1,0,0,0	93,48,76,41,88	0,0,0,0,0	330	-1
1741	0,1,0,0,2	7,6,5,11,0	2,1,0,0,0	13,7,16,8,7	10	-1
1743	1,0,3,1,2	1,0,2,2,1	4,3,0,6,2	13,0,14,15,8	29	-1
1744	0,0,0,1,2	1,1,1,0,0	3,0,1,0,2	2,2,4,7,0	29	-1
1747	0,2,0,1,2	5,0,1,3,3	6,4,3,5,4	6,2,17,5,6	8	-1
1748	2,4,4,7,10	0,1,3,2,1	13,4,12,13,5	5,0,7,10,5	14	-1
1751	4,6,3,3,1	0,0,1,0,1	7,4,7,8,6	1,0,1,1,0	6	-1
1753	0,5,2,6,5	0,2,1,1,8	19,7,15,9,2	15,2,5,15,6	101	-1
1756	0,0,0,1,0	14,19,18,29,15	0,0,0,0,0	23,23,41,52,33	3	-1
1757	10,12,11,7,6	0,0,0,0,0	18,20,21,8,26	0,2,2,3,1	268	-1
1758	269,332,292,311,383	0,0,0,1,1	185,177,200,179,139	0,1,0,0,0	628	-1
1759	0,0,3,4,1	20,21,14,27,21	0,0,0,0,0	7,5,3,7,16	149	-1
1761	36,35,30,45,22	11,16,17,10,13	63,51,103,67,71	30,12,42,29,31	8	-1
1764	65,38,21,62,42	53,30,43,55,30	82,21,47,32,36	73,28,46,38,49	43	-1
1766	1,0,0,0,0	87,82,110,83,75	0,0,0,0,1	63,108,69,84,70	15	-1
1767	6,12,12,5,3	0,0,0,0,0	20,15,30,14,19	3,8,4,0,0	203	-1
1770	12,12,9,13,13	3,10,3,6,3	50,41,59,49,36	18,33,30,29,22	11	-1
1774	135,131,152,158,173	0,2,1,0,0	90,87,111,85,105	0,0,0,0,0	1341	-1
1776	0,0,0,0,0	0,0,3,1,0	0,1,0,0,0	2,1,1,7,2	20	-1
1781	21,14,6,13,9	1,0,1,4,0	29,29,33,25,9	1,0,0,0,0	153	-1
1782	58,42,47,48,60	3,2,3,5,7	63,89,64,47,43	4,11,5,1,1	128	-1
1784	8,8,12,4,14	2,1,0,0,0	7,16,17,7,11	0,0,0,0,1	33	-1
1787	1,1,0,1,0	23,19,15,16,21	3,0,0,0,0	32,44,71,40,23	27	-1
1791	5,5,0,1,4	0,0,0,0,0	19,13,14,5,9	0,0,1,0,0	257	-1
1793	1,2,3,1,1	5,1,7,2,0	6,1,7,5,0	7,8,15,12,6	17	-1
1799	144,159,152,162,169	6,14,8,5,9	171,89,210,173,137	6,6,9,15,8	35	-1
1800	562,644,649,675,692	0,0,0,0,0	1176,832,1047,953,829	0,0,0,0,1	84	-1
1805	11,5,1,9,2	0,0,0,0,0	65,63,84,43,73	9,2,9,5,6	10	-1
1807	2,0,1,2,4	1,0,0,0,0	2,4,10,8,4	2,0,0,0,0	451	-1
1812	1,6,5,2,5	0,0,0,0,0	5,1,5,9,2	0,0,0,1,0	36	-1
1829	1,0,1,0,0	30,44,64,52,54	0,0,0,1,0	42,29,47,26,23	45	-1
1833	2,8,2,3,2	0,0,0,0,0	12,15,14,15,10	0,2,1,1,5	79	-1
1834	2,9,3,4,2	0,0,0,0,1	12,19,20,23,11	9,11,16,3,8	184	-1
1835	0,1,1,1,0	0,0,0,0,1	0,6,7,9,6	9,11,16,3,8	104	-1
1837	5,9,6,17,7	16,15,20,20,16	39,12,23,22,22	62,61,116,100,82	353	-1
1842	8,5,3,12,7	0,0,0,0,0	28,48,27,35,14	0,6,3,6,2	32	-1
1843	1,0,0,0,0	0,0,1,0,0	2,0,0,0,0	0,0,0,1,0	47	-1
1845	9,11,11,8,10	1,11,5,2,8	10,4,8,13,8	6,2,5,1,1	56	-1
1847	36,36,30,59,46	2,2,0,1,2	15,12,20,12,12	4,0,1,0,0	96	-1
1849	0,2,0,0,0	0,0,0,0,0	0,0,3,0,0	0,0,0,2,0	8	-1
1850	0,0,0,0,2	0,0,0,0,0	6,0,0,0,0	0,0,1,0,0	110	-1
1851	5,6,5,10,4	0,0,3,0,1	24,11,40,16,16	8,3,5,1,5	29	-1
1854	0,1,0,0,0	28,26,41,35,27	0,0,0,0,0	29,19,37,35,23	13	-1
1855	1,0,4,1,2	1,0,0,1,0	5,9,3,4,7	0,0,0,0,0	54	-1
1857	3,3,0,5,1	0,0,0,0,0	12,12,21,24,19	2,0,0,1,0	48	-1
1861	11,10,3,10,9	280,213,261,260,253	3,2,7,2,1	161,270,201,198,136	124	-1
1862	910,554,421,450,662	6,5,0,6,8	674,601,614,452,476	5,5,2,2,2	58	-1
1869	0,2,5,2,0	1,0,0,0,1	14,7,15,6,31	6,3,4,1,7	36	-1
1872	9,6,2,7,2	9,9,8,19,2	13,5,20,9,9	18,6,31,17,14	8	-1
1874	14,7,9,13,19	6,4,2,10,3	16,11,30,40,20	10,17,5,7,3	136	-1
1879	33,41,70,60,33	117,103,100,111,74	26,16,26,16,32	87,54,66,52,62	5	-1
1880	12,10,3,12,13	117,103,100,111,74	5,2,5,5,18	87,54,66,52,62	1	-1
1882	0,2,0,0,0	0,0,0,0,0	0,0,0,0,0	0,1,2,0,0	35	-1
1883	0,0,1,0,0	3,4,2,5,1	6,0,3,6,2	18,5,10,7,6	35	-1
1884	62,54,87,93,67	0,0,1,0,0	95,63,83,61,61	0,0,0,0,0	417	-1
1885	2,6,7,6,14	3,0,3,3,2	5,7,16,3,6	1,0,0,4,0	82	-1
1886	0,1,1,1,0	5,4,8,3,3	4,2,4,2,6	11,23,14,4,10	110	-1
1890	6,7,2,4,1	143,132,181,161,188	6,7,6,12,4	333,209,243,279,197	28	-1
1891	4,1,5,4,2	123,125,119,142,141	5,7,3,7,6	295,188,204,197,139	76	-1
1892	4,0,3,0,0	11,6,13,5,3	2,0,0,2,0	8,2,5,15,7	860	-1
1894	0,0,0,1,1	88,92,70,124,80	0,0,0,0,0	551,455,627,449,382	16	-1
1895	0,0,0,1,0	0,6,3,5,5	7,8,12,7,4	21,39,41,20,15	66	-1
1896	0,1,0,0,1	1,0,0,1,1	0,0,1,0,0	0,0,1,2,0	92	-1
1897	0,0,0,0,0	2,2,4,1,0	1,0,0,1,0	0,1,1,2,0	92	-1
1898	4,9,3,0,5	170,213,209,214,240	2,1,0,1,5	112,140,113,103,110	3	-1
1900	5,0,3,6,3	0,0,0,0,0	7,8,14,9,10	0,0,0,3,2	3	-1
1901	3,1,4,3,7	0,0,0,0,1	10,3,8,11,18	1,3,2,3,0	124	-1
1908	20,19,19,18,12	1,0,1,2,1	27,6,14,22,9	9,2,4,4,5	388	-1
1909	104,123,152,104,153	1911,2171,2276,2178,2526	109,191,121,127,96	1433,2475,1609,1543,1322	68	-1
1910	0,2,0,0,0	0,0,1,0,0	4,3,14,11,6	0,4,3,0,4	29	-1
1911	13,15,11,12,14	1,0,0,0,0	22,26,40,27,26	1,0,3,1,2	302	-1
1913	0,0,0,1,0	0,0,0,0,0	0,0,0,2,0	0,0,1,0,0	10	-1
1916	0,0,1,0,0	7,10,12,14,8	0,0,0,1,0	20,17,30,22,14	239	-1
1917	4,5,5,5,5	1,0,0,2,0	3,1,11,6,3	1,3,1,4,1	73	-1
1918	1,0,0,1,0	4,4,8,1,2	0,2,2,2,3	10,8,17,12,4	13	-1
1919	4,1,2,0,0	17,5,5,7,5	2,4,3,3,3	5,6,3,5,5	6	-1
1920	0,2,0,0,0	0,0,0,0,0	0,1,1,1,0	0,0,0,1,0	750	-1
1922	0,0,4,1,0	6,3,7,7,6	4,3,5,6,12	42,32,45,55,44	137	-1
1923	22,29,19,31,25	1,5,2,4,1	33,40,44,28,48	3,0,3,4,1	151	-1
1924	1,5,2,4,1	0,0,0,1,0	3,0,3,4,1	0,0,0,0,0	198	-1
1925	0,0,1,0,0	2,5,3,7,6	1,0,0,0,0	37,47,33,62,36	391	-1
1926	13,14,17,22,15	0,1,0,0,0	11,8,6,10,13	0,0,0,0,0	666	-1
1929	0,1,0,1,1	2,1,0,3,6	8,5,12,11,9	9,15,10,10,13	107	-1
1932	0,0,0,1,0	5,13,10,8,13	0,0,0,0,0	12,7,11,17,8	41	-1
1933	0,0,0,0,2	2,0,2,4,1	0,0,0,0,0	3,1,2,1,1	264	-1
1934	0,1,0,0,0	10,13,12,14,6	0,0,1,0,0	34,23,57,46,31	15	-1
1940	2,0,1,4,3	2,0,0,0,0	0,7,1,0,1	0,1,0,0,0	682	-1
1944	0,4,7,0,2	0,0,0,0,1	2,7,1,3,3	3,1,1,3,1	153	-1
1945	0,0,0,1,2	29,26,35,17,13	0,0,0,0,1	18,33,13,32,18	9	-1
1946	1,2,1,4,2	1,0,0,0,2	5,7,5,11,3	0,0,3,1,0	128	-1
1947	1,1,1,2,1	1,0,0,0,2	0,0,1,4,1	0,0,3,1,0	130	-1
1953	13,5,8,9,15	41,36,52,56,45	19,18,14,7,9	59,43,70,32,30	571	-1
1954	13,5,8,9,15	0,0,0,2,0	19,18,14,7,9	0,0,1,0,0	609	-1
1955	41,36,52,56,45	0,0,0,2,0	59,43,70,32,30	0,0,1,0,0	37	-1
1956	2,4,5,4,0	2,1,2,4,3	7,2,2,1,1	2,1,11,7,2	37	-1
1957	2,3,5,2,1	1,0,4,1,0	7,3,4,7,1	1,2,0,0,2	37	-1
1958	4,8,5,13,7	0,0,0,0,0	258,180,290,199,166	1,0,1,0,1	43	-1
1959	0,2,0,0,0	38,57,49,50,60	0,0,0,0,0	37,16,54,37,27	38	-1
1960	2,2,3,1,5	0,1,1,1,4	1,2,0,2,1	0,0,0,0,0	5	-1
1961	10,15,16,19,11	4,9,13,5,3	60,61,80,53,62	17,13,15,18,17	94	-1
1963	13,9,14,15,20	1,3,0,0,3	9,7,10,11,3	0,0,0,0,0	2410	-1
1966	10,15,10,3,4	2,4,1,3,0	3,11,3,4,9	3,0,0,6,0	271	-1
1968	2,1,12,4,4	0,0,0,0,2	7,3,10,2,9	3,0,1,0,4	8	-1
1969	0,1,0,0,1	1,0,0,0,0	2,0,0,3,1	1,0,0,0,0	294	-1
1972	10,16,4,8,4	27,9,5,5,4	7,5,14,8,5	14,17,17,13,14	277	-1
1973	0,0,0,0,0	0,0,0,1,0	0,0,4,0,1	0,0,0,0,0	67	-1
1976	1,0,0,0,0	0,0,0,0,0	0,0,0,3,0	0,1,0,1,0	14	-1
1979	0,2,1,1,0	10,2,6,13,5	1,0,0,3,3	31,22,25,27,21	1	-1
1980	35,36,33,40,24	0,0,0,0,0	10,33,28,25,17	0,1,0,0,0	3	-1
1983	0,0,0,0,0	1,4,3,1,3	0,0,0,1,0	0,5,8,3,2	13	-1
1987	4,4,4,7,2	0,0,0,0,0	23,16,38,35,25	0,0,1,0,0	3	-1
1988	5,3,8,12,8	0,0,0,0,1	16,10,29,25,20	0,0,0,0,0	252	-1
1990	0,0,1,0,0	0,0,0,0,0	1,0,1,1,0	2,0,1,2,1	77	-1
1994	0,0,0,0,0	0,1,0,0,0	0,0,0,2,1	0,0,0,0,0	417	-1
1995	24,26,15,29,38	4,0,4,3,5	31,29,47,46,41	0,0,1,4,1	18	-1
1996	1,0,0,0,0	0,3,0,0,0	0,0,0,0,0	0,0,0,1,0	18	-1
2001	1,7,5,4,0	44,54,41,65,50	5,1,5,11,6	78,46,79,50,61	3	-1
2002	173,175,181,177,233	0,0,0,0,1	87,161,114,105,64	0,0,0,0,0	12	-1
2003	2,0,1,4,3	0,0,2,0,0	4,7,7,16,3	0,0,0,0,0	63	-1
2006	34,43,35,29,38	0,0,0,3,2	15,13,24,25,13	0,0,0,0,0	10	-1
2007	806,800,867,707,887	0,0,0,1,0	896,760,934,795,567	0,2,0,0,0	191	-1
2008	23,19,35,15,23	338,368,363,324,321	26,20,27,23,12	345,365,381,381,230	161	-1
2009	3839,2773,2462,3009,3436	0,0,1,1,0	2253,3208,2429,1390,1342	0,1,0,0,0	1727	-1
2011	2,3,1,1,1	20,24,19,27,21	0,0,2,2,3	23,8,13,26,10	113	-1
2012	22,14,29,23,12	127,172,162,168,148	18,10,9,7,9	56,58,93,56,61	121	-1
2015	1,0,0,0,0	0,0,2,0,0	0,0,3,0,1	2,0,3,0,1	18	-1
2016	1,0,0,1,0	4,1,2,3,1	2,3,0,1,3	15,11,32,5,7	18	-1
2018	5,1,5,7,12	2,11,2,5,9	8,14,5,10,8	13,2,11,11,5	14	-1
2019	0,0,0,1,0	0,0,2,0,0	2,1,3,1,1	0,0,3,0,0	20	-1
2020	46,37,45,41,33	0,0,0,0,0	65,50,111,83,65	0,0,1,0,0	761	-1
2021	46,37,45,41,33	12,8,14,7,11	65,50,111,83,65	21,18,29,17,21	44	-1
2022	4,2,0,2,3	0,0,0,0,0	7,5,10,8,5	0,0,1,0,0	183	-1
2023	0,0,0,0,0	9,3,5,10,3	0,0,3,0,3	23,21,22,5,11	77	-1
2024	28,33,25,25,17	0,1,2,0,0	50,48,62,54,45	1,0,1,0,0	6	-1
2031	0,1,0,1,0	17,9,14,8,10	0,0,0,0,0	1,3,4,4,10	163	-1
2035	105,87,83,91,107	0,0,1,0,0	45,67,66,61,45	0,0,0,0,0	188	-1
2040	5,4,1,10,4	9,6,8,9,7	15,6,41,25,23	34,25,50,44,19	2271	-1
2041	1,2,2,0,0	0,0,0,0,0	6,17,21,6,5	0,0,1,0,0	129	-1
2043	1,4,0,1,1	5,5,13,7,3	3,3,3,2,0	14,6,26,7,10	94	-1
2051	18,22,18,22,10	0,1,1,0,2	27,35,31,22,20	0,0,2,0,0	85	-1
2052	2,0,0,0,0	0,0,0,0,0	0,0,0,0,0	0,0,1,1,0	3	-1
2059	8,6,15,3,8	1,1,3,0,1	7,12,12,9,6	0,2,0,3,0	25	-1
2060	0,0,0,2,0	0,0,0,0,1	0,0,2,1,0	0,0,0,0,0	86	-1
2062	7,7,3,7,5	3,4,1,17,9	50,28,58,20,40	97,61,65,94,96	53	-1
2063	5,1,0,2,2	98,105,112,100,77	4,3,0,1,1	92,118,140,77,101	162	-1
2064	5,4,8,7,4	0,0,0,0,0	31,31,32,26,32	2,0,0,1,0	4	-1
2065	0,0,0,0,0	2,0,0,1,0	1,0,0,0,0	9,5,6,5,12	4	-1
2066	0,0,0,2,2	0,0,1,1,0	4,7,4,10,4	0,1,0,2,1	27	-1
2072	7,11,5,11,16	0,0,0,0,0	56,47,102,62,46	0,1,1,0,2	162	-1
2073	2,4,3,1,1	0,1,1,0,1	3,3,2,10,6	2,0,0,1,0	51	-1
2075	0,0,0,0,0	2,3,1,2,3	3,0,1,0,0	3,1,13,8,7	82	-1
2076	206,258,263,267,302	0,0,3,2,2	187,192,181,174,166	1,0,3,1,0	66	-1
2077	0,2,2,1,7	4,8,9,13,10	0,1,1,1,3	25,9,25,22,15	97	-1
2078	4,3,1,0,2	0,0,0,0,0	22,8,18,14,5	0,0,0,0,1	18	-1
2080	5,2,1,3,1	6,8,3,5,5	1,0,3,0,0	6,4,2,5,6	1025	-1
2082	21,12,18,15,8	0,0,1,2,1	16,22,26,18,4	1,1,1,1,0	30	-1
2083	88,87,124,94,71	0,0,1,2,1	122,68,96,89,83	1,1,1,1,0	126	-1
2084	67,75,106,81,63	0,0,0,2,0	107,46,70,71,79	1,0,0,0,0	95	-1
2086	0,0,1,0,0	0,0,0,2,0	0,0,0,0,2	0,0,0,0,1	250	-1
2087	1,2,1,4,0	4,0,4,1,2	3,0,0,2,1	2,0,7,0,2	559	-1
2089	4,1,2,6,2	0,0,0,0,0	15,5,16,24,8	1,1,4,3,0	202	-1
2090	1,0,0,0,0	0,1,0,0,1	2,4,7,5,3	1,1,10,2,5	202	-1
2094	0,0,0,0,1	25,27,22,10,20	0,2,0,1,0	14,4,13,7,10	8	-1
2096	0,0,0,0,0	40,40,45,63,38	1,0,4,0,1	69,78,71,62,47	39	-1
2099	4,3,6,5,5	1,0,0,0,2	5,6,3,12,2	0,1,1,4,1	13	-1
2106	0,0,2,0,0	6,2,5,2,6	2,2,2,0,1	8,12,20,5,3	259	-1
2107	9,13,6,3,3	3,3,1,0,3	36,33,47,52,33	11,10,19,12,6	11	-1
2114	0,0,0,0,1	1,0,0,0,0	3,0,1,0,0	1,1,0,6,0	130	-1
2117	0,1,0,1,0	0,0,0,0,0	7,5,4,3,1	1,0,0,0,0	2	-1
2118	1,1,0,1,0	0,0,0,2,0	9,5,6,3,1	1,0,6,0,1	11	-1
2120	1,0,0,0,0	0,0,0,2,0	3,0,2,0,0	1,0,6,0,1	8	-1
2123	0,1,2,0,0	0,0,0,0,0	4,1,4,2,1	0,1,1,1,0	128	-1
2125	1,0,2,0,0	10,9,5,14,10	1,0,2,1,0	37,27,30,27,15	3	-1
2127	31,30,16,25,17	0,2,0,0,2	55,46,70,50,30	3,2,3,0,0	16	-1
2128	35,23,44,40,57	2,2,2,2,6	25,13,33,24,22	6,0,0,1,0	902	-1
2132	3,0,2,1,0	0,1,0,0,2	1,1,1,2,1	0,0,1,0,0	69	-1
2134	4,9,10,1,12	33,22,32,23,15	9,4,11,3,2	14,15,16,18,8	11	-1
2135	2,4,5,2,1	0,0,0,0,1	7,4,7,4,5	0,0,0,0,0	1782	-1
2136	2,0,0,2,0	0,2,0,0,0	0,0,0,2,0	1,0,0,0,0	8	-1
2137	2,0,0,0,0	0,0,0,0,0	0,2,0,0,0	1,0,1,0,0	135	-1
2139	0,0,0,1,0	0,1,1,0,1	3,2,7,5,3	4,2,10,10,2	11	-1
2140	12,7,1,10,1	0,0,0,0,0	14,18,19,27,17	1,0,1,0,0	28	-1
2142	15,17,17,27,18	168,174,160,212,172	14,11,20,8,4	153,133,186,119,105	2	-1
2144	1,3,2,4,3	0,0,0,0,0	49,45,60,43,38	1,0,0,0,0	3	-1
2145	77,54,44,63,48	0,1,0,0,0	237,112,196,132,143	0,0,0,0,0	622	-1
2148	0,2,0,0,1	377,386,408,464,475	0,0,0,3,0	215,98,180,109,120	1	-1
2151	5,6,4,10,13	20,16,24,14,12	13,9,4,5,5	22,11,21,13,10	101	-1
2153	5,3,9,3,5	0,0,0,1,1	25,10,30,32,12	1,0,1,0,1	338	-1
2154	0,0,3,2,6	2,4,4,1,2	1,1,1,1,1	0,0,0,1,0	22	-1
2156	1,4,0,13,5	0,1,0,1,0	2,1,1,5,1	0,0,0,0,0	11	-1
2159	24,20,23,12,19	1,2,4,2,1	63,43,77,63,35	8,1,6,7,4	21	-1
2163	5,12,6,5,5	4,5,9,8,9	15,9,38,30,15	24,23,27,43,20	14	-1
2164	17,21,18,19,29	60,90,82,74,69	35,15,31,28,29	91,51,86,79,58	32	-1
2165	0,3,2,3,1	0,0,0,0,0	9,3,6,3,4	0,1,0,0,0	297	-1
2169	0,2,0,0,0	1,2,1,0,0	3,0,2,3,0	2,4,4,9,9	15	-1
2171	4,3,0,0,5	5,14,6,12,3	26,32,86,51,50	139,88,146,65,104	177	-1
2172	33,40,40,58,54	0,0,0,0,1	40,21,55,34,21	0,0,0,0,0	350	-1
2173	33,40,40,58,54	0,0,0,0,1	40,21,55,34,21	1,0,2,0,2	414	-1
2174	0,0,0,0,1	0,0,0,0,1	0,0,0,0,0	1,0,2,0,2	63	-1
2175	51,74,54,55,64	1,2,0,2,1	65,97,74,71,63	0,4,0,0,0	63	-1
2176	10,13,7,1,8	10,2,5,12,5	11,5,7,7,3	7,6,5,7,2	26	-1
2177	48,45,44,46,52	0,0,0,0,0	56,49,59,58,44	0,0,1,1,0	89	-1
2178	1,2,13,1,13	43,44,53,52,54	2,0,5,1,0	36,26,41,25,14	26	-1
2179	4,0,2,5,2	5,6,6,16,5	1,2,0,0,0	6,5,5,9,5	26	-1
2180	0,0,0,1,0	26,43,39,45,52	0,0,1,0,0	16,22,25,20,13	26	-1
2181	43,42,38,53,30	9,13,11,11,6	20,25,33,28,24	5,10,6,4,4	10	-1
2184	0,0,1,4,0	2,4,5,1,1	4,0,6,0,6	39,31,60,54,35	6	-1
2185	111,117,89,118,56	10,5,5,13,10	462,59,217,318,337	29,5,23,15,24	77	-1
2186	7,8,6,14,4	10,5,5,13,10	53,7,10,61,41	29,5,23,15,24	92	-1
2187	7,8,6,14,4	111,117,89,118,56	53,7,10,61,41	462,59,217,318,337	14	-1
2189	94,128,97,107,80	0,0,1,0,0	314,402,407,331,245	0,0,2,0,0	996	-1
2191	0,1,6,2,1	0,0,0,0,1	6,3,6,5,4	1,0,1,0,0	103	-1
2192	5,4,1,4,3	8,12,7,4,6	12,3,7,4,7	10,11,14,6,7	64	-1
2196	26,41,38,15,24	1,0,0,0,1	34,39,35,25,35	0,0,0,0,0	14	-1
2197	0,1,0,0,0	29,20,35,22,36	0,0,0,0,0	60,57,53,68,37	1	-1
2201	2,0,1,1,0	6,9,6,5,9	1,3,3,0,2	9,3,13,21,9	87	-1
2202	2,2,2,1,0	3,0,2,4,2	0,4,5,2,2	4,7,7,7,3	19	-1
2203	5,8,6,9,6	0,1,1,2,1	8,16,17,16,11	1,0,0,2,1	63	-1
2204	0,0,3,0,1	0,0,2,5,0	1,0,0,2,0	1,0,2,1,0	41	-1
2205	0,3,0,0,0	0,0,2,5,0	0,0,0,0,0	1,0,2,1,0	63	-1
2206	4,9,11,7,15	0,0,2,5,0	6,24,16,17,12	1,0,2,1,0	382	-1
2207	0,3,0,0,0	0,0,3,0,1	0,0,0,0,0	1,0,0,2,0	21	-1
2208	4,9,11,7,15	0,0,3,0,1	6,24,16,17,12	1,0,0,2,0	340	-1
2209	4,9,11,7,15	0,3,0,0,0	6,24,16,17,12	0,0,0,0,0	318	-1
2210	50,56,66,73,74	201,237,210,204,207	33,44,51,46,33	134,107,140,127,102	16	-1
2211	61,57,54,83,56	0,0,0,2,0	54,60,51,28,32	0,0,0,2,0	343	-1
2212	0,0,0,0,0	36,39,48,56,30	1,0,0,0,0	72,82,82,79,67	11	-1
2214	1,1,6,2,4	60,38,51,59,66	25,6,21,10,12	84,80,116,49,70	184	-1
2215	12,10,9,10,7	0,0,1,3,1	38,35,18,50,38	5,0,6,1,5	34	-1
2217	0,2,2,0,2	146,152,158,167,167	0,0,1,0,0	75,83,106,68,57	92	-1
2218	0,0,0,0,0	0,1,4,1,6	0,2,0,0,0	1,1,1,2,0	92	-1
2219	15,26,19,17,19	0,0,1,0,0	26,6,8,4,10	1,0,0,0,0	386	-1
2220	223,188,180,191,161	13,16,14,8,5	168,127,241,132,129	6,1,6,4,5	29	-1
2223	0,0,0,0,0	0,2,3,1,2	0,0,1,0,0	9,9,25,9,6	38	-1
2224	0,4,0,1,0	12,7,10,14,6	0,0,2,0,1	17,6,11,18,9	4	-1
2226	11,22,17,17,14	0,0,0,1,1	15,16,19,28,19	2,0,2,0,1	92	-1
2227	4,6,5,13,0	0,0,0,1,0	21,12,34,25,20	8,2,3,6,8	5	-1
2228	1,1,0,0,0	0,2,0,1,0	8,7,5,12,4	11,9,4,1,2	91	-1
2231	76,72,80,101,81	0,0,0,1,0	120,108,161,107,94	0,0,1,0,0	80	-1
2232	21,45,43,37,37	0,1,0,1,0	57,50,65,65,52	0,1,2,0,0	8	-1
2237	35,41,54,66,43	0,0,0,1,0	81,87,108,82,60	0,0,0,0,0	16	-1
2240	0,0,1,0,0	1,0,0,3,0	1,0,1,0,3	4,5,11,7,7	48	-1
2242	0,1,0,0,0	39,74,54,42,42	0,4,2,0,1	84,67,111,86,95	10	-1
2243	2,1,3,0,4	0,0,0,1,0	5,1,10,4,3	0,3,1,0,0	459	-1
2248	49,49,46,49,43	0,3,2,4,2	62,54,73,63,58	3,5,2,5,0	51	-1
2253	10,17,13,18,14	0,0,0,0,0	13,22,17,7,6	0,0,0,2,0	201	-1
2254	0,0,0,0,0	3,1,0,8,1	0,2,1,0,0	10,6,14,11,6	1	-1
2255	0,0,0,1,0	23,25,21,24,10	1,0,0,0,0	28,18,22,14,21	3	-1
2256	0,0,0,0,1	1,0,2,2,0	0,0,0,0,0	4,0,1,0,2	478	-1
2257	0,1,0,0,0	0,0,0,0,0	0,0,0,0,0	2,0,0,0,0	478	-1
2258	89,75,88,74,78	2,1,2,3,5	289,230,257,242,182	9,3,8,7,3	474	-1
2259	20,7,11,26,10	0,0,0,1,0	60,38,98,66,47	5,2,7,1,4	32	-1
2260	3,8,13,4,7	0,0,0,0,0	32,37,33,20,13	0,3,0,0,0	263	-1
2263	0,2,0,2,1	2,2,1,3,0	0,0,0,0,0	4,1,0,3,0	267	-1
2264	9,5,6,12,8	97,89,101,84,94	7,2,14,5,13	100,59,105,70,93	267	-1
2265	6,4,7,6,2	0,0,0,0,0	7,1,6,2,5	0,1,0,4,0	32	-1
2267	1,0,0,1,0	0,0,1,0,0	2,3,0,1,0	1,0,0,0,0	10	-1
2269	3,0,0,0,0	4,3,3,3,4	2,2,1,1,5	11,2,7,4,11	32	-1
2270	40,37,39,35,41	9,8,14,25,14	38,29,55,33,26	7,23,14,15,7	8	-1
2273	33,33,14,36,25	9,6,4,4,3	27,17,10,28,19	6,3,5,6,2	1075	-1
2274	0,0,0,0,0	0,0,0,1,1	0,1,0,0,0	8,5,8,15,2	48	-1
2275	0,0,0,0,0	1,2,5,1,4	0,2,0,0,0	5,3,7,9,2	362	-1
2282	0,0,0,0,1	2,0,0,2,0	1,0,1,0,0	4,0,3,1,4	3	-1
2283	2,0,0,0,0	11,18,16,21,20	4,0,1,3,1	67,62,104,77,56	3	-1
2285	0,0,0,0,1	2,1,0,0,0	1,1,0,0,2	3,2,6,1,0	25	-1
2286	2,0,0,0,0	0,1,1,0,3	0,0,1,0,2	5,0,2,1,5	227	-1
2287	24,25,28,35,32	34,34,20,26,32	121,45,95,60,70	75,82,103,60,56	227	-1
2288	11,17,6,8,6	0,0,0,0,0	89,94,151,110,91	0,0,0,0,1	79	-1
2290	0,2,3,5,0	0,0,2,0,0	2,1,0,2,3	0,0,0,0,0	326	-1
2294	3,4,1,5,4	2,1,4,3,5	2,2,11,5,2	0,2,6,3,1	52	-1
2295	33,19,20,21,18	17,40,26,31,34	15,13,12,18,16	60,31,26,23,29	52	-1
2296	0,0,0,0,1	7,10,13,9,7	0,2,0,2,0	30,62,30,47,21	26	-1
2302	12,21,32,14,19	0,0,0,0,2	34,8,16,30,16	4,1,0,2,1	47	-1
2303	0,2,0,0,2	2,3,6,4,0	1,0,0,0,3	8,3,7,2,3	77	-1
2304	117,110,125,130,95	0,0,3,0,0	154,108,186,159,120	0,1,1,2,1	72	-1
2305	4,4,0,3,4	2,2,2,3,2	12,0,6,11,5	3,0,9,4,2	11	-1
2306	1,2,0,1,1	1,10,4,7,6	2,6,13,6,1	11,8,19,16,14	2	-1
2308	67,88,100,79,115	0,1,0,0,1	65,63,88,63,53	1,0,0,1,2	261	-1
2309	0,0,0,0,0	1,1,0,2,1	1,0,0,3,0	9,6,7,5,6	3	-1
2310	127,107,71,148,78	0,5,2,2,0	149,143,175,149,131	0,0,0,0,1	28	-1
2311	1,1,0,2,2	19,12,12,14,15	1,0,0,0,5	47,31,80,50,29	20	-1
2315	0,0,0,1,0	9,8,4,9,5	0,4,0,2,4	7,6,4,7,5	99	-1
2318	0,0,0,0,0	25,22,29,22,25	0,1,3,2,0	41,21,36,18,18	77	-1
2319	0,3,0,0,0	3,0,1,2,5	2,0,3,0,0	3,1,6,8,6	98	-1
2320	1,1,1,2,1	0,0,0,0,0	27,27,40,40,23	1,1,2,2,0	1	-1
2322	0,0,1,0,0	2,0,0,0,0	0,0,0,0,0	4,1,4,7,1	1601	-1
2326	61,80,87,90,54	0,2,3,2,2	41,19,26,43,54	4,1,0,1,0	232	-1
2327	27,24,21,23,25	0,2,0,0,0	22,5,20,17,19	0,0,0,0,0	760	-1
2329	0,0,2,0,0	1627,1651,1682,1631,1685	0,0,0,0,0	860,1402,1049,1100,732	105	-1
2331	2,3,3,0,1	28,35,44,35,35	1,0,5,4,4	33,24,31,39,27	13	-1
2332	0,0,0,0,0	25,22,24,17,23	1,0,0,0,0	31,37,66,51,23	79	-1
2336	9,8,3,4,5	74,84,69,102,77	5,7,6,5,0	51,55,105,49,55	17	-1
2337	0,0,2,1,0	4,5,3,7,12	0,0,2,0,2	22,23,25,15,24	17	-1
2340	2,1,0,2,0	44,43,47,32,50	7,1,2,4,3	57,56,74,48,41	520	-1
2341	0,1,0,0,0	0,0,0,0,0	0,0,0,0,0	1,0,0,0,0	171	-1
2343	28,36,21,38,20	0,0,0,0,0	118,85,133,101,81	3,0,0,0,1	58	-1
2344	0,0,0,0,0	7,12,13,20,6	4,7,1,1,1	53,34,85,72,49	92	-1
2346	0,0,0,0,0	0,0,1,2,0	3,0,0,1,0	4,1,3,3,3	83	-1
2347	5,5,6,10,11	53,77,56,78,74	3,3,7,9,5	94,83,90,92,50	41	-1
2351	42,40,33,49,46	1,0,0,0,1	42,13,37,36,12	0,0,0,0,0	50	-1
2354	0,0,0,2,2	0,0,0,1,0	2,0,2,6,2	0,3,0,2,0	3	-1
2355	9,10,20,8,13	0,0,0,0,3	18,15,21,25,17	2,0,0,0,0	46	-1
2358	1,0,0,0,0	18,9,5,15,6	0,0,0,0,0	16,18,12,9,10	57	-1
2362	0,0,0,0,0	22,32,39,46,30	2,0,0,2,0	20,16,40,27,12	1549	-1
2363	0,0,0,0,0	2,0,0,2,0	1,0,0,0,1	10,1,5,0,2	69	-1
2365	0,0,0,1,0	1,5,5,0,3	1,0,0,0,0	3,4,10,2,3	68	-1
2366	0,1,1,2,0	0,0,0,2,3	1,0,5,6,3	0,0,0,1,0	19	-1
2367	133,153,159,141,163	0,0,0,0,0	111,113,125,72,94	0,0,2,0,1	29	-1
2376	0,0,4,2,1	196,208,206,209,216	1,5,2,0,0	176,221,230,199,174	49	-1
2377	151,171,165,169,181	0,0,0,1,0	140,168,185,171,133	0,0,0,0,0	87	-1
2378	152,171,164,169,183	1,0,0,0,1	141,168,185,172,133	2,1,0,2,0	87	-1
2379	152,174,169,171,184	0,2,4,1,3	148,175,186,172,133	3,0,2,1,1	87	-1
2380	282,322,358,337,309	1,0,2,6,2	247,256,292,268,226	1,0,2,0,3	87	-1
2381	152,171,166,168,183	1,0,1,0,0	140,168,185,172,133	0,0,0,0,1	87	-1
2384	14,15,15,13,13	1,3,1,6,0	23,22,35,40,28	1,1,6,1,0	182	-1
2385	4,8,10,7,3	0,0,0,0,0	14,22,34,23,16	2,3,0,1,0	66	-1
2386	80,65,87,82,59	0,0,1,0,0	105,150,173,126,97	0,0,0,0,0	132	-1
2387	0,6,0,0,0	2,0,1,4,0	2,3,1,3,0	15,25,13,16,4	11	-1
2389	4,5,6,13,12	0,0,0,2,0	8,11,6,8,4	0,1,0,1,0	84	-1
2390	8,4,1,8,4	0,0,0,0,0	11,1,6,12,9	0,0,0,1,0	50	-1
2391	17,9,8,15,10	0,0,2,0,0	88,34,104,63,78	1,0,0,1,1	127	-1
2392	0,0,0,1,0	0,0,0,0,0	1,0,0,1,0	3,1,1,2,1	13	-1
2393	85,83,64,67,63	0,0,0,0,1	62,87,88,74,51	0,0,0,0,0	601	-1
2394	0,0,0,0,0	0,0,0,0,1	3,0,0,1,0	0,1,3,1,0	1929	-1
2395	1,4,0,2,0	0,0,0,0,0	10,1,13,5,8	0,0,2,2,1	1929	-1
2399	362,411,446,552,299	21,32,12,28,7	211,137,180,155,171	16,2,6,12,4	38	-1
2400	0,1,2,0,0	7,8,10,9,10	1,1,0,1,0	21,19,23,30,27	8	-1
2401	0,0,0,0,0	0,0,1,0,0	0,1,4,4,2	0,0,1,0,0	93	-1
2403	1,1,0,0,1	0,0,1,0,0	0,0,0,0,0	0,0,0,3,0	26	-1
2408	5,0,0,0,0	8,2,3,3,3	0,0,0,0,0	2,0,1,2,1	77	-1
2410	1,0,0,0,0	0,0,0,1,0	3,0,0,0,0	7,3,14,17,6	1213	-1
2412	21,31,19,31,19	1,0,0,1,0	109,83,152,116,82	0,1,3,1,0	9	-1
2413	0,0,0,2,0	2,0,4,7,5	0,0,0,0,1	2,4,3,3,0	1799	-1
2414	0,0,0,0,0	1,0,2,0,2	1,1,1,0,0	1,0,3,6,3	72	-1
2415	0,2,0,0,0	0,0,0,0,1	0,1,2,0,0	0,0,0,0,0	222	-1
2417	46,59,87,52,40	7,4,2,3,0	58,51,87,89,31	2,0,2,0,0	147	-1
2418	15,11,15,8,13	0,0,0,0,0	39,87,67,42,50	0,0,0,2,0	27	-1
2419	0,0,1,1,0	0,2,0,2,0	0,1,0,3,0	0,2,3,1,0	478	-1
2420	105,98,80,111,52	2,0,1,3,3	118,54,100,78,60	3,3,1,3,3	2285	-1
2421	105,98,80,111,52	0,1,0,0,1	118,54,100,78,60	2,0,4,3,0	2522	-1
2422	2,0,1,3,3	0,1,0,0,1	3,3,1,3,3	2,0,4,3,0	236	-1
2426	1,1,0,0,0	0,1,0,0,0	0,8,3,1,0	0,0,0,0,1	55	-1
2430	0,3,0,5,2	1,0,0,0,0	9,3,10,5,2	0,0,0,1,0	453	-1
2435	5,3,1,3,4	1,2,1,0,1	8,0,3,3,7	1,0,1,1,0	1990	-1
2438	2,1,0,0,0	0,3,1,0,0	3,6,5,5,4	2,6,3,2,0	154	-1
2440	1,2,3,3,0	1,0,0,0,0	8,4,15,14,3	1,2,3,4,3	25	-1
2445	0,0,2,0,0	38,31,37,51,29	0,0,0,0,0	30,25,42,27,21	7	-1
2446	0,0,0,0,1	1,3,6,1,1	0,0,0,0,0	1,4,4,2,1	350	-1
2450	5,0,1,3,6	1,0,1,9,4	8,0,2,8,1	20,11,27,9,8	392	-1
2451	18,26,23,16,20	0,0,0,0,0	31,20,21,15,20	0,0,0,0,1	182	-1
2452	0,0,1,2,0	4,0,1,3,3	5,5,19,6,5	25,21,55,40,31	19	-1
2453	57,44,57,62,43	8,4,11,14,2	32,42,49,37,28	2,10,11,2,5	2	-1
2455	8,3,5,10,5	5,4,1,5,2	8,13,3,4,7	4,7,3,12,6	18	-1
2457	2,1,0,1,1	12,10,14,11,14	0,0,0,0,0	9,3,10,10,5	14	-1
2458	0,1,1,0,3	0,1,3,1,0	2,0,4,2,2	1,1,3,2,1	26	-1
2459	0,0,0,0,0	0,0,0,0,1	0,2,0,0,0	0,0,0,0,0	42	-1
2460	18,5,6,14,5	0,0,1,0,0	28,26,52,37,23	0,0,0,0,0	7	-1
2462	18,22,22,22,14	1,1,4,4,1	198,184,246,215,154	5,2,7,3,7	69	-1
2463	0,1,0,0,2	9,11,4,6,3	8,4,3,3,2	30,20,46,29,20	2	-1
2474	0,1,3,2,2	0,1,2,1,0	0,0,1,0,0	0,2,0,0,0	43	-1
2476	7,6,4,6,6	0,0,4,0,3	10,6,10,4,4	0,0,2,0,0	109	-1
2481	1,1,0,1,0	4,5,0,1,1	7,5,8,4,11	4,1,6,0,1	248	-1
2482	26,15,27,27,21	56,53,54,49,62	27,21,32,25,22	46,42,34,48,48	28	-1
2484	1,2,0,0,0	19,26,27,11,16	0,1,1,0,0	64,92,58,64,42	14	-1
2485	32,33,15,28,13	15,16,12,11,5	39,31,46,39,22	22,13,34,26,20	5	-1
2487	0,0,1,1,1	3,1,0,1,0	7,5,14,14,3	1,1,2,0,0	116	-1
2488	0,3,3,1,3	1,2,0,0,0	18,8,31,21,9	0,0,2,2,0	58	-1
2491	0,2,1,3,4	878,1033,1124,1144,1187	1,0,0,0,0	627,618,696,503,486	18	-1
2492	0,2,0,2,0	0,0,1,1,0	2,0,0,3,0	0,0,0,1,0	6	-1
2493	1,0,3,1,0	9,5,4,5,1	5,1,2,0,2	15,9,12,6,6	58	-1
2494	5,4,5,9,3	0,0,0,0,0	5,10,3,3,6	0,1,0,0,0	545	-1
2497	0,0,0,0,0	11,1,6,4,0	1,0,0,3,2	8,4,4,4,12	52	-1
2499	0,0,0,0,0	9,12,12,16,14	2,0,0,0,0	20,19,21,13,13	58	-1
2504	9,5,8,5,13	0,2,1,1,1	10,21,35,32,14	3,1,5,4,0	57	-1
2508	9,7,15,8,4	1,0,0,0,0	32,38,49,43,31	0,0,0,1,0	75	-1
2515	0,1,0,0,0	0,0,0,0,0	0,0,0,0,0	2,0,1,0,0	77	-1
2516	5,6,1,6,0	0,0,0,1,0	11,6,11,25,8	2,4,1,5,2	539	-1
2521	3,0,0,0,0	1,3,0,3,3	0,0,0,1,3	4,3,0,5,1	32	-1
2522	0,1,0,0,2	0,0,0,0,0	1,1,1,2,3	0,0,0,1,0	20	-1
2523	0,0,0,0,0	0,0,0,1,0	0,0,1,1,0	1,0,0,0,0	18	-1
2525	0,0,1,0,0	1,3,3,4,2	2,2,0,3,1	23,16,8,7,6	29	-1
2526	0,0,0,1,0	0,0,0,0,0	7,4,7,7,5	2,0,0,0,0	6	-1
2528	0,0,0,0,0	0,0,1,1,3	0,0,0,1,0	0,1,2,1,0	72	-1
2529	96,136,147,163,150	0,0,0,0,1	70,34,61,57,58	0,0,0,0,0	311	-1
2531	4,3,2,1,1	0,0,1,0,0	1,6,1,2,1	0,0,0,1,0	66	-1
2532	81,59,76,94,67	0,1,1,2,0	55,67,61,49,43	0,1,1,3,0	20	-1
2533	85,62,78,95,67	0,0,0,0,1	56,73,62,51,44	1,0,0,0,0	66	-1
2534	4,4,3,3,0	0,0,0,0,1	1,7,2,5,1	1,0,0,0,0	45	-1
2535	0,0,1,3,0	31,25,36,26,30	3,1,1,2,1	34,44,36,41,32	3	-1
2536	0,0,0,0,0	16,10,17,10,15	1,0,0,0,0	27,20,17,21,6	3	-1
2537	22,20,20,18,20	1,0,2,8,2	13,12,15,11,19	3,3,3,5,1	87	-1
2539	0,0,2,0,3	21,21,10,37,25	0,0,1,0,1	17,11,20,26,12	14	-1
2540	23,30,29,51,15	8,11,17,24,16	27,18,26,16,17	10,9,6,11,9	26	-1
2541	10,2,8,16,3	0,0,1,1,1	4,2,9,2,2	0,0,1,0,1	26	-1
2542	0,0,0,0,3	0,0,0,2,0	4,5,5,1,0	20,13,16,9,9	363	-1
2545	2,2,4,2,1	0,0,0,0,0	4,3,8,4,8	0,0,0,1,0	89	-1
2546	9,9,9,12,8	0,0,1,0,0	23,6,27,21,11	0,0,0,0,0	383	-1
2548	0,0,0,0,1	1,0,2,0,1	0,0,0,0,0	0,0,3,0,0	25	-1
2552	19,16,18,24,14	26,34,26,33,18	43,47,74,38,32	60,45,109,67,65	5	-1
2555	2,2,5,2,2	0,1,0,0,0	0,2,2,0,3	0,0,0,0,0	32	-1
2556	8,7,11,10,13	0,1,0,0,0	1,7,9,8,4	0,0,0,0,0	304	-1
2557	7,5,7,10,11	1,0,1,2,0	1,5,7,8,1	0,0,0,0,0	271	-1
2558	0,1,1,0,1	0,0,0,0,1	0,2,1,4,0	1,0,0,0,0	75	-1
2559	1,1,3,1,4	1,1,3,3,3	0,0,1,0,0	0,1,2,2,0	24	-1
2562	0,0,0,0,2	5,5,8,13,10	0,7,1,1,2	19,17,31,21,20	55	-1
2566	47,49,36,40,39	49,41,28,54,41	19,12,36,20,18	26,21,50,27,15	44	-1
2569	439,567,622,613,586	0,0,0,3,8	434,384,401,406,303	2,4,1,3,1	149	-1
2570	0,0,0,1,0	15,20,21,17,19	0,0,0,0,1	25,33,55,28,26	23	-1
2572	19,31,17,25,19	10,6,11,12,6	23,15,19,30,14	3,1,11,5,3	24	-1
2573	21,9,15,31,7	11,16,6,11,5	5,14,25,12,11	10,4,11,7,7	8	-1
2574	19,18,12,30,12	72,61,51,93,74	17,16,27,33,30	73,74,85,87,83	70	-1
2576	24,35,22,28,31	2,6,1,1,1	41,35,42,41,22	2,5,10,7,1	5	-1
2577	1,1,0,0,1	8,12,6,11,13	6,5,0,3,2	17,36,28,34,17	16	-1
2578	0,1,0,1,0	15,7,3,11,6	1,0,0,0,0	13,11,7,10,14	218	-1
2579	13,12,11,3,11	0,3,0,2,0	31,19,28,14,11	1,2,1,1,0	31	-1
2580	1,1,0,0,2	0,0,0,0,0	7,10,15,10,6	1,2,0,0,0	6	-1
2581	0,0,0,0,0	2,0,1,5,5	9,4,18,8,8	15,16,24,22,21	50	-1
2584	8,11,11,9,1	0,0,0,0,0	41,43,88,42,21	1,0,4,1,0	2198	-1
2585	0,1,0,0,2	3,11,5,6,3	0,3,1,0,1	6,0,7,2,3	921	-1
2586	182,230,198,247,197	0,1,0,1,0	405,339,532,417,372	0,0,0,1,3	28	-1
2590	2,1,0,2,1	0,0,0,0,0	10,1,7,6,8	6,2,3,6,1	26	-1
2591	3,3,8,4,6	0,0,0,0,0	8,2,14,10,6	0,0,0,1,0	1274	-1
2593	0,0,0,0,0	0,2,0,0,1	1,5,8,6,0	1,0,5,1,2	3	-1
2594	1,1,0,0,0	0,0,0,0,1	0,2,1,3,0	0,0,1,1,0	13	-1
2595	4,3,2,4,4	12,14,7,11,4	5,2,4,8,8	59,32,65,61,53	45	-1
2597	122,134,162,128,106	1,0,0,0,0	128,175,149,132,101	0,0,0,0,0	72	-1
2599	41,59,41,53,29	0,0,0,0,0	84,68,107,100,98	0,1,0,0,0	812	-1
2602	1,3,1,0,0	53,48,41,52,44	1,1,4,1,3	98,47,163,138,71	86	-1
2607	21,10,8,21,7	0,0,0,0,0	48,18,51,31,32	0,0,0,0,1	942	-1
2610	315,354,347,383,351	2,5,1,0,3	195,269,179,160,137	2,1,4,1,1	23	-1
2611	0,0,0,0,0	0,0,1,1,0	0,0,3,3,3	0,0,1,1,1	78	-1
2612	0,0,0,0,0	1,0,0,0,2	0,1,0,0,0	0,0,0,0,0	576	-1
2614	1,0,1,2,4	6,7,12,10,7	4,2,4,7,2	21,8,30,27,23	2	-1
2615	0,0,0,0,0	2,0,0,0,0	1,0,0,0,0	7,2,4,10,3	43	-1
2617	0,0,0,2,2	2,4,3,5,1	1,1,3,2,0	4,7,27,10,9	12	-1
2618	0,1,3,0,2	8,6,19,5,6	1,1,2,4,0	31,16,55,35,16	41	-1
2620	6,7,10,10,4	5,7,8,12,3	18,5,10,12,6	14,2,12,6,4	2	-1
2622	10,28,22,11,28	0,0,0,0,0	67,46,89,63,36	0,0,1,0,0	25	-1
2623	3,5,12,12,26	0,2,0,0,0	12,23,13,14,18	0,0,0,0,1	4	-1
2626	78,78,98,61,88	1,2,1,4,1	114,196,128,180,127	2,1,2,2,0	96	-1
2627	35,31,48,38,35	0,3,0,5,0	55,91,85,54,41	1,3,0,0,0	48	-1
2628	0,1,0,0,0	16,25,19,23,18	2,1,4,2,0	57,78,67,61,39	33	-1
2630	76,89,80,75,89	0,0,0,1,0	81,115,103,99,99	3,0,0,0,0	1640	-1
2634	319,275,268,302,239	0,0,0,0,0	1596,2422,2611,2016,1580	0,0,1,0,0	54	-1
2637	0,0,0,0,2	1,0,1,1,0	1,0,1,3,0	0,4,2,0,0	8	-1
2638	4,5,1,2,0	1,0,0,0,0	7,15,15,14,6	0,0,3,7,1	8	-1
2640	0,0,0,0,0	1,0,0,0,0	0,0,2,1,0	0,2,2,0,1	5	-1
2641	5,6,4,11,3	0,0,0,0,0	29,19,37,34,15	2,1,1,0,2	485	-1
2642	0,0,0,0,0	1,0,2,1,2	1,0,0,0,0	2,3,2,3,0	76	-1
2643	5,5,4,7,4	95,92,78,93,87	5,4,13,4,9	126,115,116,104,113	32	-1
2648	1,0,0,0,0	1,3,2,3,1	1,0,1,1,0	1,7,20,10,14	96	-1
2649	211,211,202,205,157	2,0,5,3,0	391,692,656,479,391	5,2,2,1,0	2	-1
2650	2,0,2,0,0	8,2,3,1,4	6,3,5,3,6	26,13,19,24,29	32	-1
2651	1,5,0,1,4	4,0,0,0,0	7,5,19,15,18	5,3,10,2,3	56	-1
2652	8,8,12,10,4	1,0,0,0,0	29,12,45,22,18	0,0,0,0,0	207	-1
2654	0,0,0,0,0	1,0,0,0,0	0,0,1,0,0	0,0,0,0,1	1332	-1
2655	0,1,0,0,0	0,0,0,2,0	4,5,2,0,0	3,0,1,0,2	247	-1
2656	2,4,3,0,0	9,2,2,4,7	11,3,15,7,11	21,11,16,18,16	14	-1
2657	32,33,50,26,56	10,8,11,10,8	12,8,17,9,10	3,1,0,4,5	14	-1
2658	21,17,31,24,17	11,15,28,16,18	16,36,49,42,27	30,38,40,40,24	77	-1
2659	2,6,3,3,0	22,36,53,36,26	13,5,13,7,5	43,67,58,57,31	662	-1
2663	18,21,27,25,15	0,1,0,0,0	76,37,57,45,42	1,0,0,0,2	10	-1
2664	4,6,5,8,5	10,12,22,24,19	24,28,23,10,4	53,37,57,54,25	29	-1
2665	0,1,0,1,0	51,68,46,44,52	0,1,1,0,0	51,48,78,41,44	181	-1
2668	10,13,10,9,13	30,36,64,48,61	28,15,20,24,21	99,111,121,113,57	11	-1
2669	2,0,0,0,0	39,46,38,41,39	0,0,0,0,0	43,55,71,58,55	49	-1
2672	0,2,0,2,0	1,2,7,3,6	0,0,1,0,0	4,10,4,8,0	47	-1
2677	2,1,1,4,1	1,0,0,0,0	13,46,34,23,21	0,3,0,0,0	95	-1
2679	10,10,7,5,11	41,52,58,58,56	3,3,4,5,0	19,13,25,7,8	532	-1
2682	13,20,30,20,12	0,0,0,1,0	26,54,49,28,53	1,0,0,3,0	1851	-1
2683	0,0,0,0,0	18,12,13,15,14	0,0,0,1,0	34,37,35,38,21	28	-1
2684	5,6,19,14,13	0,0,1,0,0	30,26,38,48,31	1,1,1,0,0	52	-1
2686	0,0,0,0,0	1,3,1,2,10	0,3,2,3,3	2,5,4,8,1	8	-1
2687	6,3,3,1,5	2,3,0,0,0	7,7,9,7,11	0,0,2,0,2	104	-1
2688	2,2,3,2,4	43,54,48,37,30	1,3,3,0,1	32,51,29,32,31	225	-1
2689	62,58,68,75,35	3,0,4,3,2	39,97,60,62,37	2,5,3,2,2	9	-1
2692	0,0,0,1,0	6,6,3,4,3	1,0,0,5,0	2,9,10,9,8	4	-1
2699	14,13,31,31,18	1,2,8,0,1	14,22,22,22,20	2,0,6,3,0	61	-1
2700	37,20,35,50,37	0,0,0,0,0	44,27,44,63,36	1,0,0,0,0	35	-1
2702	1,3,0,1,2	2,3,7,7,9	2,2,0,0,0	3,1,5,1,1	3	-1
2703	1,0,0,2,0	9,14,22,19,23	0,0,1,0,1	17,14,17,13,19	32	-1
2704	0,0,0,0,0	16,11,7,6,16	1,0,0,0,1	7,5,18,14,9	48	-1
2706	0,0,0,1,0	2,10,3,8,2	0,0,0,0,0	10,24,21,18,22	97	-1
2707	0,0,1,1,1	0,0,0,0,0	0,2,0,0,0	0,0,0,1,0	1	-1
2708	5,2,4,0,3	1,2,4,2,1	11,7,7,4,7	4,6,16,14,3	519	-1
2715	0,0,0,0,0	0,2,0,0,1	0,0,0,2,1	3,5,7,5,4	33	-1
2719	0,1,3,1,2	1,0,0,0,0	0,1,1,1,0	1,0,0,1,0	27	-1
2722	9,8,6,6,8	0,0,0,0,1	16,27,21,17,10	0,0,0,0,0	65	-1
2724	5,1,2,0,6	0,0,0,1,0	9,5,9,10,13	0,0,0,0,0	120	-1
2731	0,1,2,3,0	114,138,199,191,100	0,2,0,3,1	109,106,121,116,81	5	-1
2732	66,105,87,84,107	2,6,2,0,3	98,68,120,79,79	2,3,3,2,2	434	-1
2733	0,0,0,0,2	6,4,2,1,4	0,0,1,0,1	5,4,1,2,4	12	-1
2736	10,9,8,13,10	2,0,0,2,1	8,15,15,10,5	0,0,0,0,0	98	-1
2738	0,0,0,0,0	1,0,0,0,0	2,0,0,0,0	2,0,0,5,0	90	-1
2739	0,0,0,0,0	3,5,2,3,0	2,0,0,0,0	3,0,7,4,2	140	-1
2740	0,0,0,0,0	1,0,0,0,0	3,0,0,0,0	2,0,0,5,0	72	-1
2741	0,0,0,0,0	3,5,2,3,0	3,0,0,0,0	3,0,7,4,2	122	-1
2742	1,0,0,0,0	3,5,2,3,0	2,0,0,5,0	3,0,7,4,2	49	-1
2745	18,18,20,19,14	6,0,5,13,0	13,7,12,2,7	6,1,4,0,1	8	-1
2748	52,41,46,35,36	0,0,0,3,0	126,102,177,153,125	2,5,5,2,6	5	-1
2752	0,0,0,2,0	0,1,0,0,0	1,0,1,0,1	0,3,0,1,1	93	-1
2753	57,82,87,100,75	0,0,0,0,0	94,103,131,89,58	1,0,0,0,0	217	-1
2756	1,1,2,0,0	2,1,2,4,0	0,0,2,1,0	24,18,21,15,9	988	-1
2758	0,1,0,0,0	1,2,3,2,1	0,0,0,0,0	4,6,1,8,4	1013	-1
2762	69,59,30,101,402	0,0,0,1,0	26,30,41,39,52	0,0,0,0,0	299	-1
2766	6,0,0,0,0	0,0,1,0,0	11,2,4,0,0	1,0,0,0,0	162	-1
2769	1,1,0,2,1	1,3,1,1,1	6,0,7,7,2	13,7,27,14,10	38	-1
2770	5,4,6,0,2	1157,1215,1300,1210,1364	3,3,3,4,1	590,1022,729,587,504	448	-1
2771	1,4,1,5,2	0,2,3,6,8	1,4,2,4,2	13,5,27,9,12	35	-1
2776	1,3,1,3,1	0,0,0,3,0	10,5,6,5,10	0,0,0,0,0	12	-1
2778	3,1,0,1,0	0,0,0,0,0	1,0,2,2,3	0,0,0,4,1	187	-1
2779	4,3,3,2,0	10,1,3,7,0	9,4,18,11,6	17,3,16,9,9	73	-1
2780	2,3,0,1,4	15,15,10,11,16	1,1,3,0,0	27,28,15,16,20	20	-1
2782	96,69,64,80,31	21,12,11,19,6	163,87,188,197,116	48,30,30,49,16	3	-1
2783	7,9,1,2,2	0,0,0,0,0	9,19,26,11,11	2,0,1,1,3	45	-1
2786	0,1,1,4,1	0,0,0,0,0	25,13,26,35,4	0,1,0,0,0	41	-1
2787	7,12,11,7,3	0,0,0,0,0	46,47,95,65,27	3,7,3,8,2	11	-1
2788	21,22,19,12,27	33,53,43,67,52	3,5,10,12,8	27,5,33,22,7	17	-1
2789	0,0,0,0,0	6,31,23,18,19	0,0,0,0,1	26,53,64,52,184	63	-1
2790	0,0,0,1,0	1,0,0,1,0	0,0,1,0,0	2,1,2,0,1	29	-1
2791	0,1,1,2,1	0,0,0,0,0	9,3,6,6,2	0,1,0,0,0	24	-1
2792	0,0,0,0,0	0,1,0,0,0	0,0,3,2,0	0,0,0,0,0	32	-1
2794	0,0,0,0,0	1,1,1,0,1	1,1,0,0,1	2,1,3,1,0	100	-1
2795	0,0,0,0,0	1,1,1,0,1	0,0,2,0,0	2,1,3,1,0	2	-1
2796	1,0,2,3,0	1,0,0,0,0	3,10,5,5,0	0,0,0,1,2	46	-1
2797	23,26,31,27,22	14,9,8,12,2	43,40,46,63,34	12,8,12,10,6	2196	-1
2798	1,2,1,2,0	0,0,0,0,0	48,44,41,46,22	3,0,0,0,0	3	-1
2800	3,2,6,3,2	6,14,10,18,6	5,6,8,3,3	9,15,5,6,9	178	-1
2801	0,0,0,0,0	2,1,2,2,2	6,2,5,1,3	33,19,41,21,12	3	-1
2803	0,2,3,4,1	50,35,44,42,67	3,3,1,0,1	23,16,26,32,18	6	-1
2804	0,0,0,0,0	2,4,1,0,1	0,1,1,0,1	0,3,12,3,2	29	-1
2806	6,5,4,3,8	0,0,0,0,0	30,21,26,22,17	0,0,0,0,1	1201	-1
2807	18,16,20,21,9	0,0,1,2,0	21,21,29,24,19	1,0,0,2,0	907	-1
2808	2,1,0,0,3	12,12,17,25,26	0,0,2,1,0	26,14,23,12,12	9	-1
2809	26,38,32,35,26	0,1,0,0,0	27,22,28,35,31	0,0,0,0,0	352	-1
2810	0,1,1,4,0	0,0,0,0,1	17,12,7,8,9	1,9,1,1,0	129	-1
2812	41,47,54,71,47	12,28,17,11,24	8,1,16,11,11	0,1,2,1,0	107	-1
2813	0,0,0,0,0	2,0,0,0,0	0,0,0,2,1	0,0,0,0,0	14	-1
2815	0,0,0,0,1	0,0,0,0,0	0,0,0,0,2	0,1,1,2,0	303	-1
2816	0,0,0,0,0	34,34,41,31,35	0,0,0,0,1	74,92,69,65,29	25	-1
2819	1597,1608,1599,1727,1350	2,0,0,1,1	1843,2275,2032,1649,1555	3,7,6,3,8	2302	-1
2820	0,3,2,1,0	0,0,0,0,0	2,0,0,0,1	0,0,0,0,1	2302	-1
2822	17,17,16,24,12	0,1,0,0,0	85,58,96,58,54	0,0,1,0,0	134	-1
2826	19,28,39,24,16	0,0,0,0,0	33,31,41,42,23	0,0,0,1,0	217	-1
2830	13,16,21,15,15	0,0,0,0,0	28,15,46,33,18	0,0,0,1,0	282	-1
2833	11,11,15,17,6	0,0,0,0,0	30,34,61,38,24	0,0,0,1,0	284	-1
2834	2,4,3,2,1	14,17,19,17,12	0,3,0,4,3	53,35,73,47,44	135	-1
2836	4,2,3,2,0	0,0,0,0,0	3,9,2,2,4	2,0,0,0,1	10	-1
2838	0,0,0,0,0	0,0,1,0,1	2,0,0,0,0	5,1,2,0,0	22	-1
2843	0,0,1,0,0	10,8,20,19,28	0,0,0,0,0	11,24,11,16,8	73	-1
2844	1,0,1,6,0	5,8,11,14,8	0,1,0,0,0	20,11,25,12,9	116	-1
2845	0,1,0,0,0	0,0,0,0,0	0,0,0,0,0	0,1,0,0,0	87	-1
2847	0,3,2,3,0	1,0,2,1,4	1,5,1,4,0	8,2,1,2,1	18	-1
2849	4,2,4,2,3	32,21,21,35,26	2,4,6,4,8	34,45,34,38,16	94	-1
2850	17,21,26,29,18	32,21,21,35,26	22,35,36,37,24	34,45,34,38,16	146	-1
2851	1,1,3,1,1	32,21,21,35,26	2,2,0,2,0	34,45,34,38,16	148	-1
2852	2,3,3,2,0	32,21,21,35,26	2,3,2,8,3	34,45,34,38,16	177	-1
2853	17,21,26,29,18	4,2,4,2,3	22,35,36,36,24	2,4,6,3,8	51	-1
2854	1,1,3,1,1	4,2,4,2,3	2,2,0,1,0	2,4,6,3,8	53	-1
2855	2,3,3,2,0	4,2,4,2,3	2,3,2,7,3	2,4,6,3,8	82	-1
2856	1,1,3,1,1	17,21,26,29,18	2,2,0,1,0	22,35,36,36,24	1	-1
2857	2,3,3,2,0	17,21,26,29,18	2,3,2,7,3	22,35,36,36,24	30	-1
2858	2,3,3,2,0	1,1,3,1,1	2,3,2,7,3	2,2,0,1,0	28	-1
2859	0,0,0,2,3	8,15,8,23,12	4,0,12,15,2	66,63,76,78,40	48	-1
2860	11,3,1,5,2	21,12,4,21,12	22,24,24,14,11	54,58,102,138,34	4	-1
2865	7,4,3,9,5	0,0,1,1,0	22,10,34,25,22	0,0,0,0,0	22	-1
2870	18,10,17,20,16	0,0,0,0,0	9,5,9,13,11	0,1,0,0,0	29	-1
2871	0,0,0,0,0	10,7,2,6,10	0,0,2,0,0	12,7,14,29,8	3	-1
2872	48,71,56,78,40	3,4,0,2,5	39,50,38,48,55	0,1,1,1,0	13	-1
2877	0,1,1,1,0	0,4,1,0,1	2,0,4,7,1	12,6,25,8,12	26	-1
2879	0,3,2,0,1	1,0,0,0,2	0,1,0,2,1	0,0,2,0,0	555	-1
2885	21,27,40,40,21	0,0,1,0,0	38,27,27,16,13	1,0,0,0,0	90	-1
2888	1,1,0,0,2	0,0,0,0,0	0,6,5,4,0	0,2,0,0,2	57	-1
2891	99,124,114,91,97	315,269,309,279,352	120,82,163,112,91	337,288,445,356,272	3	-1
2892	0,0,0,0,0	1,0,2,0,2	0,0,0,1,0	7,8,8,8,4	72	-1
2896	20,18,14,19,15	31,12,19,25,24	57,32,72,33,47	63,57,68,83,31	167	-1
2898	25,12,22,14,8	0,0,0,0,0	70,28,74,33,37	0,2,0,0,0	9	-1
2899	9,11,6,10,3	36,40,45,67,28	11,13,9,12,7	54,35,67,69,50	55	-1
2901	32,18,39,35,18	20,40,51,28,26	19,16,14,4,9	16,19,27,13,14	29	-1
2902	2,0,0,0,0	0,0,1,1,1	0,0,0,0,0	0,0,1,1,0	3	-1
2903	1,1,1,3,0	31,36,41,32,26	2,0,1,0,1	36,27,25,27,26	3	-1
2906	0,1,3,0,0	2,4,1,0,1	0,3,1,3,1	2,15,9,5,6	14	-1
2908	30,17,36,19,19	14,13,18,16,7	19,17,55,30,36	17,9,10,11,12	38	-1
2911	28,41,37,52,47	0,0,0,0,0	43,26,84,51,40	0,0,2,0,0	191	-1
2912	19,11,16,14,13	0,2,0,0,0	14,6,10,19,10	1,3,0,0,0	36	-1
2913	3,0,2,2,0	13,13,20,20,17	1,1,0,4,0	8,7,17,3,7	179	-1
2914	33,23,54,39,36	0,1,1,1,0	15,6,13,10,7	0,0,0,1,0	3	-1
2919	24,6,19,16,17	1,0,0,0,0	45,42,45,34,33	0,1,1,1,0	17	-1
2923	6,8,4,13,3	0,0,0,0,0	39,20,38,34,15	0,0,0,0,1	4200	-1
2925	0,0,2,1,0	5,2,0,2,4	2,1,1,1,1	16,16,13,10,5	29	-1
2926	15,20,18,8,13	1,0,0,0,0	26,19,34,16,17	0,0,0,0,0	452	-1
2927	16,8,20,12,4	1,1,0,0,0	19,19,20,24,32	3,1,1,0,0	1078	-1
2928	24,29,24,31,23	4,4,4,8,4	29,22,47,15,27	9,4,1,6,2	3	-1
2930	5,6,8,4,3	0,0,0,0,0	11,5,21,22,8	1,0,2,0,0	197	-1
2931	3,0,1,6,0	2,2,2,5,1	4,4,4,3,5	3,6,6,5,2	5	-1
2932	0,5,9,2,5	2,2,2,5,1	11,9,24,17,14	3,6,6,5,2	16	-1
2933	0,5,9,2,5	3,0,1,6,0	11,9,24,17,14	4,4,4,3,5	10	-1
2934	23,17,18,39,24	0,0,0,0,0	22,11,38,29,14	0,0,0,1,0	1060	-1
2935	5,2,2,5,1	0,2,1,0,0	10,3,10,7,1	1,0,0,5,0	27	-1
2939	370,451,426,468,566	0,0,0,1,3	282,201,296,232,204	0,0,0,0,0	95	-1
2941	0,0,1,0,0	19,16,12,16,15	1,0,2,1,2	51,44,78,55,36	27	-1
2942	1,3,0,1,2	23,24,7,31,13	1,2,1,3,1	28,19,32,23,23	11	-1
2943	0,0,0,1,0	7,8,8,2,5	0,0,1,1,0	8,17,6,6,7	110	-1
2944	0,0,0,0,0	6,12,3,10,9	0,2,0,0,0	57,64,79,71,44	5	-1
2949	6,4,7,1,2	0,0,0,0,0	8,7,9,6,10	1,0,0,0,0	141	-1
2950	122,112,128,146,139	1,3,3,7,3	80,97,105,95,81	0,0,0,0,0	2538	-1
2958	0,0,1,5,1	0,0,0,1,1	0,0,0,0,0	1,0,2,0,0	14	-1
2959	1,2,3,1,0	0,1,0,1,1	4,1,5,5,3	1,0,0,1,4	11	-1
2960	80,69,82,82,74	0,2,1,0,4	85,62,103,93,41	1,3,0,2,0	47	-1
2962	0,6,2,1,1	10,9,11,10,5	2,0,12,2,0	13,13,35,11,21	9	-1
2966	15,12,4,6,6	2,3,4,1,1	8,10,7,11,11	2,3,4,4,3	16	-1
2967	1,2,0,0,1	0,2,6,7,13	1,2,1,1,1	1,2,1,0,2	4	-1
2968	6,3,0,3,4	17,18,11,16,20	1,0,0,0,1	13,15,22,16,8	4	-1
2969	0,0,0,1,0	0,0,0,0,2	0,0,2,1,0	0,0,0,0,0	42	-1
2972	1,1,0,0,0	20,9,5,12,5	4,3,1,5,0	27,14,49,47,21	4	-1
2973	1,0,0,2,0	0,0,0,0,0	1,3,5,5,3	0,1,1,0,0	8	-1
2978	48,35,36,45,33	0,0,0,1,0	343,284,420,405,197	0,0,0,0,0	277	-1
2980	0,2,5,1,9	0,0,0,0,0	7,6,20,14,5	3,0,3,0,0	56	-1
2983	65,61,73,63,50	0,0,0,0,0	200,224,316,234,178	0,1,2,1,0	8	-1
2984	1,3,2,4,9	10,9,17,18,7	6,5,5,3,2	10,6,19,25,15	8	-1
2987	68,57,67,72,57	0,0,0,0,0	125,175,238,113,111	0,0,0,1,0	1587	-1
2988	3,0,1,1,1	2,1,0,2,1	4,5,12,9,1	11,2,8,6,15	89	-1
2989	0,1,0,0,0	1,1,0,0,4	0,1,0,0,1	1,4,2,0,3	32	-1
2990	0,0,0,0,0	18,20,9,22,7	0,1,0,0,0	24,15,33,23,41	24	-1
2992	4,4,7,10,6	0,0,0,0,0	37,14,34,43,21	0,0,1,0,0	1121	-1
2994	3,1,3,0,1	178,195,193,179,176	0,0,3,0,2	136,124,133,125,107	9	-1
2995	0,1,0,1,0	2,2,3,2,1	0,0,1,0,0	6,2,18,11,8	23	-1
2996	175,178,152,152,136	0,0,0,0,0	287,474,437,305,221	0,0,0,1,0	42	-1
2997	13,14,15,16,20	1,0,0,0,1	15,14,60,16,20	0,0,0,0,2	182	-1
2998	25,33,26,46,23	63,69,81,87,42	59,47,85,31,45	90,101,128,91,96	38	-1
3002	7,3,5,7,3	0,0,0,0,0	18,10,12,18,21	0,0,1,0,2	86	-1
3003	128,138,130,156,160	0,0,0,0,1	228,189,244,157,176	0,0,0,0,0	1060	-1
3005	1386,1547,1530,1600,1441	0,0,0,0,0	1384,1431,1521,1193,1178	0,0,0,1,0	341	-1
3009	0,0,0,0,0	0,0,0,2,0	0,1,1,0,0	2,3,9,17,2	21	-1
3010	18,13,17,30,16	0,0,0,0,0	18,34,33,14,15	0,0,1,0,0	34	-1
3011	18,21,23,18,18	28,28,25,18,24	8,3,13,10,7	19,7,24,19,3	40	-1
3012	3,0,1,3,1	29,34,44,46,45	0,2,8,4,0	39,37,50,55,37	92	-1
3013	2,8,5,7,5	0,0,0,0,0	50,76,104,98,39	0,0,0,2,0	130	-1
3014	2,1,4,4,2	6,3,5,3,1	44,53,103,55,43	43,33,35,41,19	5	-1
3015	10,12,6,13,10	4,3,1,2,0	42,34,60,46,38	11,10,11,5,4	5	-1
3016	46,37,41,43,41	0,0,0,0,0	61,48,41,40,35	3,0,0,0,0	425	-1
3020	5,11,6,5,9	2,3,0,0,2	5,2,14,6,3	0,1,2,0,0	39	-1
3022	0,0,0,0,0	26,20,21,24,31	0,0,0,0,1	88,146,133,97,84	102	-1
3027	29,40,39,42,36	0,1,1,0,0	50,27,39,30,25	1,0,1,2,0	21	-1
3028	5,0,2,1,0	15,8,4,14,8	21,17,32,10,26	165,90,181,110,83	3	-1
3036	0,1,3,0,0	0,0,0,0,0	0,6,2,0,3	0,0,1,0,0	376	-1
3038	0,0,0,0,0	0,1,3,0,0	0,0,2,0,0	0,6,2,0,3	308	-1
3039	0,0,1,3,1	0,0,0,0,0	5,1,4,4,4	0,0,0,1,0	66	-1
3040	0,0,0,1,0	1,0,0,0,0	0,0,0,1,0	8,8,13,6,8	10	-1
3042	1,0,0,0,0	0,1,2,0,0	0,0,3,1,4	0,0,0,0,0	111	-1
3044	560,577,618,671,567	1,0,1,0,0	309,413,342,279,263	0,1,0,3,0	313	-1
3047	20,30,39,26,22	0,0,2,0,1	23,19,40,23,8	0,5,0,0,1	67	-1
3049	1,1,3,0,2	4,2,12,7,6	0,2,2,3,4	6,4,11,4,7	24	-1
3051	1,2,1,0,0	22,19,30,18,28	1,1,2,0,0	23,35,56,42,36	70	-1
3054	1,0,0,1,0	22,23,35,28,24	1,0,0,1,0	28,14,34,47,20	93	-1
3055	0,1,1,4,0	0,0,0,0,0	4,10,2,3,0	0,0,1,0,1	4	-1
3056	60,69,71,78,55	11,5,10,5,6	116,153,147,131,96	27,32,36,32,15	17	-1
3057	8,5,10,9,0	1,2,0,0,0	34,49,63,67,26	5,10,3,11,3	15	-1
3062	21,13,13,24,14	0,0,0,1,1	14,9,28,22,16	0,0,0,0,0	217	-1
3063	3,1,0,0,1	1,1,6,9,6	4,0,4,2,2	17,9,18,23,4	3	-1
3064	4,2,0,0,1	7,4,1,4,4	4,2,5,2,3	15,17,12,11,8	6	-1
3065	2,2,6,9,6	7,4,1,4,4	17,11,19,23,5	15,17,12,11,8	2	-1
3066	7,7,3,1,3	0,0,0,0,0	25,10,38,18,6	0,0,1,0,0	21	-1
3067	0,0,0,0,2	1,0,0,1,2	2,1,1,1,0	30,3,14,10,8	22	-1
3068	4,5,1,5,6	0,1,1,0,0	23,22,23,32,8	1,0,1,0,0	42	-1
3069	0,0,2,3,0	3,2,0,0,0	12,13,19,6,7	8,1,4,5,4	62	-1
3070	6,9,5,7,10	1,3,0,1,2	12,18,13,3,10	2,2,2,2,1	5	-1
3073	17,12,17,12,16	0,1,0,1,0	19,10,8,21,6	0,0,0,0,0	210	-1
3078	22,23,25,26,19	0,3,0,0,0	34,13,26,13,10	0,0,0,0,0	68	-1
3081	0,2,0,2,0	0,0,0,0,0	1,0,0,0,0	1,0,0,0,0	47	-1
3083	8,11,15,7,10	3,8,2,7,9	9,13,7,8,4	5,10,4,2,2	1	-1
3086	164,159,171,188,221	3,0,0,0,0	83,111,111,75,81	0,0,0,0,0	246	-1
3087	94,66,84,89,72	0,0,1,0,0	78,108,85,70,54	0,1,0,3,0	75	-1
3092	0,0,0,0,0	0,0,0,3,0	0,0,0,1,0	6,9,4,1,3	5	-1
3093	2,0,0,1,2	0,0,0,0,0	2,3,2,1,2	0,0,0,0,1	341	-1
3095	1,7,5,4,3	35,34,65,50,38	3,0,0,4,1	25,38,42,70,43	572	-1
3096	0,1,0,0,0	0,2,0,0,0	9,6,11,2,3	1,1,7,0,0	199	-1
3097	0,1,0,0,0	2,0,0,0,0	9,6,11,2,3	2,2,4,1,1	232	-1
3098	0,2,0,0,0	2,0,0,0,0	1,1,7,0,0	2,2,4,1,1	32	-1
3100	1,0,0,0,0	1,4,2,9,3	3,2,4,2,0	46,16,36,18,18	132	-1
3101	11,9,4,12,9	0,0,0,0,0	23,24,30,20,27	1,0,0,0,0	660	-1
3102	11,9,4,12,9	5,8,5,3,3	23,24,30,20,27	12,13,18,13,5	8	-1
3105	5,3,2,1,2	6,8,5,3,5	15,6,15,10,2	24,13,43,29,21	288	-1
3106	0,1,0,0,4	0,0,0,1,0	2,2,3,4,0	0,0,0,0,0	10	-1
3107	0,0,1,0,0	1,3,1,5,1	0,1,0,1,0	4,10,3,5,1	17	-1
3111	2,2,0,3,1	0,0,0,0,0	6,6,14,10,11	0,1,1,0,0	217	-1
3112	36,22,24,25,22	0,0,1,0,0	14,7,18,9,9	0,0,0,0,0	169	-1
3115	0,0,0,0,0	0,1,1,0,0	1,0,1,0,1	1,3,4,3,1	23	-1
3116	0,1,3,1,2	0,0,0,0,0	4,3,5,1,3	3,2,1,3,0	23	-1
3119	10,7,3,18,10	4,7,6,16,6	6,1,3,2,5	5,0,5,3,1	8	-1
3120	9,10,11,9,11	8,6,4,6,5	38,22,27,25,19	24,14,20,15,13	30	-1
3121	4,3,1,8,6	105,98,110,98,86	4,0,2,0,0	42,17,43,32,32	107	-1
3122	13,15,26,21,11	0,0,0,0,1	151,97,168,128,91	5,0,1,0,3	10	-1
3123	0,0,0,0,0	1,0,0,0,0	1,0,0,0,0	0,1,4,0,2	90	-1
3124	12,8,7,8,3	1,0,2,3,0	9,11,5,16,3	6,2,2,3,1	247	-1
3125	3,1,3,9,2	1,3,1,0,0	9,2,6,6,3	0,2,0,0,1	39	-1
3127	13,19,21,19,17	0,3,0,3,1	30,40,48,45,38	3,1,6,1,0	464	-1
3128	0,0,0,0,0	3,5,4,3,5	0,2,0,2,0	14,22,23,18,15	35	-1
3129	4,1,3,1,0	1,0,1,0,1	5,5,6,8,4	3,2,0,1,0	163	-1
3130	0,0,0,2,0	4,6,9,7,1	2,0,2,0,0	20,6,10,18,26	123	-1
3131	0,1,0,0,0	0,2,2,1,0	0,0,1,5,0	2,2,2,4,3	34	-1
3132	22,12,6,17,7	0,1,0,0,0	18,49,26,22,31	0,0,0,0,0	13	-1
3133	35,26,31,39,42	0,0,0,0,4	48,22,47,38,20	1,0,0,0,0	49	-1
3135	1,0,4,2,0	0,0,0,0,0	17,11,37,17,11	0,0,0,1,1	37	-1
3136	0,3,0,2,3	0,1,0,0,0	17,8,19,12,12	9,3,3,5,4	14	-1
3137	9,8,3,8,6	6,2,2,2,3	5,15,21,20,12	1,2,3,2,3	142	-1
3138	0,0,0,1,0	1,3,0,0,0	5,0,5,1,2	0,0,0,0,0	142	-1
3141	7,14,6,8,15	0,2,0,0,0	8,12,9,9,5	0,0,0,0,0	578	-1
3143	13,13,15,15,11	35,50,22,33,54	21,20,19,15,12	45,36,22,20,46	49	-1
3144	61,78,88,73,61	1908,1893,1898,1892,1753	76,99,95,63,70	2377,3115,2888,1945,2082	49	-1
3145	13,12,15,15,13	105,100,110,65,92	20,20,19,15,12	124,163,171,117,156	49	-1
3146	8,2,5,8,1	38,25,22,26,14	13,4,16,10,12	62,27,43,41,29	8	-1
3147	1,1,3,3,0	0,0,0,0,0	3,0,2,1,1	0,0,0,0,1	8	-1
3148	3,0,2,1,0	5,0,1,4,0	2,0,4,2,2	17,12,11,10,5	2	-1
3149	2,4,8,5,9	0,0,1,0,0	29,18,34,12,13	0,0,0,0,1	86	-1
3150	15,26,24,17,10	44,60,62,53,33	20,14,9,20,10	16,24,28,40,18	148	-1
3155	35,30,24,35,22	0,1,0,0,0	39,16,30,14,29	0,0,0,0,0	46	-1
3156	5,0,3,2,0	8,10,8,12,2	6,0,4,5,3	10,7,20,10,8	3	-1
3159	0,2,0,0,0	7,0,4,3,1	3,2,4,1,1	3,0,4,5,1	326	-1
3160	0,2,0,0,0	7,0,4,3,1	9,2,8,5,9	3,0,4,5,1	872	-1
3162	3,2,2,4,2	0,0,0,0,0	23,23,37,15,18	0,0,0,1,0	231	-1
3164	7,10,5,6,8	302,356,398,308,435	8,8,7,4,4	184,249,236,271,270	3	-1
3165	150,166,164,169,136	1,0,0,0,0	133,110,169,132,121	0,0,0,0,0	1329	-1
3166	0,0,0,0,0	1,0,0,0,0	4,0,1,0,0	0,0,0,0,0	41	-1
3169	1,0,0,1,0	6,16,15,10,8	0,0,0,2,0	5,2,5,3,3	4	-1
3172	33,31,40,39,38	0,2,2,2,5	53,54,97,84,29	10,4,6,7,7	117	-1
3173	20,22,20,27,11	1,0,0,0,0	38,21,42,43,18	0,0,0,0,0	117	-1
3175	10,33,17,19,10	66,84,74,96,62	13,11,8,8,10	29,26,36,24,35	727	-1
3176	25,25,45,54,26	0,0,0,1,2	22,33,36,34,32	1,1,2,0,1	33	-1
3178	1,0,2,1,0	0,0,0,0,0	7,7,8,5,8	0,0,0,1,0	3	-1
3182	0,0,0,0,0	2,2,3,3,3	0,0,0,1,0	2,2,2,4,3	17	-1
3185	1,1,1,6,1	15,13,8,16,18	1,0,1,0,0	23,6,12,25,10	23	-1
3186	1,0,3,3,1	22,22,8,28,14	3,0,2,0,1	24,8,8,18,6	33	-1
3190	0,0,0,1,3	93,116,78,96,101	0,5,4,2,4	153,152,179,110,133	54	-1
3193	133,131,132,138,141	43,26,32,33,30	82,93,71,54,65	27,13,29,18,16	5	-1
3200	0,1,0,0,0	0,0,2,4,1	2,1,4,8,2	7,7,6,3,4	137	-1
3201	0,1,0,0,0	3,0,1,4,3	0,0,0,0,0	2,0,3,5,0	11	-1
3204	0,1,0,0,0	3,0,2,0,5	1,1,1,7,0	6,9,4,5,7	15	-1
3205	197,250,254,256,212	0,2,0,0,0	651,631,766,558,556	1,0,0,0,0	160	-1
3210	5,4,2,1,4	2,0,0,0,0	4,5,5,4,1	1,0,1,0,1	15	-1
3215	14,5,10,11,14	0,0,1,2,1	5,0,8,2,5	0,0,1,0,0	14	-1
3216	174,173,199,202,178	0,0,1,2,1	142,79,135,130,116	0,0,1,0,0	43	-1
3217	160,168,189,193,165	0,0,0,2,1	137,79,127,128,111	0,0,0,0,0	28	-1
3218	19,7,1,7,6	9,1,4,5,5	13,33,19,27,21	9,7,13,20,11	5	-1
3220	3,2,3,0,1	6,18,5,2,6	16,5,15,10,9	19,15,19,15,15	5	-1
3221	14,5,10,13,14	1,3,1,2,0	17,8,30,12,6	1,0,4,1,0	72	-1
3223	1,0,0,0,0	0,0,0,3,0	0,0,2,0,0	0,0,0,0,0	623	-1
3227	0,0,0,0,0	0,1,0,0,0	0,0,0,1,0	0,1,2,0,0	11	-1
3229	0,0,1,0,0	12,3,2,2,2	0,0,0,0,0	3,3,4,5,7	15	-1
3230	10,11,5,16,7	0,0,0,0,0	18,3,10,10,4	2,1,0,0,0	1299	-1
3231	15,10,9,13,3	54,58,44,76,55	30,12,27,28,14	98,45,109,70,55	4	-1
3233	22,25,25,35,20	10,2,5,5,2	49,40,75,47,47	7,13,16,27,18	348	-1
3239	6,12,7,16,4	0,0,0,1,0	24,7,25,19,15	0,0,0,0,0	539	-1
3261	7,10,8,5,4	2,0,5,3,3	5,2,12,7,2	6,3,9,5,7	145	-1
3262	37,52,31,37,39	0,0,0,0,0	34,35,61,41,36	0,0,1,0,0	192	-1
3264	42,54,33,45,42	0,1,0,0,0	36,37,64,43,39	0,0,0,0,0	218	-1
3266	5,2,2,8,3	0,1,0,0,0	2,2,4,2,3	0,0,0,0,0	25	-1
3267	5,2,2,8,3	0,1,0,0,0	2,2,3,2,3	0,0,0,0,0	3	-1
3268	5,2,2,8,4	20,22,22,38,35	2,2,5,3,5	39,36,30,32,26	25	-1
3274	12,24,6,25,9	1,1,9,6,5	37,28,32,45,24	7,3,4,9,3	30	-1
3275	0,0,0,1,0	0,1,0,0,0	8,7,25,12,9	0,3,0,2,0	536	-1
3277	3,1,2,3,2	0,0,1,1,0	12,13,14,14,18	1,0,2,1,0	485	-1
3278	8,10,4,4,2	0,1,0,0,0	35,44,58,55,29	0,1,1,0,1	27	-1
3280	0,0,0,3,2	0,0,2,0,0	17,4,2,6,6	2,1,0,2,3	38	-1
3283	10,6,8,7,5	10,6,12,11,11	7,3,12,9,7	13,16,13,24,10	505	-1
3284	0,0,0,1,0	0,0,0,4,0	3,0,5,2,0	6,9,6,5,8	126	-1
3285	2,0,0,3,1	1,1,0,0,2	11,13,14,11,6	23,13,27,6,4	119	-1
3286	2,2,0,3,1	0,0,0,0,0	9,5,15,4,5	0,0,2,0,4	113	-1
3290	3,5,6,10,3	3,10,5,9,6	1,10,3,6,1	1,5,6,5,4	10	-1
3291	0,0,0,0,0	1,3,0,0,2	0,0,0,0,1	3,7,5,6,2	41	-1
3297	2,4,1,4,3	0,1,0,0,0	5,2,10,14,18	0,0,1,2,0	347	-1
3298	7,7,6,8,9	6,5,13,11,11	27,9,12,23,15	12,19,32,16,18	20	-1
3299	3,1,1,0,1	0,1,2,1,0	26,19,30,28,9	8,6,18,11,4	14	-1
3301	0,2,1,0,0	0,1,0,5,1	2,10,4,5,3	3,11,10,6,2	30	-1
3302	5,0,0,3,1	17,34,34,32,23	5,4,5,4,2	77,73,73,88,65	16	-1
3304	250,293,295,278,334	1,0,0,0,1	134,175,145,175,136	0,4,0,0,1	154	-1
3306	0,0,0,0,0	0,0,1,0,0	1,0,0,0,0	2,0,0,1,0	510	-1
3307	3,6,1,6,1	2,1,5,1,2	5,1,10,9,12	5,1,8,12,5	2	-1
3309	742,637,531,666,666	15,15,9,10,13	1429,877,1450,1189,947	22,18,35,20,15	142	-1
3310	816,699,609,722,731	54,61,50,40,52	1550,1076,1609,1332,1045	63,106,96,65,49	253	-1
3311	89,77,87,66,78	54,61,50,40,52	143,217,194,163,113	63,106,96,65,49	110	-1
3316	0,2,1,1,2	51,55,42,49,49	0,0,0,0,0	47,48,41,52,33	299	-1
3317	9,6,10,12,9	0,0,0,0,0	14,9,21,30,16	0,2,0,0,0	3	-1
3319	0,0,0,0,0	0,0,0,1,1	0,0,4,0,1	8,3,7,9,3	14	-1
3320	1,0,0,0,0	5,2,7,12,4	8,2,8,3,2	37,39,53,43,32	111	-1
3321	0,0,0,0,0	3,0,0,0,0	1,1,0,0,0	3,6,4,6,6	221	-1
3322	1,3,1,3,0	0,0,0,0,0	19,8,11,18,12	0,5,0,1,0	388	-1
3324	0,0,1,0,0	1,0,0,0,0	0,0,0,0,0	1,0,0,2,0	3	-1
3325	1,0,0,0,1	4,3,6,4,5	2,4,2,2,2	10,5,8,6,1	3	-1
3328	9,13,22,10,21	0,5,0,2,0	37,42,102,96,28	9,1,8,8,1	5	-1
3330	1,6,1,3,1	107,115,131,116,122	1,1,3,0,0	166,130,195,135,119	62	-1
3332	0,0,0,1,1	0,0,0,0,0	3,0,1,1,1	1,0,0,0,0	7	-1
3334	2,3,5,6,3	16,19,9,10,15	14,8,13,9,17	50,58,54,33,28	17	-1
3338	1,2,3,0,5	25,24,32,21,26	9,1,3,3,2	58,81,113,87,59	13	-1
3340	13,6,10,13,11	2,0,0,1,0	33,10,30,21,7	0,0,0,0,0	3	-1
3341	25,36,37,30,19	4,1,0,0,0	29,23,29,21,21	0,0,1,0,1	167	-1
3347	83,71,70,86,48	11,19,11,22,15	50,85,93,77,68	29,26,34,38,8	5	-1
3349	0,0,0,1,2	16,20,19,19,9	0,0,0,1,1	23,22,17,14,10	8	-1
3351	1,5,4,4,5	0,2,0,1,2	27,26,30,26,21	4,1,5,5,2	143	-1
3352	5,2,0,0,0	0,0,0,0,2	11,15,9,17,4	4,2,3,4,2	3	-1
3353	6,3,9,6,10	0,1,0,0,0	2,4,5,5,5	0,0,0,1,0	10	-1
3354	0,2,0,1,0	0,0,0,0,0	11,8,8,4,3	0,0,0,0,1	35	-1
3355	8,2,4,1,0	12,6,9,10,2	15,13,20,12,16	66,43,82,56,56	35	-1
3357	0,0,1,0,0	6,8,7,9,5	0,0,0,1,0	5,6,7,3,3	93	-1
3358	0,1,1,1,2	1,4,2,4,2	0,0,0,0,1	3,3,6,2,0	1436	-1
3359	13,5,14,12,5	0,2,0,0,0	6,8,20,14,10	0,0,0,0,0	36	-1
3360	4,5,13,11,19	0,0,0,0,0	91,59,117,84,67	0,0,2,0,0	678	-1
3361	1,0,1,1,0	3,3,0,10,0	2,2,7,7,0	49,29,55,56,23	6	-1
3366	4,5,4,11,18	1,0,0,0,0	22,9,27,28,6	3,2,0,0,0	12	-1
3368	0,1,0,0,0	0,0,0,0,0	9,2,2,4,3	0,0,0,1,1	86	-1
3369	0,1,0,0,0	5,2,8,3,1	0,1,0,0,1	7,14,8,13,5	81	-1
3370	1,0,1,0,0	2,6,13,3,1	0,4,0,1,0	10,12,11,18,9	160	-1
3371	3,0,0,0,0	22,12,12,9,9	0,0,0,0,0	20,13,28,14,16	7	-1
3373	0,0,0,1,0	8,9,9,5,8	1,0,0,1,0	78,88,82,78,68	3	-1
3376	0,4,3,3,0	2,0,1,0,0	12,2,2,19,4	1,0,1,0,0	1092	-1
3385	4,1,0,1,0	6,8,7,7,3	0,0,1,3,0	11,3,10,6,22	4	-1
3386	39,37,31,23,28	1,1,3,5,0	47,44,58,29,31	1,3,2,2,1	18	-1
3388	0,0,2,0,0	1,1,0,0,0	1,7,1,2,0	7,0,0,0,0	49	-1
