ID	IJC_SAMPLE_1	SJC_SAMPLE_1	IJC_SAMPLE_2	SJC_SAMPLE_2	IncFormLen	SkipFormLen
0	1,0,2,0,0	0,0,1,0,1	0,0,0	0,1,0	-2	-1
2	5176,3835,5229,4047,4076	29,34,82,58,59	3156,1688,1280	35,35,26	-2	-1
4	6,10,8,6,5	26,28,10,8,7	4,8,9	9,51,33	-2	-1
5	1,3,1,1,0	1,1,0,6,0	0,0,0	2,2,0	-2	-1
10	0,2,0,2,2	1,2,4,1,1	1,1,2	3,2,1	-2	-1
11	0,0,0,0,7	25,26,45,33,9	1,0,0	19,2,8	-2	-1
14	1,0,1,0,0	3,3,1,3,1	0,0,0	0,3,0	-2	-1
17	0,0,0,0,0	197,213,255,179,184	2,0,3	154,174,188	-2	-1
18	22,2,19,8,10	2,2,3,1,0	5,4,2	0,0,0	-2	-1
19	0,0,1,0,0	105,98,140,94,69	0,0,0	28,25,15	-2	-1
21	0,0,1,0,0	23,32,35,45,20	0,0,0	10,6,5	-2	-1
22	0,0,1,0,0	8,11,5,7,6	0,0,0	4,0,1	-2	-1
23	1,0,0,0,0	69,48,56,86,44	0,0,1	62,75,73	-2	-1
24	8,0,5,3,0	43,18,54,32,24	2,1,2	22,4,7	-2	-1
28	42,26,37,71,33	11,2,6,12,0	13,25,20	4,7,3	-2	-1
29	1,7,4,5,2	93,113,116,92,67	0,8,0	45,34,34	-2	-1
30	1,0,6,3,2	16,42,27,27,31	1,0,0	18,11,8	-2	-1
31	7,12,7,9,6	115,86,144,108,120	6,7,3	85,56,62	-2	-1
32	8,12,16,15,7	62,76,81,63,54	3,5,6	23,27,29	-2	-1
34	0,0,3,1,0	155,197,130,148,78	0,0,1	97,221,194	-2	-1
35	1,0,1,0,0	0,6,0,1,2	1,0,0	4,1,5	-2	-1
36	0,0,0,0,0	2,6,1,0,4	1,0,0	5,3,4	-2	-1
38	0,0,0,0,0	100,71,78,56,77	1,1,1	364,602,1013	-2	-1
39	2,5,0,0,0	15,10,15,13,11	0,1,0	4,4,5	-2	-1
41	14,5,8,8,14	9,5,10,9,14	2,1,3	12,8,6	-2	-1
42	14,5,8,8,14	0,1,0,0,0	2,1,3	0,0,0	-2	-1
43	1,0,1,0,1	9,8,10,16,7	0,0,0	2,0,6	-2	-1
44	3,3,0,1,3	104,132,162,109,79	0,1,1	110,252,258	-2	-1
45	0,0,0,0,1	546,541,776,525,433	0,0,0	472,339,354	-2	-1
46	0,0,0,0,1	504,369,640,504,412	0,0,0	421,188,197	-2	-1
47	42,65,47,39,37	857,814,1182,771,672	32,22,31	666,405,369	-2	-1
50	0,0,2,0,0	0,0,1,0,2	0,0,0	2,0,0	-2	-1
53	5,5,1,7,6	40,28,57,60,38	2,6,1	16,33,22	-2	-1
54	3,0,5,12,2	2,0,4,0,3	0,0,1	3,0,1	-2	-1
55	7,2,5,1,0	72,69,79,61,59	0,1,0	28,18,32	-2	-1
56	6,5,6,4,6	89,61,83,76,48	5,2,1	38,56,54	-2	-1
57	1,2,0,0,3	99,60,122,86,108	0,0,1	29,25,30	-2	-1
58	0,0,1,0,0	103,92,117,98,150	0,0,0	52,56,51	-2	-1
59	0,0,0,0,0	108,94,172,141,101	0,1,1	140,63,54	-2	-1
60	0,0,1,2,1	141,117,231,177,99	0,1,1	113,261,220	-2	-1
64	1,0,1,0,0	3,0,6,5,8	0,0,0	1,0,0	-2	-1
67	2,0,0,0,0	14,1,3,1,5	0,0,3	3,0,5	-2	-1
68	15,2,17,20,9	52,69,89,69,43	9,11,9	40,54,33	-2	-1
70	1,1,0,0,1	15,12,12,9,7	0,1,0	3,4,5	-2	-1
73	2,1,0,0,2	353,547,360,359,232	0,0,0	210,453,360	-2	-1
74	6,9,14,12,8	31,33,26,46,22	8,3,6	29,37,29	-2	-1
77	0,0,0,1,0	46,37,57,36,32	0,0,0	34,36,65	-2	-1
78	1,2,5,1,1	37,40,63,28,33	0,3,0	35,6,14	-2	-1
79	1,0,5,1,1	6,5,5,5,9	0,3,0	4,4,1	-2	-1
80	0,0,0,1,0	0,0,0,0,0	0,0,0	1,0,0	-2	-1
84	3,2,1,2,0	11,7,8,17,9	0,0,0	8,12,10	-2	-1
87	0,1,0,0,0	20,8,29,15,20	0,0,1	21,13,2	-2	-1
89	4,4,5,5,3	13,15,24,19,14	3,5,3	12,18,13	-2	-1
90	0,0,0,1,0	30,28,52,21,19	0,0,0	5,6,7	-2	-1
91	3,7,15,11,11	2,0,4,0,5	5,13,4	1,1,2	-2	-1
92	1,0,2,1,2	109,144,117,124,99	1,2,1	72,60,66	-2	-1
95	0,1,0,1,0	3,6,7,7,5	0,0,0	0,1,4	-2	-1
98	1,3,5,2,3	129,93,157,140,104	1,2,0	59,52,46	-2	-1
99	7,6,15,25,7	16,7,20,17,9	16,13,8	9,6,2	-2	-1
107	0,2,2,2,1	20,9,37,19,11	2,0,4	4,12,10	-2	-1
108	2,0,5,1,4	27,14,39,27,13	0,1,0	7,16,6	-2	-1
109	3,1,3,0,3	0,0,0,0,1	0,1,1	0,0,0	-2	-1
110	8,1,11,1,4	41,25,42,46,20	0,3,1	10,12,4	-2	-1
111	12,8,24,13,10	0,4,0,1,2	4,7,6	0,0,1	-2	-1
122	1,0,1,0,3	2,2,15,6,6	0,1,0	5,3,0	-2	-1
126	22,7,25,22,9	209,253,349,270,185	18,17,9	170,190,235	-2	-1
128	4,19,14,9,7	0,2,0,0,0	10,4,8	0,0,0	-2	-1
131	28,31,40,21,35	1,0,0,2,1	27,15,37	0,1,1	-2	-1
132	0,0,0,0,1	300,277,338,251,248	0,0,0	279,158,247	-2	-1
139	2,0,3,2,0	18,6,23,10,15	0,2,0	7,7,9	-2	-1
141	0,0,1,0,0	1,1,2,3,4	0,0,2	2,0,1	-2	-1
143	0,0,1,1,1	1,1,1,0,0	0,0,0	1,0,0	-2	-1
144	0,0,1,1,1	0,0,0,2,1	0,0,0	0,1,0	-2	-1
155	2,0,9,5,4	100,27,86,75,70	5,0,2	78,39,29	-2	-1
157	1,0,1,1,0	1,6,5,5,4	0,0,1	3,10,5	-2	-1
159	4,6,1,5,1	71,65,62,70,81	1,6,2	25,46,44	-2	-1
160	0,0,0,0,0	3,0,5,1,3	1,2,0	7,2,1	-2	-1
161	15,12,24,23,15	0,2,0,1,1	17,20,12	1,0,0	-2	-1
162	0,0,0,0,0	9,9,16,6,11	1,2,0	14,12,3	-2	-1
163	44,92,66,44,54	568,930,908,562,568	36,92,92	403,807,796	-2	-1
174	3,0,0,2,0	4,2,9,1,5	0,0,0	1,2,3	-2	-1
182	0,1,0,0,0	5,5,15,4,9	0,0,0	2,3,2	-2	-1
190	1,0,0,0,0	4,0,4,1,0	0,0,0	0,0,2	-2	-1
191	1,7,4,2,0	10,28,37,42,7	0,1,0	8,5,10	-2	-1
192	3,0,1,2,1	10,8,12,12,9	1,0,0	4,8,2	-2	-1
196	0,3,1,1,0	43,56,42,40,29	0,0,1	28,31,22	-2	-1
200	0,1,5,5,0	0,1,2,2,1	0,7,4	1,6,2	-2	-1
204	2,1,2,0,4	1,10,11,2,7	2,1,3	0,1,1	-2	-1
205	6,0,8,1,3	6,6,15,15,2	1,0,1	6,1,1	-2	-1
208	0,1,0,0,1	7,6,4,2,1	0,0,1	0,0,1	-2	-1
216	3,2,6,5,1	73,69,105,53,55	3,2,4	38,56,73	-2	-1
219	0,0,0,0,0	35,22,55,34,18	0,0,1	19,28,16	-2	-1
224	7,0,1,6,6	114,93,116,94,91	3,0,3	58,21,29	-2	-1
225	0,0,0,2,0	121,72,131,87,104	0,0,0	58,62,44	-2	-1
226	0,0,2,0,2	2,2,3,4,1	0,0,0	2,2,1	-2	-1
229	4,1,5,0,3	181,169,249,189,171	0,4,9	120,139,119	-2	-1
238	0,0,2,1,1	9,6,13,4,5	0,2,0	0,0,2	-2	-1
239	2,2,1,8,2	9,1,17,17,20	0,1,2	1,8,1	-2	-1
240	0,0,0,1,0	9,5,4,7,6	0,0,0	1,3,4	-2	-1
243	15,1,8,13,19	102,7,94,151,146	6,6,1	69,33,15	-2	-1
249	5,0,0,4,5	44,8,17,43,43	2,2,2	25,24,5	-2	-1
250	7,1,2,5,5	13,9,13,3,1	2,3,2	4,0,4	-2	-1
251	2,1,2,1,0	49,34,20,59,42	0,1,0	26,15,6	-2	-1
253	1,0,0,0,0	0,4,4,1,3	0,0,0	0,1,1	-2	-1
256	12,11,21,18,13	0,0,0,1,0	4,7,13	0,0,0	-2	-1
257	1,0,0,1,2	31,40,37,45,28	0,0,0	15,18,22	-2	-1
259	0,1,0,0,0	34,42,42,38,22	0,1,1	22,32,28	-2	-1
266	0,0,2,4,0	8,12,21,10,11	0,0,0	7,9,8	-2	-1
267	3,0,4,3,1	20,10,10,17,10	1,0,0	11,1,0	-2	-1
268	20,6,15,12,7	4,0,4,3,6	3,2,0	1,0,0	-2	-1
270	25,10,22,16,17	100,80,121,65,61	4,6,6	51,63,62	-2	-1
273	2,4,1,2,2	668,1039,933,706,580	1,1,0	476,434,409	-2	-1
274	1,1,2,0,1	197,156,213,161,126	0,0,1	133,112,116	-2	-1
275	1,0,0,0,0	157,217,225,150,153	0,0,0	107,90,102	-2	-1
276	17,26,12,9,17	0,0,0,1,0	12,9,16	0,0,0	-2	-1
277	17,26,12,9,17	120,127,135,105,112	12,9,16	69,107,59	-2	-1
278	1,0,1,2,2	8,12,4,8,7	0,0,0	9,4,7	-2	-1
279	4,3,0,4,5	4,1,11,1,12	6,0,5	1,1,8	-2	-1
280	2,0,0,0,0	26,5,19,15,19	0,0,0	12,4,10	-2	-1
283	6,9,3,5,4	13,15,13,15,8	8,10,7	21,33,23	-2	-1
284	17,14,5,15,9	0,0,0,0,0	14,16,17	0,2,0	-2	-1
288	2,0,0,0,0	3,6,0,2,5	0,0,1	4,0,4	-2	-1
289	4,9,10,2,1	36,39,29,23,17	1,2,1	15,20,26	-2	-1
290	3,0,3,1,1	55,53,55,42,24	0,0,3	22,32,34	-2	-1
295	0,0,0,0,0	92,37,74,75,60	0,2,1	50,65,47	-2	-1
298	1,2,2,2,0	0,0,5,0,0	3,2,0	0,1,0	-2	-1
299	0,5,0,1,0	34,25,30,31,11	0,1,1	34,23,31	-2	-1
301	1,0,0,0,0	1,0,4,3,3	0,0,0	4,0,3	-2	-1
303	45,66,65,60,32	1,1,0,1,3	53,34,26	1,1,1	-2	-1
305	8,7,20,7,1	96,34,79,66,77	7,6,1	54,59,52	-2	-1
306	0,1,0,0,0	7,18,4,7,2	0,0,0	3,4,4	-2	-1
307	3,7,8,5,2	125,137,119,109,111	5,2,7	102,120,122	-2	-1
311	5,2,2,0,1	24,16,27,22,13	1,1,4	19,15,33	-2	-1
312	4,0,4,1,0	40,38,53,37,36	0,0,0	22,12,21	-2	-1
314	0,3,0,0,0	8,4,4,6,5	0,3,3	5,13,6	-2	-1
315	0,3,0,0,0	145,135,157,123,121	0,3,3	162,248,344	-2	-1
316	0,0,0,0,0	157,166,177,143,177	0,3,0	222,291,371	-2	-1
318	4,0,3,3,0	110,66,121,60,78	0,0,0	40,56,53	-2	-1
325	0,0,0,1,0	11,7,17,10,17	0,0,0	8,9,22	-2	-1
330	0,0,1,0,0	5,9,3,4,3	0,0,0	0,3,2	-2	-1
331	0,0,1,0,0	15,14,11,11,4	0,0,0	17,11,13	-2	-1
332	1,4,1,1,0	18,23,30,30,31	0,1,0	10,16,29	-2	-1
333	0,1,0,0,2	5,2,8,5,6	0,0,0	2,11,6	-2	-1
334	2,1,1,2,0	43,18,44,37,33	3,2,5	9,11,18	-2	-1
342	8,6,13,8,16	66,48,91,100,50	4,3,4	35,64,48	-2	-1
348	1,2,0,0,0	107,64,95,87,72	1,1,0	72,50,60	-2	-1
354	4,4,7,7,4	86,75,94,72,56	5,0,2	84,48,59	-2	-1
355	2,2,3,0,1	214,329,233,227,171	1,7,3	142,393,323	-2	-1
358	0,0,0,0,1	740,1267,1322,745,653	0,0,0	608,996,1037	-2	-1
359	0,0,0,0,1	890,1325,1550,0,2	0,0,0	1,3,71	-2	-1
366	0,0,1,3,0	3,3,2,4,4	0,0,0	0,1,1	-2	-1
367	0,0,1,3,0	2,0,0,0,0	1,0,0	0,0,0	-2	-1
371	0,0,2,0,0	23,20,20,12,13	2,0,0	13,10,3	-2	-1
372	0,0,2,0,0	3,7,1,3,2	2,0,0	2,2,1	-2	-1
373	0,0,2,0,0	3,2,0,7,1	2,0,0	8,0,3	-2	-1
374	8,13,8,8,3	152,232,200,179,131	2,4,3	67,97,98	-2	-1
378	0,0,1,1,0	13,9,18,5,10	0,0,0	3,2,0	-2	-1
379	0,0,0,0,0	3,7,3,8,7	0,0,2	3,1,1	-2	-1
389	1,0,0,0,0	3,1,4,7,1	0,1,0	5,9,7	-2	-1
390	1,0,0,0,0	132,167,182,153,123	0,1,0	176,280,225	-2	-1
408	0,0,0,0,1	10,7,17,11,12	0,0,0	4,1,6	-2	-1
412	1,0,0,0,1	4,3,12,0,5	0,0,0	9,2,5	-2	-1
413	56,16,72,36,20	93,320,562,97,62	16,3,10	26,12,62	-2	-1
414	4,11,12,6,2	205,196,332,92,138	1,3,4	35,92,70	-2	-1
415	2,5,0,5,1	0,0,0,0,0	1,2,1	0,1,1	-2	-1
416	2,5,0,0,0	8,9,14,9,19	1,0,0	5,1,2	-2	-1
419	0,0,0,0,0	14,8,10,6,11	0,0,1	2,2,1	-2	-1
420	3,4,1,1,3	46,32,56,40,20	2,1,5	29,29,37	-2	-1
424	0,0,5,2,1	58,31,50,35,34	0,1,3	24,40,29	-2	-1
427	0,1,0,0,0	6,15,7,18,16	3,2,0	8,11,10	-2	-1
434	2,0,5,1,2	13,9,12,9,10	2,6,0	18,15,19	-2	-1
436	0,0,0,0,0	7,8,8,21,11	0,1,0	10,4,7	-2	-1
437	1,0,0,0,0	1,5,5,0,0	0,1,1	1,5,2	-2	-1
439	2,0,1,3,1	65,29,63,73,33	2,0,0	45,30,37	-2	-1
441	0,3,0,0,0	0,3,1,1,1	0,0,0	1,0,0	-2	-1
445	4,0,0,2,0	26,3,32,23,17	0,0,0	12,4,5	-2	-1
446	1,3,1,0,0	182,205,285,278,168	0,0,0	81,82,42	-2	-1
450	4,0,2,3,2	2,5,2,0,1	0,2,2	0,1,3	-2	-1
466	0,0,1,0,0	5,0,0,4,2	1,0,0	0,0,2	-2	-1
467	0,0,0,0,0	48,10,34,31,35	1,0,0	20,12,15	-2	-1
468	0,0,0,0,0	21,25,36,18,16	1,0,0	17,12,7	-2	-1
469	3,7,4,6,6	30,33,32,23,17	1,3,1	21,9,12	-2	-1
470	13,15,11,6,7	3,3,3,4,8	10,9,4	2,14,7	-2	-1
473	2,0,4,4,0	14,7,9,7,8	0,0,0	2,1,2	-2	-1
474	4,0,0,1,0	4,7,9,5,6	2,0,0	9,8,4	-2	-1
478	0,2,1,2,1	58,49,101,64,36	0,0,0	27,22,28	-2	-1
487	0,0,0,0,0	6,17,5,10,10	1,0,0	8,19,6	-2	-1
489	36,37,47,45,27	2,2,6,5,4	32,32,24	1,4,3	-2	-1
490	39,39,47,49,27	134,152,169,128,114	33,36,28	122,110,131	-2	-1
493	5,11,11,8,4	36,48,69,38,26	1,11,18	23,44,63	-2	-1
494	1,0,0,3,0	14,9,17,12,8	1,0,0	12,4,8	-2	-1
496	1,0,0,0,0	285,264,263,233,160	0,0,0	109,231,166	-2	-1
497	8,3,12,13,12	60,123,107,86,82	3,12,7	94,97,117	-2	-1
507	6,4,21,5,4	111,120,122,135,82	2,2,3	43,30,33	-2	-1
508	0,0,1,0,0	22,11,18,24,8	5,0,0	16,11,11	-2	-1
509	0,0,0,0,1	28,16,23,27,15	0,0,0	3,9,7	-2	-1
512	1,0,0,0,0	13,10,7,12,4	0,0,0	7,6,7	-2	-1
514	0,0,0,1,0	1,0,4,1,1	0,0,0	5,4,1	-2	-1
515	1,1,2,5,6	9,10,25,21,13	0,0,1	2,0,6	-2	-1
516	3,0,10,5,9	1,0,4,2,1	5,3,2	0,0,0	-2	-1
517	2,0,3,7,0	25,6,30,22,18	0,0,1	17,7,6	-2	-1
518	6,7,2,3,4	15,3,14,21,12	4,3,1	14,6,2	-2	-1
519	3,0,1,1,0	35,16,28,39,16	0,0,0	12,8,2	-2	-1
520	0,0,1,1,1	37,10,20,23,14	4,2,0	6,5,2	-2	-1
521	6,2,3,3,2	43,28,37,33,37	2,2,1	25,30,24	-2	-1
522	6,3,3,8,2	0,3,0,0,0	4,2,3	0,0,0	-2	-1
523	2,4,5,7,1	32,46,38,49,36	5,8,3	30,18,19	-2	-1
524	5,4,3,9,7	30,34,54,41,31	3,3,4	28,18,27	-2	-1
525	6,1,1,5,1	3,4,2,3,1	0,0,0	1,5,6	-2	-1
535	15,2,14,14,15	36,49,53,29,34	5,0,1	5,11,10	-2	-1
543	0,0,0,0,0	271,183,266,233,169	0,0,2	122,98,118	-2	-1
547	40,60,83,42,10	434,700,881,524,517	24,9,27	225,181,143	-2	-1
548	5,3,18,8,2	39,18,27,13,21	3,2,1	9,11,14	-2	-1
549	7,8,18,9,3	10,5,13,11,9	3,3,1	5,2,3	-2	-1
550	2,5,0,1,1	2,1,2,6,5	0,1,0	0,0,0	-2	-1
551	5,0,3,5,1	96,87,118,98,86	1,1,0	39,41,27	-2	-1
552	3,1,1,1,0	0,0,0,0,0	1,2,1	0,0,4	-2	-1
555	1,1,0,0,0	0,0,0,1,0	0,0,1	1,0,0	-2	-1
557	0,2,0,0,0	3,2,7,5,7	0,2,0	4,1,4	-2	-1
560	2,0,0,0,4	7,2,4,8,15	1,2,2	2,5,3	-2	-1
562	2,0,3,4,7	1,0,5,0,1	1,2,4	0,0,0	-2	-1
564	10,8,13,18,13	202,337,304,219,186	11,12,10	182,231,204	-2	-1
566	0,0,1,0,0	9,19,20,15,13	0,0,0	11,15,3	-2	-1
570	0,1,0,0,0	42,21,31,23,29	0,0,0	22,26,14	-2	-1
572	0,1,0,0,0	25,8,16,13,20	0,0,0	4,17,18	-2	-1
573	0,1,0,2,0	34,29,44,22,25	1,0,1	11,24,14	-2	-1
574	1,3,0,3,0	32,18,36,30,34	1,0,0	17,31,31	-2	-1
575	0,3,2,0,1	31,21,45,23,30	0,0,0	18,14,24	-2	-1
577	0,1,0,0,0	17,10,26,23,16	0,0,0	9,9,11	-2	-1
578	0,1,0,0,0	27,12,17,25,24	0,0,0	13,23,26	-2	-1
582	1,1,0,2,1	21,14,21,26,9	0,0,1	9,9,9	-2	-1
583	0,0,0,1,0	17,16,39,45,25	0,0,0	21,8,6	-2	-1
586	0,0,0,0,0	15,3,11,8,7	0,2,2	4,4,4	-2	-1
590	0,0,0,0,0	265,203,329,222,228	0,1,0	162,284,329	-2	-1
591	0,0,0,0,1	593,518,878,635,557	0,4,1	542,504,580	-2	-1
592	1,0,0,0,0	0,0,0,0,0	0,0,0	0,2,1	-2	-1
594	0,0,0,0,0	2,2,0,1,1	0,1,0	1,2,2	-2	-1
597	1,0,0,0,0	0,2,1,1,3	0,0,0	3,6,1	-2	-1
598	0,0,0,0,0	8,9,11,10,12	1,0,0	9,4,8	-2	-1
599	0,1,0,1,0	0,0,0,2,0	1,0,0	1,0,0	-2	-1
600	2,2,10,4,2	4,18,9,18,2	2,1,4	3,5,4	-2	-1
601	2,4,7,3,8	33,30,41,28,30	1,3,3	18,30,13	-2	-1
602	12,9,11,16,13	67,84,56,65,61	3,8,11	29,65,62	-2	-1
603	1,3,5,11,4	0,0,1,0,0	1,4,3	1,0,0	-2	-1
605	14,46,46,18,28	210,456,471,335,295	10,12,12	94,125,112	-2	-1
608	3,4,1,4,0	155,128,149,92,101	0,1,0	57,85,51	-2	-1
609	3,1,0,0,1	5,3,15,1,5	0,0,0	1,2,0	-2	-1
615	51,397,141,17,48	0,0,0,0,0	29,12,5	0,0,2	-2	-1
626	3,2,1,1,2	21,25,27,30,15	1,0,1	23,6,6	-2	-1
629	0,0,0,0,3	15,9,8,22,12	0,0,0	9,2,5	-2	-1
631	1,12,4,3,6	3,2,3,1,4	6,16,16	2,2,4	-2	-1
632	1,0,0,0,0	211,280,435,244,153	0,0,0	43,20,21	-2	-1
635	2,11,9,7,5	116,100,134,109,72	8,3,5	63,43,37	-2	-1
636	0,1,2,0,1	69,55,118,78,43	1,0,0	21,34,50	-2	-1
637	0,2,2,1,0	4,0,13,11,9	0,1,2	1,1,4	-2	-1
643	0,0,0,0,1	160,131,165,130,116	0,0,0	123,218,210	-2	-1
645	2,0,0,4,1	13,8,12,20,6	0,0,0	11,11,7	-2	-1
650	2,0,0,0,0	28,14,18,34,20	2,0,0	13,14,6	-2	-1
651	2,0,1,1,5	33,26,29,24,17	0,0,0	16,36,21	-2	-1
653	0,0,0,0,0	0,0,0,1,0	3,0,0	0,0,0	-2	-1
654	19,11,19,22,13	27,10,20,23,13	14,17,12	16,14,8	-2	-1
655	0,0,0,0,1	2,1,1,2,4	0,0,1	1,0,1	-2	-1
656	1,0,6,0,2	13,10,31,20,9	0,5,1	8,7,14	-2	-1
659	2,2,3,9,1	16,22,25,15,15	2,2,1	5,8,11	-2	-1
660	0,2,4,4,2	39,10,46,40,20	1,3,2	8,20,17	-2	-1
661	5,1,2,4,2	32,18,40,50,41	0,0,2	10,26,20	-2	-1
662	0,0,0,3,0	6,8,13,12,6	0,0,1	6,5,4	-2	-1
665	5,0,1,2,1	19,11,19,12,21	0,0,0	16,1,11	-2	-1
666	0,0,0,0,0	5,0,7,11,1	0,1,3	3,5,1	-2	-1
668	0,0,0,0,0	0,4,2,0,0	1,0,0	0,0,1	-2	-1
675	1,0,0,2,0	58,13,53,35,36	0,1,0	15,24,27	-2	-1
676	0,0,0,2,0	2,7,2,2,0	0,0,0	1,0,0	-2	-1
677	0,0,0,1,0	1,2,4,8,0	0,0,1	3,0,0	-2	-1
682	0,0,0,0,0	116,107,101,117,77	0,0,3	44,32,31	-2	-1
683	8,1,3,4,0	110,82,112,91,89	0,0,4	45,17,15	-2	-1
687	41,34,33,35,19	210,255,271,217,164	13,10,7	97,95,106	-2	-1
690	0,0,0,0,1	124,138,125,124,78	0,0,0	75,100,87	-2	-1
692	4,0,4,5,3	0,0,2,0,0	5,2,2	0,0,0	-2	-1
693	4,0,3,3,3	23,22,35,39,8	5,2,2	15,4,2	-2	-1
697	1,3,3,1,8	26,23,29,22,22	0,0,1	15,14,16	-2	-1
702	0,0,0,0,2	12,12,14,13,12	1,2,0	7,5,5	-2	-1
705	4,0,3,0,0	24,29,41,37,10	3,1,1	11,12,6	-2	-1
710	0,2,0,0,0	29,26,17,20,31	1,0,0	19,6,6	-2	-1
714	0,0,0,1,3	3,1,6,6,0	0,0,0	2,0,2	-2	-1
728	1,5,2,3,1	195,376,225,242,164	3,8,6	186,422,449	-2	-1
730	0,0,0,0,0	11,6,5,6,0	1,0,0	9,5,2	-2	-1
732	0,0,0,0,0	80,110,105,76,76	0,0,1	76,54,89	-2	-1
733	0,0,0,0,0	50,57,87,67,49	0,0,1	78,44,74	-2	-1
737	4,1,9,5,4	64,80,68,64,46	2,0,0	20,21,18	-2	-1
743	11,5,17,4,3	49,23,38,42,51	2,7,12	16,26,24	-2	-1
744	0,1,2,0,1	8,6,13,9,10	1,1,0	5,5,5	-2	-1
747	0,0,0,1,0	31,31,25,23,11	0,0,0	13,8,7	-2	-1
750	0,0,0,1,0	23,16,20,18,27	0,0,0	11,5,3	-2	-1
754	0,0,0,0,0	1,0,2,0,0	1,0,0	0,0,0	-2	-1
755	6,6,2,9,2	131,137,144,135,133	3,0,1	104,58,58	-2	-1
759	2,0,0,0,0	6,7,20,11,10	0,0,0	4,6,3	-2	-1
760	2,0,3,0,1	35,13,27,8,12	1,1,0	8,6,3	-2	-1
766	0,0,0,0,0	10,10,9,3,5	1,0,0	4,2,6	-2	-1
767	0,0,0,1,2	0,1,3,6,1	0,0,0	2,0,0	-2	-1
768	0,0,0,1,1	14,15,27,18,11	0,0,0	6,5,1	-2	-1
771	0,3,2,3,0	101,55,94,73,54	0,2,0	47,14,12	-2	-1
772	1,0,0,1,1	29,29,41,25,26	0,1,2	20,11,8	-2	-1
780	17,31,24,13,18	0,1,1,4,1	10,4,5	0,1,0	-2	-1
781	17,31,24,13,18	709,1015,858,755,579	10,4,5	421,116,120	-2	-1
782	0,0,1,0,0	24,3,14,34,15	1,0,1	17,12,17	-2	-1
783	0,1,0,1,1	1,1,0,1,0	0,1,0	3,0,0	-2	-1
784	0,1,0,1,1	80,78,107,83,51	0,0,0	67,71,59	-2	-1
785	1,4,2,0,0	26,25,31,32,18	1,1,0	5,3,3	-2	-1
786	0,0,0,0,0	0,0,0,0,1	2,0,0	0,0,0	-2	-1
792	1,0,1,0,0	7,8,4,10,3	0,0,1	4,4,2	-2	-1
793	10,1,8,16,77	1,0,0,0,0	1,9,3	0,0,0	-2	-1
797	0,0,0,0,0	2,2,2,2,0	0,1,0	0,1,0	-2	-1
798	0,0,0,0,0	14,7,16,14,13	0,1,0	19,9,10	-2	-1
799	0,1,0,0,7	26,34,28,22,26	2,2,0	15,15,8	-2	-1
803	0,0,0,0,2	3,1,5,3,3	1,0,0	2,3,6	-2	-1
804	6,2,2,9,6	3,3,0,17,13	0,0,2	2,2,1	-2	-1
805	1,0,2,0,1	1,0,1,5,5	0,0,0	1,1,1	-2	-1
808	3,10,5,3,2	4,22,15,14,6	5,4,5	6,14,8	-2	-1
812	3,3,6,2,1	38,32,36,22,28	3,3,2	18,17,10	-2	-1
813	2,2,3,1,1	26,20,45,29,29	3,0,1	13,15,13	-2	-1
814	1,0,1,0,0	75,34,42,52,59	1,0,0	36,20,12	-2	-1
816	3,2,6,6,10	40,23,32,26,29	5,1,6	24,16,3	-2	-1
822	4,0,1,2,1	52,24,56,33,24	0,2,2	30,36,25	-2	-1
826	5,2,1,0,1	39,45,56,64,33	0,0,0	33,34,21	-2	-1
827	1,3,0,0,0	18,38,21,20,15	0,2,0	18,17,12	-2	-1
828	4,0,3,0,5	42,34,50,45,34	1,0,2	23,28,37	-2	-1
831	0,2,0,0,1	18,26,31,17,13	3,0,1	8,33,32	-2	-1
832	5,4,7,7,7	39,72,77,39,51	8,13,12	52,29,26	-2	-1
835	7,15,13,16,3	116,130,139,124,115	8,19,9	105,143,110	-2	-1
836	0,0,2,0,2	20,8,18,10,22	1,0,0	7,9,9	-2	-1
838	2,6,4,1,1	31,34,42,35,20	1,0,1	13,25,16	-2	-1
839	2,1,4,2,2	81,74,98,74,57	5,0,0	57,21,31	-2	-1
840	0,2,4,0,2	23,9,17,20,9	1,0,0	6,6,5	-2	-1
844	39,41,23,28,38	358,248,319,218,234	20,35,23	151,228,213	-2	-1
847	2,0,2,1,1	2,0,1,0,0	3,2,0	0,0,0	-2	-1
851	7,2,5,4,1	32,50,37,45,27	3,0,0	12,15,10	-2	-1
854	0,0,3,0,0	1,2,5,5,1	0,0,0	1,4,2	-2	-1
856	6,15,5,7,7	234,227,258,194,182	9,4,2	148,103,115	-2	-1
857	28,25,17,7,11	188,175,187,180,154	11,5,9	115,104,76	-2	-1
859	0,0,0,0,1	9,2,14,16,11	0,0,0	0,0,1	-2	-1
861	7,1,2,0,0	3,3,1,5,5	0,1,1	0,0,0	-2	-1
864	0,0,1,0,0	0,0,1,4,0	0,0,0	0,0,1	-2	-1
868	24,11,33,28,13	236,133,238,195,153	10,15,11	115,191,139	-2	-1
869	1,1,0,1,0	197,173,221,200,140	0,2,0	104,91,79	-2	-1
871	3,1,7,1,3	39,25,72,49,45	0,0,0	31,15,18	-2	-1
874	7,2,4,6,6	4,6,3,3,4	6,3,4	2,1,9	-2	-1
875	7,2,5,6,6	10,4,3,3,9	6,3,4	2,1,0	-2	-1
876	1,0,3,3,2	0,0,0,0,0	0,2,0	0,0,2	-2	-1
877	1,0,4,4,5	15,7,12,7,7	0,2,1	2,10,4	-2	-1
883	14,13,19,11,10	118,111,156,128,97	3,15,12	72,94,91	-2	-1
886	2,0,0,3,0	24,31,48,39,40	0,1,0	27,33,40	-2	-1
887	2,0,0,3,0	0,0,0,2,0	0,1,0	1,0,0	-2	-1
890	2,0,0,0,0	26,30,45,52,47	0,0,0	18,11,7	-2	-1
891	0,0,0,0,0	68,22,73,49,16	0,0,1	23,15,16	-2	-1
893	2,0,2,0,1	19,2,6,11,8	0,1,0	4,10,5	-2	-1
908	27,18,1,4,0	8,19,12,6,7	1,2,33	4,11,4	-2	-1
911	17,3,16,8,2	99,66,74,63,47	1,0,0	38,36,25	-2	-1
912	0,0,0,0,4	30,12,33,25,25	1,0,0	15,15,17	-2	-1
916	4,0,0,0,0	15,16,22,31,11	0,0,0	9,0,0	-2	-1
917	0,1,4,11,2	55,40,60,45,42	0,10,6	63,91,77	-2	-1
918	1,2,5,3,1	43,33,58,33,38	2,5,4	50,72,85	-2	-1
922	1,0,0,0,0	9,2,8,5,3	0,0,0	1,7,4	-2	-1
924	1,0,0,0,0	21,22,39,30,25	0,0,0	19,24,23	-2	-1
925	1,2,3,3,3	111,60,114,94,73	7,0,1	74,45,26	-2	-1
929	0,0,0,0,0	57,49,44,52,55	0,1,0	24,24,16	-2	-1
930	0,0,0,0,0	6,1,1,6,5	0,1,0	9,5,1	-2	-1
931	0,0,1,0,0	2,0,1,0,1	0,0,0	3,0,1	-2	-1
937	4,2,3,9,2	45,78,87,69,34	4,4,4	38,55,49	-2	-1
941	1,3,5,1,2	12,1,13,6,8	0,0,1	1,6,4	-2	-1
949	8,6,13,5,4	0,0,1,0,0	4,6,3	1,1,0	-2	-1
950	0,0,0,0,0	70,75,73,147,55	1,0,0	227,167,98	-2	-1
951	0,0,0,0,0	50,57,32,98,47	1,0,0	185,210,84	-2	-1
952	3,0,0,1,0	5,7,13,6,6	0,0,0	8,0,1	-2	-1
960	0,0,0,0,0	8,1,4,7,5	1,0,0	1,0,3	-2	-1
961	0,0,1,0,0	29,4,27,12,18	0,0,0	4,6,8	-2	-1
962	2,0,1,0,4	5,4,19,5,3	1,1,0	0,8,5	-2	-1
963	5,0,2,4,0	1,0,0,0,0	0,0,0	0,0,1	-2	-1
964	24,25,23,32,22	113,179,139,134,118	8,10,9	69,75,82	-2	-1
965	16,20,19,38,20	161,267,285,217,170	7,6,9	79,57,57	-2	-1
973	1,1,3,1,4	17,25,16,10,18	1,1,0	12,4,5	-2	-1
976	5,3,2,5,1	21,20,29,41,16	0,4,4	7,17,19	-2	-1
977	5,4,7,1,4	55,70,64,41,31	0,3,2	23,35,19	-2	-1
980	6,4,12,13,7	168,100,159,145,114	10,8,5	131,108,93	-2	-1
988	1,8,6,16,7	20,19,9,13,11	9,20,21	12,34,24	-2	-1
989	6,4,5,7,6	70,153,77,80,83	4,14,13	68,119,113	-2	-1
990	0,1,4,1,1	77,46,78,38,55	0,0,1	40,48,64	-2	-1
1001	0,0,0,0,0	56,34,70,55,53	0,0,1	34,18,33	-2	-1
1002	17,11,25,12,8	154,413,297,147,113	12,1,2	82,32,41	-2	-1
1006	3,2,1,1,0	57,33,62,58,35	0,3,0	54,28,35	-2	-1
1007	2,0,4,0,0	11,4,10,8,5	0,0,0	4,12,2	-2	-1
1008	4,5,7,7,3	54,57,122,114,68	1,2,0	42,25,37	-2	-1
1011	1,1,5,1,1	31,13,30,19,19	0,1,0	13,9,8	-2	-1
1013	5,0,2,7,2	35,24,43,37,33	3,0,1	29,22,17	-2	-1
1020	1,9,0,1,0	19,32,24,21,26	1,5,0	5,5,4	-2	-1
1021	2,1,1,0,4	14,33,24,20,14	0,2,0	5,8,2	-2	-1
1024	7,5,3,3,1	3,4,2,4,1	2,5,2	2,0,0	-2	-1
1026	8,2,8,0,5	7,1,3,2,2	1,5,0	3,1,0	-2	-1
1029	1,0,1,0,0	22,16,13,16,14	0,1,1	5,13,18	-2	-1
1031	0,0,0,1,0	49,22,39,40,36	0,0,0	24,33,24	-2	-1
1032	0,0,0,1,0	19,17,31,22,22	0,0,0	15,19,16	-2	-1
1033	0,0,0,1,0	28,12,20,18,12	0,0,0	10,16,10	-2	-1
1034	0,0,0,1,0	25,14,12,17,29	0,0,0	6,17,14	-2	-1
1035	4,4,6,6,2	10,4,15,21,9	2,0,4	7,7,3	-2	-1
1037	3,0,0,4,0	42,26,38,21,36	1,0,2	17,11,11	-2	-1
1038	7,2,1,2,6	25,33,41,34,13	1,1,2	16,5,2	-2	-1
1039	8,7,3,5,1	44,61,55,44,34	0,0,4	19,9,6	-2	-1
1040	13,12,8,3,7	30,43,24,19,25	1,1,4	11,10,15	-2	-1
1041	7,3,6,11,2	132,82,113,109,74	7,1,4	51,38,31	-2	-1
1042	13,10,12,6,6	215,207,252,206,156	7,3,2	139,117,106	-2	-1
1044	0,0,2,0,0	196,172,194,131,108	0,0,0	87,122,118	-2	-1
1046	0,1,3,0,1	51,43,70,44,44	6,2,2	24,26,40	-2	-1
1047	2,4,1,1,0	64,41,43,51,36	3,4,1	80,73,77	-2	-1
1049	0,0,1,0,0	0,0,4,2,0	0,1,0	0,0,0	-2	-1
1050	0,0,1,0,0	16,16,24,31,16	0,1,0	10,4,6	-2	-1
1052	0,3,0,0,0	253,215,281,181,148	0,0,0	73,158,142	-2	-1
1053	94,121,121,73,69	316,355,335,287,270	36,24,25	124,182,142	-2	-1
1054	24,39,56,28,35	0,2,0,2,0	34,13,18	1,2,0	-2	-1
1060	6,3,3,4,4	2,2,5,6,5	2,4,2	1,2,0	-2	-1
1063	0,0,2,1,1	96,125,116,107,65	0,0,0	38,33,57	-2	-1
1064	14,23,9,9,12	0,0,4,1,0	5,4,2	1,1,0	-2	-1
1065	0,3,0,0,0	25,26,36,36,21	1,0,0	8,11,7	-2	-1
1067	2,0,2,3,0	173,150,223,165,133	0,0,0	87,86,56	-2	-1
1082	6,7,3,4,8	0,0,0,0,0	4,7,7	0,1,0	-2	-1
1083	0,3,0,0,3	2,0,3,0,0	0,0,2	0,0,0	-2	-1
1085	0,1,1,0,2	13,10,10,9,12	0,0,4	0,4,3	-2	-1
1086	0,0,0,0,0	8,10,9,1,10	0,0,2	2,4,10	-2	-1
1090	1,0,1,0,0	2,1,7,0,4	0,0,0	4,6,3	-2	-1
1091	2,0,0,0,0	49,22,41,34,29	0,0,0	15,47,28	-2	-1
1109	1,4,2,0,0	3,5,7,14,3	0,0,0	7,14,5	-2	-1
1110	7,4,4,4,1	94,61,106,69,62	0,0,0	35,12,13	-2	-1
1111	0,2,0,0,0	0,2,7,5,1	0,2,2	1,1,5	-2	-1
1114	1,4,1,3,0	121,246,127,144,104	1,5,4	124,159,162	-2	-1
1117	0,1,0,0,0	38,13,39,34,29	0,0,1	29,20,23	-2	-1
1119	2,2,2,7,2	24,11,42,29,11	2,2,3	17,29,27	-2	-1
1123	0,0,2,0,0	66,66,125,64,52	0,0,0	69,102,84	-2	-1
1127	0,0,0,0,0	107,106,145,118,80	0,0,1	44,77,86	-2	-1
1129	0,1,0,0,0	64,61,76,74,53	2,0,0	40,42,28	-2	-1
1132	0,1,0,0,0	5,1,6,8,4	0,0,0	1,3,1	-2	-1
1133	0,2,10,1,2	62,55,76,32,55	3,1,0	17,20,14	-2	-1
1134	0,0,0,1,0	44,43,77,33,37	0,0,0	15,21,24	-2	-1
1137	1,0,0,0,0	2,6,7,5,4	0,0,0	3,2,4	-2	-1
1138	0,3,0,2,1	15,28,34,13,15	0,3,0	6,15,14	-2	-1
1144	3,1,4,3,5	0,0,0,1,0	1,1,3	0,0,0	-2	-1
1145	0,1,0,1,3	11,8,17,5,7	1,1,1	10,5,3	-2	-1
1146	1,0,2,0,0	22,9,19,21,17	4,0,0	6,11,5	-2	-1
1150	0,0,0,0,0	16,12,23,15,12	1,1,0	12,7,6	-2	-1
1151	3,0,1,0,0	14,16,33,7,12	0,0,0	8,11,8	-2	-1
1153	1,0,0,1,0	132,199,148,174,124	0,0,0	153,165,191	-2	-1
1154	17,12,9,8,11	1,10,0,7,2	13,10,3	5,2,3	-2	-1
1155	0,0,4,0,0	39,26,40,33,28	1,0,0	45,28,21	-2	-1
1156	7,6,5,1,2	42,33,22,19,19	3,0,11	21,24,42	-2	-1
1157	0,1,5,1,0	17,11,14,25,6	0,0,0	9,19,11	-2	-1
1158	2,2,0,1,1	14,20,28,28,7	0,1,1	12,23,13	-2	-1
1160	1,0,3,2,1	12,24,27,39,13	4,1,0	23,28,8	-2	-1
1161	0,0,0,1,1	37,18,52,46,28	2,2,0	23,23,11	-2	-1
1162	1,4,14,9,7	0,0,0,0,0	3,15,2	0,1,0	-2	-1
1163	2,6,4,6,6	212,408,306,186,121	1,6,4	130,195,209	-2	-1
1165	2,0,1,2,2	9,10,6,20,9	0,0,0	8,21,10	-2	-1
1166	1,5,2,4,1	46,40,61,38,34	0,0,0	16,3,6	-2	-1
1167	3,0,0,0,0	23,10,19,20,8	0,1,0	11,2,4	-2	-1
1171	12,7,11,9,5	54,32,40,55,35	7,3,9	36,51,41	-2	-1
1178	2,0,0,0,2	22,25,27,33,17	2,0,0	6,7,8	-2	-1
1179	2,1,0,1,0	4,1,3,0,2	0,4,0	1,3,1	-2	-1
1180	2,0,2,1,1	7,4,8,8,12	0,0,0	5,4,3	-2	-1
1181	2,0,2,1,1	20,22,19,19,15	0,0,0	3,5,4	-2	-1
1182	36,34,24,24,29	2,4,3,3,1	26,16,15	3,2,3	-2	-1
1183	23,23,14,8,13	243,314,271,255,223	16,9,8	165,186,192	-2	-1
1190	0,7,6,1,5	30,14,29,21,20	1,1,1	5,12,8	-2	-1
1191	5,2,3,2,1	21,40,33,14,17	0,0,0	8,6,5	-2	-1
1198	8,3,3,7,2	34,21,49,39,28	2,0,2	15,4,9	-2	-1
1201	22,18,29,21,11	0,0,0,0,0	11,8,3	1,0,0	-2	-1
1202	25,24,31,23,13	2,4,2,2,2	12,11,5	0,0,1	-2	-1
1203	3,6,3,2,2	17,15,21,22,13	3,3,2	14,14,15	-2	-1
1204	3,0,0,0,0	5,4,15,8,2	1,0,0	2,3,0	-2	-1
1209	5,3,10,9,7	13,32,31,15,19	4,4,10	14,17,11	-2	-1
1210	1,1,0,1,1	6,1,0,2,3	1,0,1	0,1,5	-2	-1
1212	0,0,0,0,0	0,10,2,0,2	1,0,0	0,0,0	-2	-1
1215	0,0,0,2,0	7,8,2,12,11	0,0,0	2,7,1	-2	-1
1216	2,0,4,0,1	17,6,27,22,10	1,0,0	13,3,0	-2	-1
1222	11,0,11,3,5	5,0,2,0,0	2,0,0	0,0,0	-2	-1
1223	3,4,0,1,4	101,87,134,101,101	0,0,0	65,60,58	-2	-1
1226	1,3,1,1,1	12,19,13,22,13	0,0,0	8,3,2	-2	-1
1229	0,1,0,0,0	35,40,40,56,30	2,0,0	59,96,78	-2	-1
1230	0,4,2,1,0	86,66,87,78,58	0,0,0	85,104,99	-2	-1
1238	1,0,3,2,0	11,8,12,9,4	0,4,0	4,9,8	-2	-1
1240	14,3,12,12,8	136,117,198,115,100	2,4,2	56,36,40	-2	-1
1241	16,12,20,18,6	0,0,3,1,0	2,3,7	0,0,0	-2	-1
1243	0,0,0,0,0	0,3,5,6,2	0,0,2	2,1,0	-2	-1
1245	0,0,0,0,0	7,14,5,11,7	0,1,0	5,3,1	-2	-1
1246	0,0,0,0,0	1,0,0,0,1	0,1,0	0,0,2	-2	-1
1247	25,8,19,10,11	79,23,70,76,35	8,15,18	39,67,65	-2	-1
1249	0,0,2,0,0	3,6,2,1,0	0,0,0	0,3,2	-2	-1
1250	0,0,2,0,0	34,34,26,47,31	0,0,0	21,23,9	-2	-1
1251	0,0,2,0,0	74,52,67,57,35	0,0,0	30,26,26	-2	-1
1254	1,0,2,0,0	1,3,6,2,1	0,0,0	2,1,1	-2	-1
1258	1,2,1,1,1	48,49,52,48,54	0,6,1	67,47,42	-2	-1
1259	7,0,1,5,2	43,25,29,19,28	8,1,0	16,9,9	-2	-1
1261	2,2,3,2,3	81,85,85,79,67	3,1,1	67,70,33	-2	-1
1268	1,2,5,7,5	0,0,0,0,0	2,2,5	0,1,0	-2	-1
1270	1,2,5,7,5	0,1,1,2,0	2,2,5	0,0,0	-2	-1
1271	1,2,5,7,5	25,50,23,37,29	2,2,5	22,22,16	-2	-1
1273	2,4,7,1,3	36,39,58,19,26	2,0,2	17,26,29	-2	-1
1275	0,0,0,0,1	6,5,17,9,13	1,3,0	10,7,5	-2	-1
1277	2,0,0,1,0	1,7,10,6,3	3,1,0	1,8,7	-2	-1
1278	0,0,0,0,0	3,10,9,12,11	0,1,0	9,4,5	-2	-1
1283	0,0,0,1,0	1566,2837,2267,2804,2596	0,0,0	1817,1216,1122	-2	-1
1291	0,0,0,0,0	59,33,49,41,26	0,1,0	10,19,13	-2	-1
1293	14,6,9,16,9	407,344,457,451,423	33,22,20	650,271,318	-2	-1
1299	0,0,0,1,0	11,10,18,19,7	0,0,0	2,8,7	-2	-1
1300	3,1,0,2,2	50,76,108,73,54	7,3,3	48,55,56	-2	-1
1302	0,0,0,0,0	2,1,1,0,3	0,0,1	0,1,0	-2	-1
1304	8,3,9,3,6	96,80,109,77,84	10,9,9	62,102,98	-2	-1
1306	1,3,3,4,2	1,0,0,1,0	0,5,2	1,0,0	-2	-1
1312	16,40,22,20,28	34,18,27,20,17	28,24,23	5,13,7	-2	-1
1313	22,6,22,10,14	722,604,629,549,537	22,6,13	947,970,769	-2	-1
1317	9,13,13,7,15	200,196,228,217,154	3,2,1	55,56,44	-2	-1
1318	0,0,0,1,1	8,4,5,3,10	1,0,1	1,1,4	-2	-1
1323	7,1,5,0,0	6,9,18,19,12	0,3,1	6,4,3	-2	-1
1328	0,1,0,1,0	20,16,18,19,19	1,0,1	23,14,12	-2	-1
1344	0,0,2,1,0	9,19,10,22,7	0,0,0	6,5,11	-2	-1
1347	3,1,3,1,0	33,15,31,36,26	1,0,0	12,6,10	-2	-1
1350	0,0,1,0,0	20,37,38,27,24	0,0,1	37,15,12	-2	-1
1352	0,0,0,0,0	0,2,0,0,0	0,1,0	3,0,0	-2	-1
1355	0,0,6,1,2	17,20,32,16,18	1,1,1	16,4,10	-2	-1
1357	0,0,0,2,1	12,10,23,15,10	2,3,3	36,48,22	-2	-1
1358	7,1,8,7,1	25,30,28,13,22	1,2,3	12,17,15	-2	-1
1359	5,3,5,5,2	133,197,238,167,108	2,5,2	82,88,71	-2	-1
1361	0,0,1,0,0	45,46,82,70,34	0,0,0	31,17,22	-2	-1
1367	2,1,3,0,1	23,21,33,25,26	1,3,2	13,14,19	-2	-1
1372	0,2,2,11,0	0,1,0,0,0	3,1,0	0,0,0	-2	-1
1375	1,0,0,1,0	6,11,6,12,5	0,0,0	5,3,4	-2	-1
1376	4,0,0,0,1	52,34,73,55,37	1,0,2	55,44,27	-2	-1
1380	2,3,0,0,0	7,6,8,9,1	0,2,0	3,10,10	-2	-1
1381	0,0,2,0,0	16,15,20,12,13	0,0,0	3,14,11	-2	-1
1383	21,45,40,26,26	509,788,765,498,577	9,37,28	284,475,476	-2	-1
1390	7,4,4,13,6	72,78,116,96,62	0,9,3	32,50,45	-2	-1
1394	1,2,0,0,0	2,3,0,0,1	0,4,1	0,0,0	-2	-1
1395	1,2,0,0,0	0,0,0,0,0	0,4,1	1,0,0	-2	-1
1398	4,4,6,2,4	103,91,121,90,49	1,0,0	65,37,39	-2	-1
1401	0,0,0,0,0	15,3,5,12,5	0,0,1	7,6,6	-2	-1
1403	0,0,0,0,0	7,4,7,8,5	0,0,1	2,5,3	-2	-1
1409	2,1,5,1,1	95,45,106,57,90	1,1,3	10,17,24	-2	-1
1410	0,0,0,0,1	21,5,28,13,14	0,0,1	14,9,12	-2	-1
1411	3,0,0,0,0	1,2,0,1,0	1,0,0	0,0,4	-2	-1
1414	1,4,2,4,1	0,0,0,0,0	0,2,0	0,1,1	-2	-1
1417	2,4,5,3,6	100,74,123,83,90	3,6,14	70,98,106	-2	-1
1418	4,2,3,1,3	134,105,160,116,112	0,4,2	91,62,101	-2	-1
1419	1,0,0,0,0	90,63,120,73,87	0,0,1	49,66,45	-2	-1
1423	0,0,1,5,1	19,18,32,36,13	1,0,2	27,40,22	-2	-1
1424	2,0,1,2,0	448,419,526,361,306	0,0,2	305,404,404	-2	-1
1425	2,0,1,2,0	199,174,253,166,157	0,0,2	125,111,130	-2	-1
1426	5,2,3,2,0	451,514,605,406,312	0,0,0	273,238,307	-2	-1
1427	5,2,3,2,0	228,236,224,221,132	0,0,0	146,193,185	-2	-1
1429	4,8,7,10,9	47,41,55,45,43	6,8,4	20,56,49	-2	-1
1430	0,0,0,2,0	43,26,65,43,19	0,0,0	17,16,28	-2	-1
1437	1,0,2,1,1	44,32,35,51,30	1,1,0	22,43,13	-2	-1
1440	1,1,2,1,1	11,12,9,13,12	4,0,2	13,10,14	-2	-1
1441	4,2,3,0,1	2,0,0,0,0	0,2,1	1,0,0	-2	-1
1442	5,2,4,4,2	81,97,93,82,58	0,2,4	35,37,47	-2	-1
1443	2,3,3,1,1	35,54,43,51,19	0,1,1	12,16,21	-2	-1
1447	28,23,49,40,27	413,333,463,371,323	26,10,12	211,106,65	-2	-1
1448	99,130,109,116,85	1,1,0,0,1	71,79,74	0,2,1	-2	-1
1449	8,15,16,19,13	269,367,339,250,218	11,13,23	204,324,259	-2	-1
1450	1,1,0,0,2	160,120,180,101,146	0,0,0	134,281,286	-2	-1
1452	0,2,2,0,0	1,0,4,3,1	0,0,0	0,2,0	-2	-1
1453	1,2,2,1,0	20,14,18,21,14	0,0,1	2,16,7	-2	-1
1456	2,3,2,0,0	94,119,161,117,95	2,2,3	105,43,56	-2	-1
1464	0,0,2,0,1	8,4,6,13,10	3,1,3	3,10,4	-2	-1
1465	0,0,1,1,3	16,8,19,10,8	2,0,0	3,2,3	-2	-1
1466	0,4,2,0,0	14,7,5,15,16	2,1,0	21,7,2	-2	-1
1467	1,0,2,5,0	17,1,8,9,10	4,3,0	5,11,3	-2	-1
1468	4,4,6,1,2	10,3,17,30,17	0,1,1	7,24,10	-2	-1
1470	1,0,2,3,0	32,22,26,34,9	0,2,0	15,20,4	-2	-1
1476	0,2,1,0,0	65,52,45,57,56	0,0,1	24,16,20	-2	-1
1478	3,5,2,5,6	95,64,76,80,52	6,4,5	80,73,55	-2	-1
1479	0,1,0,0,0	72,71,120,84,61	0,0,1	35,86,79	-2	-1
1480	0,0,0,0,0	56,31,56,53,25	1,0,0	21,32,35	-2	-1
1481	5,2,1,4,1	13,10,17,13,5	0,1,5	14,7,8	-2	-1
1484	8,2,0,0,0	150,107,140,107,85	3,0,0	76,67,38	-2	-1
1485	0,0,1,0,0	4,1,3,0,2	0,0,0	1,2,2	-2	-1
1494	0,0,9,5,3	1,2,4,1,0	2,2,0	0,0,0	-2	-1
1497	1,1,1,1,1	23,13,21,22,20	0,1,0	12,9,4	-2	-1
1504	19,23,30,21,17	183,407,241,192,170	8,36,28	149,336,304	-2	-1
1509	7,0,1,3,3	54,38,62,62,54	0,0,1	23,43,32	-2	-1
1514	0,0,0,1,0	16,14,22,20,19	0,0,0	6,4,0	-2	-1
1515	0,0,0,1,0	16,20,23,25,13	0,0,0	10,10,8	-2	-1
1517	1,0,0,2,1	1,0,0,0,0	1,2,2	0,0,0	-2	-1
1518	3,0,1,0,0	389,166,298,192,238	0,1,0	221,418,372	-2	-1
1527	2,4,4,1,2	38,26,22,21,20	0,2,1	12,15,4	-2	-1
1528	0,0,0,0,0	0,0,3,1,0	1,0,2	2,3,8	-2	-1
1529	0,2,0,2,2	49,46,47,48,31	0,0,0	43,33,39	-2	-1
1530	3,7,4,4,3	42,58,54,19,16	6,13,2	27,28,21	-2	-1
1531	1,3,6,2,0	59,40,38,52,40	2,2,3	36,54,56	-2	-1
1543	9,10,14,17,10	44,27,53,60,36	9,7,4	31,20,13	-2	-1
1561	0,0,0,0,0	5,0,0,0,0	0,0,1	1,0,0	-2	-1
1563	1,0,3,3,5	104,49,101,54,60	0,2,0	41,43,35	-2	-1
1565	3,1,1,0,0	23,11,20,23,18	1,0,0	12,21,14	-2	-1
1566	1,0,5,4,0	33,23,29,30,36	3,6,3	18,35,28	-2	-1
1568	0,0,0,0,0	11,6,8,7,0	0,1,0	1,1,7	-2	-1
1576	0,0,0,1,0	94,68,79,74,63	0,0,0	66,40,32	-2	-1
1578	5,7,7,8,1	35,33,40,16,37	2,4,0	20,19,25	-2	-1
1582	0,2,1,0,0	120,154,133,115,100	0,0,2	86,179,201	-2	-1
1585	0,6,4,1,1	15,7,29,27,17	1,0,0	5,25,13	-2	-1
1586	3,2,0,2,0	14,31,30,19,15	0,1,0	11,5,12	-2	-1
1587	7,0,1,2,3	8,4,14,11,5	1,7,2	6,11,10	-2	-1
1589	4,0,1,1,2	10,7,10,9,10	0,0,1	7,12,5	-2	-1
1590	9,2,8,10,1	0,0,2,0,1	0,2,1	0,2,0	-2	-1
1597	2,0,2,0,0	1,0,1,1,0	1,1,0	0,1,0	-2	-1
1598	0,0,0,0,0	13,6,21,10,9	0,1,0	4,6,18	-2	-1
1599	2,1,7,1,3	49,35,47,33,32	1,5,3	34,44,29	-2	-1
1603	1,0,1,0,2	2,2,4,17,10	0,0,2	2,1,1	-2	-1
1607	34,32,37,37,40	8,0,9,5,3	24,34,25	1,3,5	-2	-1
1608	1,1,1,2,0	50,50,100,71,55	2,1,1	38,38,25	-2	-1
1609	1,0,1,4,1	115,93,120,116,85	0,1,0	41,48,55	-2	-1
1610	3,0,0,0,0	64,104,80,67,71	0,0,0	25,44,27	-2	-1
1611	5,1,3,0,1	77,60,108,65,57	0,0,0	29,41,27	-2	-1
1612	0,0,0,0,0	129,119,165,109,120	0,1,0	93,113,95	-2	-1
1613	0,0,0,0,0	167,122,229,170,111	0,1,0	111,87,89	-2	-1
1614	1,0,1,0,1	428,410,678,513,307	0,0,0	139,190,121	-2	-1
1615	14,11,14,18,8	26,35,44,38,26	7,8,9	25,17,23	-2	-1
1624	12,9,5,3,3	138,142,163,146,110	3,3,1	108,66,63	-2	-1
1636	1,0,0,0,0	59,24,42,20,35	0,0,0	18,45,30	-2	-1
1640	1,0,4,2,0	36,30,62,43,25	3,4,3	22,39,30	-2	-1
1646	4,0,0,2,0	1,5,0,1,0	1,0,0	3,2,0	-2	-1
1649	18,7,20,4,11	148,145,143,134,105	5,13,7	70,106,72	-2	-1
1650	0,0,2,1,3	213,158,204,157,120	0,0,1	98,98,98	-2	-1
1651	74,60,74,41,63	164,140,181,150,105	27,39,31	75,104,109	-2	-1
1654	6,6,9,2,4	44,64,57,54,46	2,2,4	37,36,47	-2	-1
1656	0,0,0,0,0	7,10,4,14,5	1,0,0	9,6,4	-2	-1
1658	4,1,7,1,4	22,17,44,34,33	1,0,0	22,2,4	-2	-1
1667	2,2,6,4,1	13,4,13,12,2	1,0,1	6,11,2	-2	-1
1668	0,0,0,0,1	28,16,44,23,24	0,0,0	14,10,21	-2	-1
1670	0,0,0,1,1	26,36,45,28,27	0,0,0	12,10,10	-2	-1
1671	0,0,2,0,1	496,409,560,400,382	0,1,5	377,224,221	-2	-1
1673	1,0,0,0,0	18,11,24,31,22	0,0,0	9,10,11	-2	-1
1674	0,4,0,0,0	105,127,174,97,80	0,0,0	36,8,5	-2	-1
1679	2,0,0,1,0	2,0,3,3,1	0,0,0	0,1,2	-2	-1
1680	2,1,1,0,0	2,0,1,2,0	0,1,3	0,0,0	-2	-1
1681	1,0,1,0,0	6,3,3,4,1	0,0,0	0,2,1	-2	-1
1682	0,1,1,1,1	3,3,3,1,5	0,0,1	0,1,2	-2	-1
1683	0,1,0,0,0	11,5,1,5,2	0,1,1	1,0,0	-2	-1
1684	5,1,0,1,0	23,32,28,40,10	2,1,1	20,32,46	-2	-1
1692	2,3,5,7,4	0,0,1,0,0	7,5,18	0,0,0	-2	-1
1693	2,2,3,0,1	0,0,0,1,1	1,0,0	0,0,0	-2	-1
1694	1,2,0,0,0	2,13,6,4,8	1,0,0	0,0,0	-2	-1
1697	4,1,3,2,4	22,17,26,12,13	0,2,1	20,9,11	-2	-1
1698	5,0,0,2,4	2,0,0,0,0	6,0,2	0,0,3	-2	-1
1703	0,0,0,0,0	93,89,112,94,64	0,0,1	62,67,55	-2	-1
1704	21,12,19,9,14	65,48,79,69,47	19,9,19	62,63,57	-2	-1
1705	7,4,2,5,2	83,71,89,56,56	8,3,2	58,82,80	-2	-1
1711	20,11,9,6,6	271,209,195,215,166	13,31,28	319,629,561	-2	-1
1712	3,1,2,4,7	156,181,153,122,130	11,16,14	227,250,258	-2	-1
1713	4,3,4,16,8	51,36,56,46,33	1,2,9	25,16,12	-2	-1
1714	4,0,0,1,2	52,40,47,33,54	1,1,2	20,25,27	-2	-1
1718	3,3,2,1,2	0,0,0,0,0	3,1,2	0,0,1	-2	-1
1719	3,3,2,1,2	15,18,26,17,11	3,1,2	11,5,8	-2	-1
1735	2,0,4,4,2	20,12,24,10,5	0,3,0	8,5,2	-2	-1
1739	0,0,0,0,0	0,1,7,7,0	0,0,1	0,3,0	-2	-1
1740	0,0,2,4,1	2,5,12,9,2	0,0,2	2,2,3	-2	-1
1741	1,4,2,3,4	94,62,118,92,62	5,4,5	68,92,61	-2	-1
1743	4,5,1,9,9	50,56,50,38,36	4,1,4	31,27,21	-2	-1
1746	26,22,45,27,21	5,6,4,5,3	12,18,11	1,5,0	-2	-1
1747	4,5,7,4,6	29,40,58,33,23	0,1,0	18,37,23	-2	-1
1749	151,140,300,90,39	714,938,2172,652,258	62,98,78	277,498,429	-2	-1
1750	3,3,8,0,3	665,564,1389,463,195	4,1,0	224,132,106	-2	-1
1754	1,5,2,3,3	297,457,357,406,236	1,0,0	190,526,398	-2	-1
1759	2,5,4,4,1	72,83,104,101,51	4,0,0	40,39,28	-2	-1
1760	8,1,9,4,9	86,54,66,98,50	2,0,2	37,18,13	-2	-1
1761	0,2,2,0,1	47,42,50,53,37	1,0,2	23,24,9	-2	-1
1764	0,0,0,0,0	0,0,0,3,0	0,1,0	0,0,0	-2	-1
1765	0,0,1,1,0	30,24,33,54,35	0,0,1	9,29,17	-2	-1
1766	2,1,4,5,3	19,21,30,28,20	4,3,3	7,10,12	-2	-1
1767	16,12,21,7,6	87,86,82,57,65	5,6,4	42,38,43	-2	-1
1769	2,0,0,0,0	69,73,89,84,52	2,0,0	79,50,60	-2	-1
1770	6,5,6,6,2	56,29,53,78,46	9,1,3	46,54,44	-2	-1
1772	0,1,0,0,0	18,8,13,15,16	0,0,0	7,8,7	-2	-1
1773	0,0,0,0,1	69,69,92,69,74	0,0,0	70,51,41	-2	-1
1774	6,4,9,19,7	1,0,1,0,0	1,2,0	0,0,0	-2	-1
1778	1,0,1,0,0	7,4,3,5,4	0,0,2	1,5,1	-2	-1
1779	1,0,0,0,1	16,6,6,5,5	0,0,0	4,9,3	-2	-1
1782	17,6,1,13,9	0,2,2,1,0	5,6,0	3,1,0	-2	-1
1783	17,4,1,13,9	16,8,8,17,13	5,4,0	13,13,7	-2	-1
1786	0,0,1,0,0	0,0,0,0,0	0,0,0	2,0,0	-2	-1
1790	3,2,8,11,4	33,37,50,49,36	7,11,2	24,34,41	-2	-1
1797	0,0,0,0,1	8,12,10,5,9	0,0,4	2,7,17	-2	-1
1801	0,2,0,2,1	11,20,21,27,9	0,0,0	18,10,6	-2	-1
1815	7,9,7,3,3	1,0,0,0,3	7,6,5	0,0,0	-2	-1
1817	9,15,24,23,9	84,68,64,56,52	12,6,5	52,58,45	-2	-1
1818	1,0,2,1,2	167,181,230,169,149	0,1,0	117,161,141	-2	-1
1819	11,9,15,15,13	150,121,195,138,132	12,17,8	89,151,120	-2	-1
1820	6,1,12,9,9	140,122,153,119,134	1,11,5	118,162,137	-2	-1
1821	9,8,15,12,8	0,0,0,0,2	3,13,8	0,0,0	-2	-1
1822	4,4,6,7,4	170,163,168,155,135	0,5,2	96,207,170	-2	-1
1824	2,2,2,1,0	59,34,37,37,28	3,0,4	24,25,38	-2	-1
1826	0,0,1,0,0	5,3,10,8,4	0,0,2	2,5,4	-2	-1
1829	29,20,34,23,22	5,10,3,0,6	6,18,6	0,2,1	-2	-1
1830	3,5,7,0,5	42,41,55,51,39	2,1,0	8,27,10	-2	-1
1833	10,0,10,3,2	8,4,7,8,8	2,2,3	7,3,3	-2	-1
1834	8,6,6,6,6	113,114,115,59,99	5,2,4	29,39,31	-2	-1
1835	1,14,8,9,1	101,107,123,71,109	1,6,4	66,60,89	-2	-1
1839	2,0,3,0,0	60,56,72,55,47	0,0,0	24,40,29	-2	-1
1840	0,0,0,0,2	0,1,0,0,0	0,0,0	3,5,10	-2	-1
1841	10,2,3,20,7	14,5,9,10,5	9,4,7	8,9,9	-2	-1
1842	6,5,7,7,3	41,12,51,20,24	1,8,0	10,9,16	-2	-1
1843	2,0,1,2,0	54,43,72,99,46	2,1,0	19,10,15	-2	-1
1844	6,3,4,2,3	5,4,9,12,3	3,0,2	3,1,0	-2	-1
1847	5,0,9,3,0	13,8,6,6,2	2,0,1	1,0,0	-2	-1
1849	2,0,0,0,0	5,11,12,11,5	0,0,0	3,8,3	-2	-1
1851	3,1,0,4,0	16,28,11,21,22	3,1,0	5,2,7	-2	-1
1852	6,0,3,0,2	8,2,6,9,4	1,0,0	5,6,6	-2	-1
1857	0,0,1,3,0	12,10,19,5,9	0,0,0	1,14,19	-2	-1
1860	0,1,0,0,2	153,111,220,157,124	0,0,1	113,86,81	-2	-1
1861	0,1,0,0,2	0,0,2,0,2	0,0,1	2,1,3	-2	-1
1862	1,1,2,0,0	10,17,21,12,17	0,1,0	3,6,7	-2	-1
1863	0,1,0,1,0	13,4,15,24,14	0,0,0	4,3,3	-2	-1
1869	2,0,1,1,1	498,470,647,569,384	1,0,2	349,156,140	-2	-1
1871	2,8,1,0,3	177,160,186,152,154	0,2,1	131,97,89	-2	-1
1873	0,1,2,2,1	190,144,204,141,127	0,1,0	110,107,146	-2	-1
1875	0,1,4,2,0	36,19,25,15,22	0,3,0	17,38,35	-2	-1
1879	35,58,22,44,25	13,11,7,8,6	37,72,80	4,22,8	-2	-1
1880	59,87,39,67,39	65,48,43,40,44	54,107,133	43,148,112	-2	-1
1883	1,0,0,0,0	0,3,0,1,0	0,0,0	4,0,0	-2	-1
1891	0,0,0,0,1	14,16,13,12,11	0,0,0	7,4,2	-2	-1
1893	0,0,0,1,0	6,3,9,12,3	0,0,0	1,1,2	-2	-1
1896	0,1,0,1,1	9,11,19,23,11	0,0,0	8,8,10	-2	-1
1905	0,0,0,3,0	3,7,15,4,2	0,0,0	1,1,3	-2	-1
1906	0,0,0,2,0	25,9,19,11,7	0,2,0	13,9,10	-2	-1
1908	1,0,0,0,0	19,5,12,10,8	1,1,3	4,11,9	-2	-1
1909	1,0,1,2,3	18,27,33,18,24	1,1,1	7,7,4	-2	-1
1910	151,165,182,138,135	36,31,34,31,28	165,189,161	20,55,42	-2	-1
1911	151,165,182,138,135	7,10,13,8,2	165,189,161	3,7,4	-2	-1
1912	17,11,18,17,11	226,226,248,232,204	11,25,16	220,136,127	-2	-1
1914	0,0,4,0,0	1,1,0,0,1	1,0,0	0,0,0	-2	-1
1918	10,28,26,17,14	258,585,438,302,229	6,22,12	176,216,94	-2	-1
1919	0,0,0,0,0	116,112,94,73,75	1,4,1	127,174,188	-2	-1
1928	0,0,0,1,0	133,120,191,154,93	0,0,0	40,78,63	-2	-1
1929	6,1,4,1,1	36,28,34,40,29	1,5,7	25,55,49	-2	-1
1930	1,0,0,0,0	33,31,21,44,22	1,1,0	17,38,26	-2	-1
1931	0,0,0,4,0	0,0,0,0,0	0,2,2	0,1,2	-2	-1
1932	0,0,0,0,0	0,1,0,0,0	0,2,0	0,0,0	-2	-1
1933	0,0,0,4,0	45,34,24,39,16	0,2,2	14,42,34	-2	-1
1934	1,0,1,5,0	6,0,2,2,6	4,1,3	10,10,11	-2	-1
1936	0,0,1,0,0	790,1204,1067,825,723	0,0,0	458,686,654	-2	-1
1938	0,0,0,0,0	2,4,0,0,7	0,0,1	0,3,6	-2	-1
1941	31,19,41,12,25	14,7,26,15,17	14,8,14	11,8,6	-2	-1
1942	0,5,0,3,4	16,25,28,36,20	0,2,2	5,11,10	-2	-1
1944	2,2,3,7,2	220,202,240,168,135	3,4,3	122,135,111	-2	-1
1947	0,0,0,0,2	5,5,2,0,3	0,2,0	5,3,2	-2	-1
1948	6,3,4,6,2	6,13,13,12,5	2,2,5	11,14,7	-2	-1
1949	0,0,3,0,0	7,8,1,5,2	0,1,1	3,1,4	-2	-1
1950	1,0,8,0,0	8,6,4,2,3	0,0,1	2,7,2	-2	-1
1951	2,5,5,1,4	5,9,5,6,2	0,2,2	7,9,4	-2	-1
1952	1,4,3,0,2	0,0,0,1,0	0,1,1	0,0,1	-2	-1
1953	0,0,1,0,0	5,4,4,1,1	0,0,0	0,1,1	-2	-1
1955	12,9,6,10,4	176,181,188,146,145	11,4,2	124,78,94	-2	-1
1956	1,3,0,1,1	345,404,401,392,267	0,0,0	220,233,228	-2	-1
1957	1,3,5,7,0	0,0,0,0,0	1,2,11	0,2,3	-2	-1
1960	12,30,15,6,8	52,68,46,55,37	8,11,9	29,91,86	-2	-1
1961	20,24,17,13,17	93,149,117,95,74	7,15,10	60,164,151	-2	-1
1962	15,24,38,21,8	152,225,183,145,114	10,16,13	86,170,187	-2	-1
1963	33,41,35,21,27	0,0,0,0,1	19,19,14	1,0,0	-2	-1
1964	32,46,37,23,29	0,0,1,0,0	19,28,21	0,0,0	-2	-1
1965	36,80,49,26,26	67,66,67,43,49	12,19,18	23,16,22	-2	-1
1966	47,81,47,32,32	158,175,200,178,93	22,24,19	93,66,77	-2	-1
1967	36,45,39,18,29	71,66,68,48,47	20,21,8	14,12,18	-2	-1
1968	25,49,47,24,22	221,195,257,187,132	19,16,14	102,71,71	-2	-1
1969	17,42,33,21,23	177,142,238,164,101	9,18,12	91,40,45	-2	-1
1970	3,2,1,1,4	293,199,315,188,204	0,0,0	108,62,53	-2	-1
1976	0,1,0,0,1	3,6,3,7,3	0,0,0	2,10,7	-2	-1
1985	0,0,0,0,0	4,3,3,5,7	0,0,2	0,0,2	-2	-1
1987	0,0,1,2,0	4,9,11,8,5	0,0,0	3,13,4	-2	-1
1988	1,2,1,1,0	6,10,13,12,6	0,0,1	2,8,18	-2	-1
1994	0,1,0,0,2	14,11,24,11,5	0,0,0	8,13,3	-2	-1
1998	1,0,0,0,0	0,0,0,2,3	0,0,0	0,1,0	-2	-1
2008	0,0,0,1,2	6,6,1,2,6	1,2,0	1,1,1	-2	-1
2014	3,2,3,3,0	60,79,56,48,40	2,5,6	31,46,38	-2	-1
2019	1,0,0,1,0	2,2,0,2,0	0,0,0	1,1,1	-2	-1
2022	2,1,1,2,1	68,43,56,40,46	4,1,2	29,19,26	-2	-1
2024	27,8,16,12,15	0,1,3,2,0	12,15,10	0,3,2	-2	-1
2025	8,9,5,6,3	84,55,84,71,55	4,2,1	43,21,19	-2	-1
2026	260,169,297,221,174	339,226,384,265,262	161,104,96	254,187,174	-2	-1
2027	0,0,0,0,0	0,0,1,0,0	0,0,2	0,1,0	-2	-1
2028	0,0,0,0,0	11,16,13,17,11	0,0,2	9,3,6	-2	-1
2029	4,2,9,6,3	1,1,0,1,0	4,2,1	1,1,0	-2	-1
2030	3,2,9,6,3	40,41,40,37,32	4,2,1	50,19,51	-2	-1
2032	3,1,2,3,0	47,23,32,19,31	0,5,3	22,20,27	-2	-1
2033	0,0,3,9,2	45,22,36,22,31	2,5,2	18,32,16	-2	-1
2034	0,0,3,1,0	17,10,23,15,10	0,1,0	9,22,7	-2	-1
2039	3,0,1,1,1	21,56,37,28,30	2,1,4	48,38,49	-2	-1
2040	0,0,2,5,0	5,2,4,1,1	1,0,0	2,0,3	-2	-1
2049	0,0,1,1,0	19,11,21,24,18	0,0,0	11,22,13	-2	-1
2050	1,0,1,0,3	35,18,45,34,33	0,0,3	20,17,18	-2	-1
2056	1,0,1,3,0	3,7,7,15,5	2,3,1	5,4,4	-2	-1
2059	11,4,10,5,4	84,45,105,68,68	10,2,5	43,41,43	-2	-1
2064	17,19,22,14,5	1,1,1,1,1	10,12,10	1,2,3	-2	-1
2066	0,0,0,0,0	496,562,641,465,523	0,0,1	445,565,481	-2	-1
2067	15,31,20,21,14	20,20,23,17,10	21,61,60	3,23,7	-2	-1
2068	2,3,5,5,3	75,59,81,68,51	0,2,1	49,38,48	-2	-1
2069	0,0,0,0,0	26,22,31,36,24	0,1,0	12,5,7	-2	-1
2071	0,1,1,2,0	18,15,33,15,15	1,0,2	3,6,16	-2	-1
2072	0,0,1,2,3	0,0,0,0,0	4,7,2	3,1,0	-2	-1
2073	0,0,1,2,3	2,0,4,0,0	4,7,2	1,4,3	-2	-1
2076	12,0,4,7,7	67,39,64,53,48	7,6,15	95,93,114	-2	-1
2079	4,0,1,2,0	12,18,25,30,11	1,3,0	13,10,11	-2	-1
2080	4,0,0,1,0	0,0,1,0,0	1,3,0	0,0,0	-2	-1
2084	0,0,0,0,0	66,38,77,45,51	1,3,0	44,33,35	-2	-1
2085	1,2,1,1,0	14,26,16,16,13	0,2,0	4,21,11	-2	-1
2087	0,0,0,0,1	294,371,500,347,333	0,0,0	153,124,132	-2	-1
2090	0,0,0,2,1	0,4,4,2,1	5,0,0	0,2,0	-2	-1
2092	0,0,0,2,1	2,3,10,8,9	5,0,0	1,6,10	-2	-1
2093	1,0,0,3,1	7,3,8,13,2	5,0,0	2,6,1	-2	-1
2094	0,0,1,0,0	13,5,10,5,8	0,0,0	12,5,5	-2	-1
2095	4,7,3,5,2	56,36,54,66,59	1,2,3	35,38,28	-2	-1
2096	4,0,1,1,0	33,29,22,44,25	0,1,0	27,28,31	-2	-1
2097	1,0,6,2,0	39,42,55,50,22	1,1,2	17,43,37	-2	-1
2099	0,0,0,3,2	48,30,40,27,35	0,2,1	14,37,15	-2	-1
2102	1,0,0,1,0	0,1,10,1,0	0,1,0	6,6,7	-2	-1
2108	14,2,4,7,5	81,118,129,80,81	10,3,10	59,54,54	-2	-1
2109	0,2,2,0,0	6,5,4,9,1	0,0,0	2,1,2	-2	-1
2111	1,0,0,0,0	1,2,2,3,0	0,0,0	1,0,0	-2	-1
2114	18,17,27,12,18	110,117,188,142,123	6,8,3	46,45,49	-2	-1
2115	0,0,0,0,1	73,55,63,65,39	0,0,0	18,19,6	-2	-1
2116	0,5,3,5,6	86,59,83,86,70	2,1,0	34,50,50	-2	-1
2133	76,62,117,53,61	58,25,50,37,40	35,50,42	21,33,39	-2	-1
2140	4,0,4,1,0	25,21,37,42,33	0,1,2	42,23,15	-2	-1
2143	0,0,1,0,0	2,0,3,2,0	0,0,0	1,0,2	-2	-1
2144	0,0,2,1,0	13,8,13,8,11	0,0,2	4,16,11	-2	-1
2145	0,0,0,0,0	1,2,2,9,0	0,1,0	2,4,2	-2	-1
2147	39,31,57,35,20	38,18,65,12,17	10,3,4	2,0,1	-2	-1
2149	2,0,0,0,0	94,61,109,54,74	0,1,0	88,176,194	-2	-1
2150	0,0,4,6,3	10,9,15,14,7	0,0,0	7,3,2	-2	-1
2151	1,6,3,2,4	81,56,53,59,63	1,8,3	43,46,46	-2	-1
2157	6,4,9,4,2	45,38,70,61,33	4,1,3	19,27,12	-2	-1
2160	0,0,0,1,0	202,173,209,140,138	0,0,0	86,151,118	-2	-1
2162	0,1,1,0,0	99,134,157,147,101	3,0,0	71,31,28	-2	-1
2163	0,0,2,1,0	34,12,41,16,29	0,0,0	0,3,2	-2	-1
2165	1,0,1,0,0	254,241,412,257,281	0,0,0	191,163,148	-2	-1
2166	1,0,0,0,0	122,106,120,115,68	0,0,0	78,67,57	-2	-1
2167	7,3,11,2,0	73,53,58,40,35	3,0,0	36,25,20	-2	-1
2170	5,3,7,4,6	616,580,648,462,466	7,3,1	191,241,184	-2	-1
2175	2,1,3,2,5	174,46,99,127,121	10,22,17	408,402,379	-2	-1
2176	5,1,0,0,4	214,62,121,157,124	10,6,11	501,477,453	-2	-1
2180	1,3,1,0,0	104,97,117,131,77	0,1,0	65,54,50	-2	-1
2183	4,11,5,0,0	22,18,38,24,15	1,0,1	11,15,6	-2	-1
2188	0,0,0,0,2	24,24,32,11,8	0,0,0	18,21,25	-2	-1
2189	0,0,1,0,2	25,22,26,25,10	0,1,0	8,38,28	-2	-1
2190	2,1,0,2,1	29,29,33,25,7	2,6,1	8,18,27	-2	-1
2191	0,1,1,0,1	17,17,26,16,14	0,0,0	6,8,8	-2	-1
2192	18,14,9,6,6	112,75,77,79,77	7,7,7	47,43,50	-2	-1
2193	13,4,10,9,13	117,115,103,90,78	13,4,8	52,76,71	-2	-1
2194	3,5,4,3,0	34,56,35,40,24	1,3,3	25,49,31	-2	-1
2195	22,12,27,15,15	123,97,137,115,78	17,8,3	101,36,36	-2	-1
2199	0,0,1,2,0	33,19,30,61,31	0,0,1	16,19,18	-2	-1
2201	0,0,4,0,0	24,14,14,17,13	0,0,1	16,13,7	-2	-1
2204	1,1,0,0,0	0,0,0,1,0	0,0,0	1,0,0	-2	-1
2206	0,0,2,0,0	2,0,5,3,2	1,0,0	2,1,2	-2	-1
2215	0,0,2,0,5	42,40,70,59,51	0,2,1	21,16,12	-2	-1
2219	0,2,0,0,0	1,0,0,1,0	2,0,0	0,0,0	-2	-1
2227	0,0,0,0,1	2,0,2,0,0	0,0,1	0,1,2	-2	-1
2230	9,2,4,5,14	24,24,50,16,29	1,9,6	13,23,20	-2	-1
2236	0,2,0,0,0	43,22,43,40,22	0,0,5	14,17,14	-2	-1
2237	5,0,5,5,2	18,23,28,18,14	1,2,2	22,16,18	-2	-1
2239	0,0,1,0,1	7,9,9,10,10	0,0,0	7,1,2	-2	-1
2240	4,7,6,5,1	236,201,275,273,203	3,1,3	115,180,159	-2	-1
2241	1,0,0,0,0	172,145,190,224,150	2,0,0	77,105,83	-2	-1
2243	0,1,1,0,0	10,10,11,16,8	0,3,0	8,6,12	-2	-1
2244	0,0,1,0,0	76,63,85,83,65	0,0,0	31,61,40	-2	-1
2249	3,0,0,0,0	43,25,50,65,44	0,0,0	25,30,14	-2	-1
2252	0,6,1,4,3	96,105,122,99,85	0,0,0	40,31,28	-2	-1
2253	9,7,23,6,12	0,3,0,0,1	9,10,3	0,0,0	-2	-1
2256	3,0,0,0,2	7,2,2,2,1	0,0,2	0,2,4	-2	-1
2267	0,0,0,0,1	0,0,0,0,1	0,1,0	0,0,0	-2	-1
2277	1,2,4,0,4	10,3,16,6,8	0,0,0	5,0,1	-2	-1
2280	0,0,0,0,1	43,21,61,32,19	0,0,0	16,12,9	-2	-1
2289	0,0,0,1,0	75,81,76,71,54	0,0,0	41,31,32	-2	-1
2290	1,0,5,1,2	80,106,119,119,95	0,0,0	63,44,47	-2	-1
2291	23,22,34,26,26	109,116,148,132,106	17,11,8	62,35,47	-2	-1
2294	1,0,0,1,1	39,61,57,53,36	1,0,0	26,15,14	-2	-1
2296	1,0,0,0,0	6,6,2,4,4	0,1,1	2,0,0	-2	-1
2298	0,0,4,1,0	0,0,1,0,0	0,0,1	0,0,0	-2	-1
2302	1,0,0,0,0	10,6,18,17,5	1,0,0	3,3,5	-2	-1
2304	1,0,1,0,0	112,140,113,103,110	0,0,0	58,18,27	-2	-1
2305	1,0,1,0,0	6,0,0,0,0	0,0,0	1,1,1	-2	-1
2306	4,3,6,2,0	88,72,98,77,69	1,0,1	33,42,33	-2	-1
2309	0,4,1,4,1	8,15,18,4,7	1,1,0	9,4,2	-2	-1
2310	0,4,1,4,1	0,0,0,1,0	1,1,0	1,0,0	-2	-1
2311	0,0,0,1,0	45,22,47,33,39	0,0,0	30,26,30	-2	-1
2320	22,17,43,21,12	271,212,410,275,180	12,17,6	137,96,54	-2	-1
2321	0,0,1,3,0	14,21,36,24,7	0,0,0	2,22,15	-2	-1
2322	2,2,0,0,1	17,31,25,16,15	0,0,0	8,17,11	-2	-1
2323	0,0,1,3,0	4,2,7,11,7	0,0,0	1,5,3	-2	-1
2325	2,0,1,4,1	29,11,11,18,14	2,0,0	6,4,5	-2	-1
2326	0,3,1,1,2	10,8,17,12,4	4,4,3	10,14,15	-2	-1
2329	0,0,0,1,0	3,8,7,6,2	0,1,2	7,9,11	-2	-1
2330	3,0,6,3,1	11,6,10,13,7	1,0,1	11,10,17	-2	-1
2332	1,0,4,5,3	18,13,25,33,8	1,0,1	7,17,7	-2	-1
2333	2,0,3,2,1	2,1,5,0,0	1,0,2	2,3,1	-2	-1
2334	6,0,2,2,1	16,8,10,13,10	0,0,0	7,2,7	-2	-1
2337	0,0,3,0,0	80,77,100,105,78	0,0,0	144,178,150	-2	-1
2340	2,0,0,0,2	8,5,13,24,10	0,0,2	8,2,3	-2	-1
2343	0,0,0,0,1	400,416,459,366,309	0,0,0	246,148,148	-2	-1
2344	2,0,0,0,0	5,1,0,0,5	0,0,0	3,0,1	-2	-1
2346	10,11,0,0,0	98,118,1,0,0	0,2,0	0,1,0	-2	-1
2350	0,0,2,0,0	15,13,20,25,26	0,0,0	25,25,22	-2	-1
2351	3,0,1,0,2	10,12,14,11,12	0,0,0	10,28,20	-2	-1
2354	0,0,0,1,0	0,1,0,0,0	0,1,0	0,4,1	-2	-1
2361	6,1,0,5,7	35,34,45,24,41	1,1,0	25,23,16	-2	-1
2362	2,4,8,7,3	19,27,20,16,18	5,2,3	8,19,10	-2	-1
2370	0,1,0,0,0	23,6,16,19,12	0,0,0	9,11,11	-2	-1
2371	1,1,2,0,1	17,24,19,25,30	3,2,0	2,17,1	-2	-1
2374	4,0,1,1,0	2,0,0,0,0	0,1,0	0,0,0	-2	-1
2378	1,1,0,0,1	24,11,12,13,6	0,0,0	10,12,6	-2	-1
2379	2,0,0,0,2	7,2,2,1,1	0,0,0	1,2,1	-2	-1
2381	2,0,0,0,2	2,1,11,7,2	0,0,0	0,1,6	-2	-1
2385	1,0,1,1,0	29,21,48,22,18	0,0,1	11,0,5	-2	-1
2388	0,0,1,0,0	19,14,29,24,37	0,0,0	2,7,5	-2	-1
2389	6,0,0,2,0	3,3,6,9,4	0,1,1	4,2,0	-2	-1
2393	0,0,0,1,0	63,65,59,62,36	0,0,0	35,53,47	-2	-1
2402	0,1,0,0,1	3,1,5,1,0	0,0,0	0,0,1	-2	-1
2407	0,0,2,3,1	17,11,20,24,12	0,2,0	3,11,9	-2	-1
2410	1,0,0,3,0	31,22,25,27,21	0,0,0	26,14,5	-2	-1
2411	1,0,0,0,0	1,0,0,0,3	0,0,0	1,1,2	-2	-1
2414	1,3,1,2,0	6,2,6,18,7	0,4,0	15,16,13	-2	-1
2418	2,1,6,2,1	48,21,49,39,44	4,2,1	29,12,11	-2	-1
2419	0,0,1,2,0	31,20,35,28,18	0,2,1	15,38,25	-2	-1
2420	3,2,1,8,3	60,32,62,41,65	0,4,5	47,53,38	-2	-1
2421	3,8,2,1,6	85,33,68,50,40	2,5,3	47,62,42	-2	-1
2422	180,183,225,157,134	4,3,1,1,2	155,144,91	0,0,1	-2	-1
2424	4,2,0,3,6	276,192,240,226,166	1,2,2	216,138,142	-2	-1
2425	4,2,0,3,6	0,0,0,0,1	1,2,2	0,0,0	-2	-1
2428	2,1,0,0,1	14,16,9,9,7	0,0,2	7,10,7	-2	-1
2429	14,6,15,1,10	30,11,24,27,25	5,5,2	20,24,12	-2	-1
2430	22,9,14,15,11	164,144,218,180,132	3,16,20	80,113,110	-2	-1
2432	2,2,2,6,0	76,43,70,60,78	1,4,5	45,58,39	-2	-1
2435	2,4,1,0,2	5,11,9,5,4	0,1,1	8,11,15	-2	-1
2436	4,0,2,5,0	19,7,24,17,12	0,1,0	1,10,5	-2	-1
2442	4,5,4,4,3	41,63,64,46,54	0,1,0	17,11,21	-2	-1
2443	0,0,2,0,0	30,42,39,45,24	1,3,1	14,37,33	-2	-1
2444	0,1,2,0,1	896,760,934,795,567	0,3,2	540,372,354	-2	-1
2445	0,1,2,0,1	0,2,0,0,0	0,3,2	0,0,0	-2	-1
2446	0,1,2,0,1	861,776,1031,845,640	0,3,2	583,313,368	-2	-1
2448	27,25,24,11,18	0,0,0,0,0	13,5,3	0,1,0	-2	-1
2454	0,0,0,0,1	154,125,196,133,116	0,0,0	41,77,50	-2	-1
2455	0,0,0,0,0	122,92,144,102,93	1,0,0	71,102,93	-2	-1
2456	1,0,0,0,0	0,0,0,0,1	0,0,1	0,0,0	-2	-1
2457	0,0,0,1,0	4,4,14,10,4	0,0,0	12,4,9	-2	-1
2458	0,4,1,1,0	13,7,19,13,3	0,0,0	3,11,7	-2	-1
2464	1,0,0,0,1	2,0,5,4,1	0,0,1	0,4,0	-2	-1
2465	0,0,2,0,0	4,3,5,8,2	0,0,0	1,1,3	-2	-1
2466	11,18,20,7,9	308,210,302,242,177	11,4,7	184,159,154	-2	-1
2470	1,0,0,0,0	1,3,4,4,10	0,0,0	1,6,5	-2	-1
2471	3,0,0,0,1	9,7,7,16,8	0,0,0	2,6,3	-2	-1
2472	0,0,0,0,2	13,3,13,5,7	0,2,1	5,9,0	-2	-1
2473	1,3,4,0,2	140,117,180,104,111	1,3,0	60,109,106	-2	-1
2479	2,7,2,3,14	36,51,44,50,33	2,5,2	34,59,63	-2	-1
2480	0,0,2,3,0	118,114,131,136,128	1,3,3	107,92,80	-2	-1
2481	0,0,0,0,0	121,100,153,141,125	0,2,0	92,96,98	-2	-1
2486	0,0,0,0,0	1,0,0,0,0	0,0,1	0,1,0	-2	-1
2487	0,0,1,0,0	2,0,3,1,0	0,0,0	2,1,0	-2	-1
2490	0,0,0,0,1	1,0,0,0,2	2,0,0	0,0,0	-2	-1
2491	1,0,1,0,0	0,0,0,0,0	0,2,0	0,0,2	-2	-1
2492	15,18,11,9,16	81,60,119,79,72	6,4,7	32,68,55	-2	-1
2502	1,0,3,3,1	26,23,44,26,31	0,2,1	19,23,21	-2	-1
2503	2,0,0,1,0	3,1,5,0,1	0,0,0	0,1,3	-2	-1
2504	0,0,0,1,0	4,3,3,3,0	0,0,0	0,0,1	-2	-1
2511	0,0,0,0,0	0,0,2,2,2	1,0,0	0,0,1	-2	-1
2514	6,7,13,12,8	96,90,112,74,63	1,6,3	38,81,70	-2	-1
2515	7,12,13,12,15	123,142,138,140,111	5,4,6	67,30,41	-2	-1
2516	0,0,3,0,0	9,5,26,8,10	2,1,1	12,7,5	-2	-1
2523	4,0,3,6,2	26,20,44,25,19	2,1,1	16,37,17	-2	-1
2524	2,1,0,0,0	42,23,72,46,35	2,3,0	41,10,13	-2	-1
2526	3,2,2,0,3	201,167,213,186,236	0,2,0	68,73,69	-2	-1
2530	0,2,3,0,2	18,30,50,31,33	0,0,0	45,14,19	-2	-1
2531	1,0,3,0,0	1,2,0,0,1	1,0,1	0,1,0	-2	-1
2532	0,2,2,0,3	10,3,8,6,7	0,0,0	6,0,0	-2	-1
2533	1,3,0,0,5	2,7,2,0,8	0,0,0	2,0,1	-2	-1
2536	68,42,62,50,51	1,1,1,1,0	49,36,30	1,0,0	-2	-1
2537	53,20,36,32,47	1,0,0,0,0	38,18,17	0,0,1	-2	-1
2539	21,9,13,23,18	0,1,0,2,1	10,4,3	0,1,2	-2	-1
2540	0,0,0,1,0	2,0,0,1,0	0,0,1	0,0,2	-2	-1
2541	1,0,1,2,0	4,4,2,6,6	2,3,2	1,1,5	-2	-1
2544	0,3,1,1,5	11,10,37,13,12	2,1,1	13,11,7	-2	-1
2548	0,0,0,0,0	250,199,319,262,224	0,1,0	131,42,44	-2	-1
2549	1,4,6,1,6	0,1,0,0,0	0,3,1	0,0,1	-2	-1
2551	0,0,0,0,1	15,48,41,42,25	0,0,1	11,35,20	-2	-1
2555	26,21,27,19,19	65,70,75,44,53	9,3,9	33,36,26	-2	-1
2558	3,2,5,6,4	1,0,2,1,0	1,1,1	0,0,0	-2	-1
2559	0,0,0,1,0	7,18,19,23,14	0,0,0	7,6,9	-2	-1
2560	0,0,0,1,0	53,38,67,69,51	0,0,0	23,36,23	-2	-1
2563	3,8,3,7,3	23,25,27,28,19	4,1,4	12,11,16	-2	-1
2565	0,0,0,0,0	37,38,47,41,22	0,0,1	15,14,13	-2	-1
2568	47,65,60,52,63	4,2,4,6,3	23,68,84	4,3,3	-2	-1
2571	0,0,0,0,0	2,1,4,2,0	1,2,0	0,1,2	-2	-1
2572	0,0,0,0,2	10,12,22,10,19	0,0,0	4,10,11	-2	-1
2573	0,3,6,0,2	6,18,14,15,20	0,2,0	5,6,13	-2	-1
2576	0,0,0,0,1	0,0,0,0,0	0,0,0	0,1,0	-2	-1
2577	0,0,1,0,0	3,5,3,3,0	0,0,2	0,1,0	-2	-1
2578	4,0,4,0,1	1,0,0,0,0	0,0,2	0,0,3	-2	-1
2579	6,0,6,0,1	1,0,6,0,1	0,0,2	1,0,0	-2	-1
2582	3,0,1,2,0	3,2,3,0,0	1,0,3	1,2,4	-2	-1
2583	2,0,0,2,0	54,46,69,50,30	1,0,2	38,39,37	-2	-1
2588	2,4,5,1,1	38,16,22,10,25	0,4,1	14,21,10	-2	-1
2597	3,2,3,1,6	84,45,117,91,61	1,2,4	60,48,49	-2	-1
2599	15,6,18,22,20	107,75,106,70,69	12,7,9	53,89,70	-2	-1
2601	0,1,1,2,1	1,3,9,1,3	1,0,1	2,0,2	-2	-1
2602	3,3,11,0,8	7,2,10,6,9	0,1,2	0,6,4	-2	-1
2604	0,1,0,0,0	20,26,12,9,13	0,0,0	11,9,8	-2	-1
2606	2,3,5,3,6	21,27,35,22,19	3,2,2	15,4,7	-2	-1
2607	0,0,0,1,0	18,8,27,20,13	1,0,1	6,21,10	-2	-1
2609	17,5,8,6,4	71,51,72,57,39	8,4,2	24,42,34	-2	-1
2611	19,6,19,25,15	55,18,69,48,27	16,9,8	50,12,17	-2	-1
2612	0,0,0,0,2	163,82,164,137,128	0,0,0	112,90,84	-2	-1
2615	0,0,0,1,0	2,3,4,6,6	2,0,1	2,0,1	-2	-1
2619	2,2,7,0,1	24,45,25,35,15	2,10,5	16,40,34	-2	-1
2621	1,2,4,2,0	40,94,80,75,47	2,1,1	32,10,11	-2	-1
2622	0,0,0,1,0	4,6,9,1,0	0,0,1	6,3,3	-2	-1
2623	1,7,7,5,10	55,51,66,68,56	4,3,15	44,34,46	-2	-1
2624	0,0,0,0,0	90,57,88,67,65	1,0,0	26,50,72	-2	-1
2625	7,2,10,1,12	54,48,63,53,44	1,6,3	30,48,43	-2	-1
2626	0,1,0,0,1	29,60,29,25,16	0,0,2	17,43,43	-2	-1
2627	1,0,0,0,0	32,52,55,44,24	2,0,0	33,32,44	-2	-1
2639	0,0,2,0,0	182,202,276,180,145	0,0,0	67,24,38	-2	-1
2640	1,0,0,4,0	54,36,59,60,47	0,1,1	19,15,24	-2	-1
2641	2,1,0,3,1	12,16,16,19,10	0,1,0	5,9,7	-2	-1
2645	0,1,0,0,1	24,37,33,26,12	0,0,0	12,24,11	-2	-1
2648	0,0,2,0,0	121,133,133,97,94	0,0,3	60,114,109	-2	-1
2653	0,0,0,0,2	259,310,399,297,223	0,0,0	153,78,72	-2	-1
2655	0,0,5,2,0	101,98,147,116,81	0,0,0	53,33,31	-2	-1
2656	0,0,0,1,1	3,4,3,1,1	0,0,0	0,3,1	-2	-1
2657	0,0,0,1,1	1,5,3,0,1	0,0,0	0,1,0	-2	-1
2665	0,3,4,0,1	13,15,16,15,13	2,0,1	11,7,15	-2	-1
2667	20,29,14,9,13	190,178,190,169,156	17,12,5	141,112,86	-2	-1
2671	0,4,0,1,3	1,0,0,2,1	0,1,1	0,0,0	-2	-1
2672	0,4,0,1,3	8,16,17,16,11	0,1,1	3,7,9	-2	-1
2673	14,4,5,7,13	138,127,162,134,135	5,2,5	57,61,55	-2	-1
2674	14,14,6,5,9	139,97,156,106,89	2,4,0	52,52,44	-2	-1
2675	2,4,4,2,0	52,59,50,28,32	2,4,1	28,27,27	-2	-1
2676	4,5,5,2,0	0,0,0,2,0	3,6,2	1,0,0	-2	-1
2677	2,1,1,1,0	39,58,59,41,29	1,2,1	30,31,35	-2	-1
2686	1,4,5,1,1	28,28,12,32,25	0,3,8	12,37,42	-2	-1
2688	11,11,11,19,14	5,0,6,1,5	4,34,27	1,2,3	-2	-1
2693	1,2,0,1,2	28,22,31,34,25	0,3,0	9,20,19	-2	-1
2698	3,4,8,1,2	41,42,86,69,34	0,0,2	28,48,36	-2	-1
2700	3,4,8,1,2	6,7,10,8,9	0,0,2	2,4,4	-2	-1
2705	3,8,1,1,3	9,14,14,13,3	0,0,0	5,4,0	-2	-1
2715	3,0,7,4,4	21,7,22,24,15	4,3,1	6,13,5	-2	-1
2717	5,2,3,4,4	3,0,2,2,1	1,3,5	0,0,0	-2	-1
2718	3,0,0,4,2	46,22,41,49,45	0,1,0	15,10,8	-2	-1
2720	3,0,4,5,2	14,27,41,16,48	1,8,4	11,23,20	-2	-1
2727	0,0,0,1,0	7,6,2,3,3	0,0,0	0,6,1	-2	-1
2731	0,0,1,2,1	37,34,78,60,35	0,0,0	31,16,21	-2	-1
2734	1,0,0,0,2	32,38,52,38,26	1,0,0	20,6,14	-2	-1
2737	4,0,0,0,3	4,5,6,7,3	0,1,2	2,1,2	-2	-1
2743	5,8,3,2,0	11,8,5,4,6	2,1,1	5,4,0	-2	-1
2744	79,117,96,54,79	351,448,436,289,288	38,36,68	157,143,186	-2	-1
2745	0,0,0,0,1	554,486,565,525,394	1,1,0	359,218,282	-2	-1
2746	9,2,2,4,3	28,9,28,30,21	3,1,0	11,9,8	-2	-1
2749	0,1,1,0,0	16,8,28,20,13	0,1,0	7,3,18	-2	-1
2750	4,3,1,3,2	8,19,15,13,7	7,2,1	5,3,11	-2	-1
2751	3,3,5,1,1	19,16,23,21,12	1,0,1	8,12,10	-2	-1
2752	11,19,18,6,5	280,377,338,281,244	5,1,1	140,46,74	-2	-1
2753	303,396,402,308,280	0,0,0,0,3	159,79,71	0,0,0	-2	-1
2754	0,3,0,0,3	212,213,294,205,162	0,0,0	137,45,51	-2	-1
2757	0,6,1,0,2	5,5,9,13,2	0,0,0	4,8,1	-2	-1
2758	4,9,2,4,4	2,1,3,6,4	1,3,2	1,2,1	-2	-1
2759	1,0,1,3,3	5,4,0,4,1	0,0,0	1,1,0	-2	-1
2768	3,0,9,6,1	22,44,44,31,25	1,0,0	8,11,7	-2	-1
2771	0,0,1,0,0	33,19,24,28,34	0,0,0	26,22,18	-2	-1
2773	0,0,3,0,1	47,37,42,51,24	0,0,0	37,15,17	-2	-1
2777	2,0,2,0,0	4910,2640,2409,4483,3160	1,0,0	2909,1545,895	-2	-1
2778	7,2,2,1,1	5386,3381,2824,5145,3462	2,0,0	3390,1564,913	-2	-1
2782	1,0,0,0,0	10,19,13,11,10	0,0,0	4,3,8	-2	-1
2788	1,0,7,0,1	38,14,28,10,13	0,0,0	4,6,5	-2	-1
2791	0,0,1,0,0	0,0,1,2,3	0,0,0	0,2,1	-2	-1
2795	0,0,0,1,1	2,7,10,12,2	0,1,2	7,8,4	-2	-1
2796	7,4,13,4,2	68,44,51,47,71	7,6,8	52,31,55	-2	-1
2801	1,0,0,0,0	19,11,22,25,24	0,0,0	16,20,17	-2	-1
2804	0,0,0,0,1	17,52,61,19,25	0,1,0	7,2,4	-2	-1
2806	2,0,0,0,2	5,6,7,5,8	2,0,5	2,13,7	-2	-1
2807	2,0,0,0,2	10,8,10,7,2	2,0,5	6,10,5	-2	-1
2808	0,0,0,1,0	73,66,115,83,53	2,0,2	39,30,35	-2	-1
2813	0,0,0,1,0	101,73,110,106,70	0,0,1	82,107,70	-2	-1
2814	0,0,0,0,0	1,3,3,2,1	0,0,1	0,3,0	-2	-1
2815	41,25,53,41,37	64,65,81,78,57	20,32,31	73,54,53	-2	-1
2818	2,2,1,2,3	25,35,26,23,24	2,2,5	20,17,20	-2	-1
2820	4,9,7,5,4	122,141,133,106,102	6,9,3	115,126,95	-2	-1
2822	1,3,5,7,5	84,102,83,85,72	2,2,3	40,54,49	-2	-1
2823	0,1,0,1,0	74,63,51,32,59	0,1,0	34,20,23	-2	-1
2826	6,0,3,3,1	37,33,55,47,26	0,3,0	13,20,18	-2	-1
2836	36,24,35,25,15	0,1,0,3,0	24,17,10	1,1,0	-2	-1
2841	0,1,3,0,0	78,53,97,70,81	0,0,1	59,56,64	-2	-1
2845	0,0,0,0,1	70,65,98,81,84	0,0,0	53,46,35	-2	-1
2846	3,0,0,4,0	5,0,4,1,0	0,0,0	1,0,1	-2	-1
2850	2,1,2,2,0	19,7,9,5,14	0,2,0	7,7,14	-2	-1
2853	3,6,3,0,2	29,31,62,33,22	0,0,0	23,14,13	-2	-1
2855	0,2,1,3,0	35,42,68,50,42	4,0,1	34,20,25	-2	-1
2860	0,0,3,4,1	16,4,5,12,1	1,2,0	6,2,0	-2	-1
2863	0,0,1,0,0	11,8,20,11,2	0,0,0	1,1,1	-2	-1
2867	18,23,25,19,23	144,264,157,127,112	15,17,15	81,129,104	-2	-1
2870	0,0,0,0,0	81,75,118,93,56	0,1,0	52,54,58	-2	-1
2871	1,0,1,3,1	14,8,5,5,1	2,1,1	4,28,12	-2	-1
2872	31,25,27,15,33	0,0,2,0,1	15,34,39	0,2,0	-2	-1
2873	8,1,3,0,5	88,89,101,57,66	5,4,4	63,92,95	-2	-1
2879	6,2,3,4,1	75,37,64,50,49	0,0,2	31,8,7	-2	-1
2880	0,0,0,0,1	1,4,6,6,3	0,0,0	2,1,1	-2	-1
2886	1,3,8,4,4	20,59,33,28,16	3,2,6	30,26,44	-2	-1
2889	8,3,9,7,4	0,0,2,1,0	1,4,6	0,0,0	-2	-1
2892	8,3,14,6,6	24,23,29,36,14	4,6,7	11,17,14	-2	-1
2893	6,4,11,4,6	83,107,109,98,62	2,3,1	55,55,49	-2	-1
2894	0,0,0,0,0	18,13,16,14,21	0,0,1	11,11,7	-2	-1
2896	3,1,0,5,2	35,37,38,37,16	5,3,3	34,97,99	-2	-1
2898	0,1,0,0,0	17,11,9,19,11	0,0,0	10,1,9	-2	-1
2902	0,0,0,0,0	33,38,58,56,38	0,1,0	27,28,34	-2	-1
2903	0,0,0,0,0	36,26,60,36,37	0,1,0	18,20,25	-2	-1
2905	2,0,1,0,0	17,13,11,7,12	2,1,1	5,6,6	-2	-1
2907	1,0,2,0,0	1,6,7,6,2	0,0,0	3,4,2	-2	-1
2909	0,0,1,0,0	9,5,4,6,0	0,0,5	0,2,0	-2	-1
2913	0,1,0,0,0	8,10,14,8,5	0,0,1	7,7,3	-2	-1
2914	0,1,1,0,2	16,2,9,10,8	1,1,6	9,14,22	-2	-1
2915	1,0,0,0,1	51,55,87,74,55	0,0,0	42,68,45	-2	-1
2916	8,9,7,3,6	112,73,137,139,107	6,5,6	74,72,72	-2	-1
2919	2,0,2,1,1	28,18,18,25,26	0,0,2	17,18,17	-2	-1
2920	4,6,4,2,5	0,0,2,0,0	2,4,8	0,0,0	-2	-1
2921	0,0,0,0,0	26,21,21,17,25	1,0,0	9,23,20	-2	-1
2928	0,0,4,0,1	10,14,14,28,5	0,0,0	2,2,2	-2	-1
2930	0,2,9,0,0	39,32,44,58,29	0,0,1	15,6,3	-2	-1
2931	50,72,43,40,34	1206,2230,1317,1235,1086	21,53,46	832,2313,1998	-2	-1
2938	1,0,1,0,0	2,8,16,10,8	0,0,0	10,8,12	-2	-1
2939	1,0,3,0,0	13,10,15,10,2	0,0,0	10,11,7	-2	-1
2940	1,0,1,0,0	0,1,0,2,0	0,0,0	1,7,1	-2	-1
2941	1,0,0,0,0	7,11,26,14,14	0,0,0	8,22,9	-2	-1
2942	1,0,0,0,0	14,13,20,23,11	0,0,0	12,17,21	-2	-1
2943	0,0,0,1,0	1,0,2,0,0	0,0,0	1,0,1	-2	-1
2951	2,1,0,5,2	12,7,9,10,6	0,2,0	4,17,8	-2	-1
2952	3,4,10,2,4	3,1,2,4,2	0,2,2	0,2,0	-2	-1
2954	2,7,1,2,3	7,11,14,8,10	1,0,2	6,4,9	-2	-1
2957	14,13,13,12,11	56,39,59,57,40	3,5,5	24,23,12	-2	-1
2958	6,0,9,7,6	57,37,74,49,50	6,0,0	30,14,13	-2	-1
2960	2,5,2,0,2	1,0,2,1,0	0,0,0	1,0,0	-2	-1
2964	7,2,9,5,1	1,0,4,2,0	4,0,7	5,1,1	-2	-1
2972	12,10,8,15,15	0,1,0,0,0	3,2,4	0,0,0	-2	-1
2973	1,1,2,1,3	20,22,23,37,20	1,1,1	24,44,20	-2	-1
2982	2,5,3,0,1	46,45,62,35,25	0,0,0	17,6,12	-2	-1
2985	8,6,10,7,12	72,55,50,35,59	13,2,5	22,23,20	-2	-1
2999	5,1,0,3,2	0,1,1,3,1	0,1,0	0,2,0	-2	-1
3001	3,1,5,4,1	90,96,143,93,101	4,6,8	99,67,79	-2	-1
3003	25,15,34,13,19	22,27,39,34,23	11,23,13	16,13,8	-2	-1
3004	3,0,4,4,1	19,14,24,25,28	2,1,3	5,12,17	-2	-1
3005	0,0,0,2,0	0,3,1,6,2	1,0,0	0,1,2	-2	-1
3006	0,0,0,0,0	2,0,1,2,1	0,1,0	0,0,1	-2	-1
3007	0,0,1,1,0	102,94,95,91,56	0,0,0	34,95,96	-2	-1
3010	144,115,145,103,204	1510,1311,1337,1157,1018	81,73,64	851,581,556	-2	-1
3011	54,51,46,57,64	2,3,1,0,1	29,24,18	0,0,0	-2	-1
3012	1,0,0,0,0	83,45,64,65,42	0,0,0	37,50,26	-2	-1
3014	0,0,0,0,0	72,60,89,107,49	0,2,0	42,65,58	-2	-1
3015	0,0,0,0,0	77,73,87,74,72	0,2,0	66,61,52	-2	-1
3020	0,0,3,0,0	3,7,2,4,6	2,0,0	8,5,1	-2	-1
3029	6,0,1,0,0	0,0,2,0,3	0,0,1	0,0,0	-2	-1
3035	0,0,0,0,0	34,23,27,25,39	3,0,0	16,14,13	-2	-1
3037	0,0,0,0,1	8,2,6,7,1	0,0,0	4,4,1	-2	-1
3039	0,0,3,1,4	12,0,7,3,2	1,0,0	2,1,2	-2	-1
3041	1,0,0,0,0	6,2,2,5,3	0,0,2	3,2,2	-2	-1
3043	2,0,0,0,0	10,37,30,24,15	0,0,0	8,13,15	-2	-1
3050	0,0,0,2,0	65,52,73,66,73	0,0,0	30,34,53	-2	-1
3051	0,0,0,2,0	9,13,7,4,12	0,0,0	8,21,11	-2	-1
3060	0,0,1,0,4	2,1,2,6,2	0,1,0	0,0,0	-2	-1
3061	0,0,0,2,0	1,3,2,4,6	0,0,0	1,2,0	-2	-1
3065	1,1,0,1,0	0,0,0,0,0	2,0,0	0,0,1	-2	-1
3066	3,3,3,1,4	30,21,34,21,26	4,1,4	40,44,43	-2	-1
3067	0,1,0,0,0	17,17,21,15,10	2,2,2	32,40,26	-2	-1
3073	8,13,3,10,2	22,30,21,43,19	7,13,6	20,35,14	-2	-1
3080	5,2,6,1,2	57,27,46,37,25	1,0,0	19,18,9	-2	-1
3083	6,6,3,5,2	26,20,52,38,17	3,2,2	15,23,26	-2	-1
3084	1,3,1,0,1	25,13,24,19,34	1,2,4	13,18,24	-2	-1
3091	8,5,17,6,9	213,187,262,212,203	6,13,14	174,277,237	-2	-1
3092	3,1,3,2,0	8,27,19,15,13	0,0,2	2,8,1	-2	-1
3094	1,3,7,1,4	12,18,27,27,4	4,1,5	7,19,18	-2	-1
3095	0,0,1,0,0	14,23,36,18,12	0,1,3	18,22,22	-2	-1
3102	0,0,5,0,2	5,5,4,17,8	1,0,1	13,13,5	-2	-1
3103	4,0,2,5,0	1,0,0,0,1	1,0,0	1,0,1	-2	-1
3104	3,1,1,0,0	0,0,2,0,0	0,1,4	2,0,0	-2	-1
3113	0,0,0,2,1	362,291,349,291,266	0,1,0	294,110,95	-2	-1
3116	6,11,7,8,3	2,0,0,0,2	2,4,9	0,0,0	-2	-1
3127	0,3,1,0,0	4,1,0,1,0	0,0,0	0,3,0	-2	-1
3129	176,150,139,168,122	2,4,1,3,1	70,47,46	0,0,0	-2	-1
3139	7,6,12,6,4	25,9,28,24,15	2,6,2	5,16,10	-2	-1
3141	1,0,0,1,1	0,0,0,0,0	1,1,1	2,0,0	-2	-1
3144	0,0,0,0,1	12,10,5,21,11	0,0,0	11,4,9	-2	-1
3146	0,0,0,0,1	0,3,1,0,2	0,0,0	0,2,5	-2	-1
3148	0,0,0,1,0	8,1,5,2,5	0,2,0	2,1,1	-2	-1
3150	12,10,17,14,4	3,3,4,1,0	4,0,0	0,0,0	-2	-1
3152	2,4,1,1,4	104,128,138,100,93	1,1,1	96,74,85	-2	-1
3156	1,0,1,2,0	0,0,1,0,0	1,0,0	0,0,0	-2	-1
3158	2,0,0,1,2	105,92,158,108,97	0,1,3	61,48,40	-2	-1
3163	1,1,2,7,0	14,20,25,24,16	2,1,1	9,9,14	-2	-1
3164	6,0,4,3,1	1,0,4,8,2	0,2,0	4,6,6	-2	-1
3165	2,0,0,0,0	13,7,5,1,9	0,2,0	5,4,3	-2	-1
3170	0,0,0,0,0	45,33,58,61,24	1,0,0	25,48,23	-2	-1
3171	0,0,0,0,0	53,39,38,36,29	1,0,0	29,27,27	-2	-1
3172	0,0,1,0,0	1392,1868,1843,1439,1344	0,0,0	954,757,651	-2	-1
3173	12,3,6,3,2	740,740,933,802,694	7,5,8	474,295,269	-2	-1
3177	27,57,44,41,46	259,366,412,380,303	36,35,33	300,296,269	-2	-1
3180	3,0,11,3,6	161,90,199,134,80	0,3,1	93,48,38	-2	-1
3181	3,5,2,0,1	37,10,43,16,18	1,2,0	12,8,8	-2	-1
3183	3,4,4,0,0	47,23,56,22,26	0,0,0	19,10,17	-2	-1
3184	0,0,0,0,0	7,5,28,6,3	1,0,0	6,4,2	-2	-1
3189	3,0,3,2,0	33,9,31,36,28	0,0,0	11,13,12	-2	-1
3193	2,0,1,4,0	35,26,35,45,34	0,1,0	11,28,16	-2	-1
3195	19,2,13,7,8	7,9,7,16,5	0,3,2	4,1,3	-2	-1
3200	20,11,19,8,17	143,137,134,125,110	5,23,17	86,112,128	-2	-1
3201	5,0,2,3,1	1324,1163,2202,1586,752	2,0,0	441,227,261	-2	-1
3202	1,0,0,0,0	2,5,7,3,2	0,0,0	1,4,6	-2	-1
3213	0,3,0,0,0	0,0,2,0,0	0,0,0	0,0,1	-2	-1
3221	14,3,12,6,5	91,53,116,97,91	11,6,2	87,62,85	-2	-1
3223	1,0,6,0,3	0,0,2,0,0	0,0,0	1,2,2	-2	-1
3224	6,1,4,2,0	0,5,3,0,4	1,1,0	2,0,1	-2	-1
3225	1,0,0,0,1	1,1,2,2,3	0,0,0	3,1,3	-2	-1
3227	0,1,8,1,0	96,38,113,73,67	3,1,1	30,18,12	-2	-1
3230	0,0,0,1,0	0,0,0,0,0	1,0,6	0,0,1	-2	-1
3231	5,4,13,5,9	126,115,116,104,113	12,7,18	122,144,153	-2	-1
3232	0,0,0,1,0	0,0,0,0,0	1,0,6	0,0,1	-2	-1
3233	0,0,0,1,0	101,101,125,96,60	1,0,1	93,133,128	-2	-1
3234	0,0,0,0,0	138,139,178,115,116	1,0,1	144,154,158	-2	-1
3235	0,2,0,4,4	48,62,68,54,34	2,1,3	52,118,97	-2	-1
3236	10,10,7,3,3	20,17,24,12,10	6,20,9	15,67,40	-2	-1
3239	26,18,37,23,21	0,1,5,0,1	10,12,6	0,0,1	-2	-1
3241	5,0,1,0,0	25,14,24,10,8	0,1,0	4,9,3	-2	-1
3244	3,1,1,7,0	0,5,3,0,1	0,1,2	1,1,1	-2	-1
3245	3,1,2,7,0	6,2,7,1,6	0,0,2	2,3,0	-2	-1
3257	0,0,3,0,0	2,1,3,1,0	0,0,0	0,3,2	-2	-1
3258	51,79,76,50,32	206,210,288,224,160	30,52,52	132,111,83	-2	-1
3259	5,2,1,3,1	0,0,0,1,2	2,2,10	0,0,0	-2	-1
3262	5,1,8,8,3	74,100,84,85,68	2,2,5	84,125,99	-2	-1
3266	8,0,0,4,1	5,2,14,4,8	0,0,0	2,3,5	-2	-1
3267	0,0,1,3,1	14,2,12,10,7	0,0,0	9,3,4	-2	-1
3269	10,9,12,10,19	0,0,1,0,2	10,4,8	0,0,0	-2	-1
3270	2,3,0,2,0	38,19,37,46,37	2,0,2	21,30,26	-2	-1
3274	2,2,7,10,2	7,9,1,10,3	3,4,1	5,2,2	-2	-1
3287	1,0,2,1,0	0,0,1,2,0	1,0,1	1,0,0	-2	-1
3288	0,0,0,0,0	13,3,6,8,12	2,0,0	17,13,5	-2	-1
3289	0,0,0,0,3	42,33,48,31,26	0,0,0	29,16,15	-2	-1
3290	1,0,1,0,0	43,43,59,43,36	0,0,0	18,32,19	-2	-1
3292	5,1,3,2,0	28,19,43,31,27	1,4,1	14,26,13	-2	-1
3296	0,0,0,0,0	39,83,43,35,23	0,1,1	29,62,52	-2	-1
3298	157,190,189,183,160	0,3,0,1,0	148,146,173	0,0,0	-2	-1
3299	0,0,4,0,0	0,1,4,0,0	0,0,0	0,0,1	-2	-1
3301	4,1,1,2,1	26,36,49,23,30	4,0,6	27,27,47	-2	-1
3304	0,1,0,0,1	149,223,170,148,103	0,0,0	108,306,233	-2	-1
3306	1,5,3,9,3	114,92,144,109,84	4,3,9	80,80,104	-2	-1
3307	17,10,11,8,8	28,11,24,29,17	11,2,5	18,30,9	-2	-1
3325	1,0,0,0,0	1026,1011,1240,901,780	1,1,0	659,568,592	-2	-1
3327	0,0,0,0,0	2,1,0,0,5	2,1,2	9,33,14	-2	-1
3336	0,0,0,0,0	49,7,58,42,27	1,0,0	32,48,30	-2	-1
3342	0,0,0,1,0	20,30,34,22,18	0,0,0	6,11,8	-2	-1
3344	0,0,0,0,1	0,0,0,0,0	0,1,1	0,0,1	-2	-1
3345	0,1,0,0,0	0,2,0,3,1	3,0,0	0,1,0	-2	-1
3346	0,1,0,0,0	109,106,121,116,81	0,0,0	47,48,37	-2	-1
3347	0,0,0,4,0	0,0,1,0,1	0,0,0	0,1,0	-2	-1
3353	0,0,0,3,0	13,13,11,8,8	1,0,0	7,7,17	-2	-1
3360	7,1,6,6,2	165,150,158,158,114	1,4,0	58,39,33	-2	-1
3361	0,0,1,0,0	13,15,22,19,23	0,0,0	13,12,6	-2	-1
3362	1,3,2,2,2	26,12,30,22,15	4,0,0	15,10,13	-2	-1
3373	0,0,0,0,0	11,10,14,18,9	0,0,2	14,9,8	-2	-1
3374	1,0,1,0,0	17,10,19,14,15	0,0,0	2,3,2	-2	-1
3375	7,2,10,5,2	0,1,0,0,0	4,0,4	0,0,0	-2	-1
3376	0,0,1,0,1	20,26,39,22,17	0,0,0	23,36,26	-2	-1
3379	15,6,15,13,5	105,111,185,157,137	4,4,5	111,144,117	-2	-1
3383	0,0,0,4,1	4,9,2,6,1	0,0,0	2,1,4	-2	-1
3385	80,74,109,75,71	432,451,531,471,371	74,76,71	423,410,389	-2	-1
3388	1,0,0,0,0	83,61,113,76,78	0,0,0	15,30,31	-2	-1
3389	2,0,1,1,2	63,64,70,66,58	1,0,1	18,36,21	-2	-1
3398	1,0,0,1,1	1585,1023,1400,1220,1089	2,2,0	881,1109,1072	-2	-1
3399	1,0,0,0,0	3,3,6,4,1	0,0,0	3,0,2	-2	-1
3402	0,0,0,1,0	10,0,9,0,5	0,0,0	3,5,2	-2	-1
3403	10,0,1,2,0	69,17,54,43,33	0,0,1	42,19,36	-2	-1
3404	1,0,0,0,0	0,0,0,1,0	0,0,0	0,1,0	-2	-1
3406	0,0,2,1,0	25,16,27,21,16	0,0,0	9,21,9	-2	-1
3411	4,2,2,3,9	94,71,96,96,92	2,2,5	70,34,39	-2	-1
3412	36,23,30,28,28	201,243,195,176,163	24,38,27	191,97,100	-2	-1
3418	3,0,3,0,0	15,6,8,8,2	0,1,0	2,6,2	-2	-1
3421	0,0,2,0,1	14,14,25,21,11	0,0,0	2,0,1	-2	-1
3423	2,0,4,0,1	304,108,287,226,159	2,0,0	93,147,101	-2	-1
3424	49,20,29,24,30	4,2,7,6,4	7,25,21	2,3,2	-2	-1
3425	4,5,14,3,10	155,121,187,171,97	4,9,11	194,197,140	-2	-1
3427	4,9,21,11,7	109,105,157,91,83	7,9,6	93,71,69	-2	-1
3433	16,7,6,9,5	11,9,15,2,8	3,4,8	0,3,2	-2	-1
3434	1,2,3,4,3	15,7,13,14,8	1,2,3	1,3,7	-2	-1
3435	6,5,2,1,1	43,40,46,63,34	2,1,1	34,37,30	-2	-1
3436	6,5,2,1,1	12,8,12,10,6	2,1,1	4,11,5	-2	-1
3441	0,0,0,0,0	50,24,40,44,32	0,2,0	22,42,41	-2	-1
3442	5,4,3,6,1	23,16,26,32,18	1,1,0	23,16,27	-2	-1
3443	3,3,3,6,0	1,2,1,0,0	1,1,0	0,1,0	-2	-1
3444	1,1,1,0,0	21,22,31,15,27	0,2,1	19,68,77	-2	-1
3445	5,4,6,8,1	0,0,0,0,0	1,0,1	0,1,1	-2	-1
3446	5,4,6,8,1	13,12,13,18,12	1,0,1	7,9,8	-2	-1
3447	0,1,4,1,2	68,48,73,47,51	1,1,1	23,49,38	-2	-1
3448	0,0,2,2,2	21,9,15,4,18	0,1,0	6,3,2	-2	-1
3454	1,0,2,0,0	5,4,21,19,23	0,0,0	9,5,7	-2	-1
3455	1,0,2,0,0	55,22,36,45,44	0,0,0	22,15,20	-2	-1
3458	1,0,0,0,0	20,13,11,9,11	0,0,0	3,9,3	-2	-1
3459	2,0,1,2,0	1,0,0,1,0	0,1,0	0,1,0	-2	-1
3461	5,6,11,4,8	5,0,4,3,6	4,2,0	2,8,2	-2	-1
3462	2,1,0,2,0	37,29,48,36,41	0,1,4	23,57,39	-2	-1
3469	33,52,33,43,17	802,1542,947,858,689	34,76,98	753,1828,1600	-2	-1
3472	0,0,0,0,0	29,39,58,44,25	0,2,0	19,16,20	-2	-1
3474	0,1,0,2,3	53,35,73,47,44	0,4,0	20,24,31	-2	-1
3475	0,0,0,0,0	0,2,0,2,0	0,2,0	1,3,4	-2	-1
3479	0,0,0,5,1	1,1,4,3,6	0,0,0	1,2,1	-2	-1
3481	2,2,3,2,3	0,0,2,0,0	3,1,0	0,0,0	-2	-1
3483	0,0,2,0,0	7,2,1,0,0	0,0,0	0,1,4	-2	-1
3484	2,0,0,0,0	5,1,2,0,0	0,1,0	0,0,3	-2	-1
3488	367,603,425,304,314	2298,3895,3055,2399,2166	325,391,362	1853,2197,2336	-2	-1
3489	1,0,1,0,0	17,7,23,15,25	0,0,1	15,7,14	-2	-1
3495	0,1,0,0,0	24,17,37,15,20	0,0,0	14,14,7	-2	-1
3502	0,0,0,1,0	34,45,34,38,16	0,1,0	9,55,39	-2	-1
3508	3,0,11,10,2	66,63,76,78,40	1,2,0	26,29,12	-2	-1
3509	3,0,11,10,2	0,0,0,1,0	1,2,0	0,0,0	-2	-1
3512	4,0,0,0,0	19,31,36,20,12	0,0,0	7,11,10	-2	-1
3518	3,0,1,0,2	40,28,42,31,28	3,0,1	24,21,35	-2	-1
3520	0,0,0,0,0	0,0,1,1,0	4,0,0	0,2,0	-2	-1
3521	0,0,0,0,0	0,0,0,0,1	0,0,3	0,0,0	-2	-1
3524	0,0,0,1,2	1,8,9,6,6	0,3,0	1,1,1	-2	-1
3527	1,0,0,0,0	55,22,41,37,39	0,0,0	16,30,17	-2	-1
3529	40,13,33,11,21	160,108,307,138,155	9,5,12	133,99,103	-2	-1
3530	25,22,34,25,30	176,99,233,103,129	20,30,19	124,148,127	-2	-1
3533	2,1,6,6,0	0,0,0,0,0	1,6,1	0,2,1	-2	-1
3534	2,1,6,6,0	2,2,3,5,2	1,6,1	7,3,2	-2	-1
3538	0,1,0,0,1	76,65,69,60,64	0,1,3	29,50,45	-2	-1
3542	0,1,0,0,0	37,27,37,33,25	1,1,0	14,26,29	-2	-1
3543	0,0,0,0,0	20,13,43,35,19	1,1,0	25,5,18	-2	-1
3544	0,0,0,0,0	22,12,18,19,11	1,0,0	19,16,18	-2	-1
3547	7,3,12,6,0	38,33,60,41,37	1,0,1	21,22,12	-2	-1
3549	3,0,5,2,0	1,3,0,0,0	4,2,0	0,0,0	-2	-1
3555	12,2,12,6,1	40,13,38,18,18	3,9,5	20,25,25	-2	-1
3556	6,7,8,6,5	79,115,123,109,82	4,11,2	110,66,54	-2	-1
3559	2,1,4,5,0	1,0,0,1,0	0,3,2	0,0,0	-2	-1
3560	4,0,1,5,1	3,0,1,1,2	6,0,2	0,0,1	-2	-1
3562	0,0,0,0,0	21,42,24,19,25	5,0,0	8,18,20	-2	-1
3567	5,1,6,9,1	33,21,61,43,32	1,6,1	32,35,40	-2	-1
3570	7,11,11,7,6	133,119,199,136,106	6,14,15	90,109,119	-2	-1
3571	1,1,0,1,1	17,16,22,23,14	0,0,0	15,7,7	-2	-1
3572	0,0,0,0,0	26,27,42,28,34	1,0,0	21,8,11	-2	-1
3573	20,13,25,16,18	52,57,69,43,46	17,12,11	37,38,41	-2	-1
3578	2,1,2,1,1	12,15,14,9,13	1,2,2	12,14,8	-2	-1
3585	4,2,0,0,6	21,11,21,18,16	1,3,2	11,10,9	-2	-1
3586	7,0,5,2,2	57,49,45,36,46	0,3,3	17,24,25	-2	-1
3587	1,0,0,2,0	13,22,10,12,17	0,1,0	9,18,13	-2	-1
3588	3,0,4,0,0	16,8,12,11,13	2,0,1	2,7,12	-2	-1
3591	0,0,0,1,0	6,11,11,6,3	0,0,0	11,5,7	-2	-1
3592	2,0,0,2,1	1,2,3,1,2	0,1,0	1,2,1	-2	-1
3593	1,0,0,0,0	22,12,46,26,27	2,2,0	24,18,16	-2	-1
3600	0,0,3,2,1	8,7,9,6,10	0,0,0	1,6,2	-2	-1
3602	0,1,0,2,0	0,2,3,4,3	0,1,1	1,1,2	-2	-1
3603	0,0,0,0,0	5,3,3,5,3	0,0,1	8,9,2	-2	-1
3605	5,1,2,2,0	19,23,13,22,12	0,1,1	16,23,19	-2	-1
3606	4,1,1,2,0	1,4,2,0,0	0,1,0	0,0,0	-2	-1
3607	3,0,14,5,5	55,51,43,49,32	1,1,1	31,13,16	-2	-1
3610	0,2,0,1,0	55,36,57,50,34	0,1,0	25,40,34	-2	-1
3613	6,9,8,4,4	14,4,16,33,15	4,1,0	14,2,7	-2	-1
3615	7,3,3,3,5	44,44,82,39,41	3,3,3	48,38,37	-2	-1
3619	24,48,28,20,27	2148,2845,2244,2322,1779	82,24,29	4920,4695,3977	-2	-1
3623	5,4,6,6,7	1,3,0,2,0	6,8,4	3,0,0	-2	-1
3624	5,4,6,6,7	85,62,103,93,41	6,8,4	49,44,44	-2	-1
3629	7,3,6,7,5	93,83,104,91,71	8,5,2	41,42,37	-2	-1
3631	0,0,0,0,0	20,12,15,7,16	2,3,1	11,12,11	-2	-1
3633	4,0,5,0,3	0,0,0,0,0	0,3,0	0,1,0	-2	-1
3636	23,20,29,30,1	237,182,298,263,143	14,9,10	132,84,78	-2	-1
3638	2,0,0,0,0	9,15,21,19,8	0,1,0	6,13,10	-2	-1
3639	2,1,2,0,3	3,0,6,5,0	2,0,0	0,0,0	-2	-1
3640	2,1,2,3,3	24,14,22,19,30	2,0,0	15,15,9	-2	-1
3641	2,2,2,4,0	8,20,13,19,14	1,6,4	6,35,9	-2	-1
3642	5,7,7,2,5	268,182,305,231,179	1,0,3	89,86,56	-2	-1
3643	3,7,7,4,2	257,176,300,220,181	2,2,3	82,82,59	-2	-1
3644	1,1,2,0,1	4,3,10,16,9	0,0,0	0,3,4	-2	-1
3646	96,63,101,83,71	0,0,2,0,0	65,41,37	0,0,0	-2	-1
3647	7,2,9,6,0	83,77,103,89,57	3,0,0	64,46,36	-2	-1
3649	1,0,1,1,0	1677,1544,2145,1313,1189	0,0,0	848,965,1082	-2	-1
3650	390,414,511,340,244	41,53,75,48,42	235,245,249	45,30,38	-2	-1
3653	1,0,0,0,0	3,2,3,2,0	0,0,0	2,1,1	-2	-1
3654	2,4,7,1,3	62,78,78,54,48	3,3,3	39,107,95	-2	-1
3655	10,9,12,8,4	69,109,125,71,62	2,8,3	31,124,95	-2	-1
3658	41,27,24,17,28	147,128,138,139,130	21,12,14	98,70,64	-2	-1
3660	4,7,9,5,6	3,2,2,0,0	4,6,3	1,0,0	-2	-1
3661	4,0,6,6,2	22,21,17,31,14	1,2,0	13,5,11	-2	-1
3662	5,3,3,3,0	42,33,41,43,22	2,1,0	27,11,14	-2	-1
3663	7,2,4,1,2	97,112,146,91,116	6,0,2	93,55,39	-2	-1
3664	52,51,45,47,44	2,2,3,2,2	39,8,5	0,3,0	-2	-1
3669	16,17,36,17,21	2,0,1,0,1	9,17,15	0,0,0	-2	-1
3673	2,4,2,3,2	0,2,0,4,0	0,1,0	0,0,0	-2	-1
3674	2,4,2,3,2	126,86,205,143,107	0,1,0	83,79,73	-2	-1
3676	177,221,178,153,158	1502,1253,1461,1285,1184	158,90,89	1028,1196,1293	-2	-1
3678	4,3,1,1,0	7,8,5,2,3	0,0,0	0,2,2	-2	-1
3681	0,0,4,0,0	3,4,4,6,2	0,5,0	4,7,3	-2	-1
3684	0,1,0,1,0	34,36,41,49,30	0,0,0	38,47,47	-2	-1
3686	4,0,2,4,1	19,7,24,19,3	0,0,1	2,2,1	-2	-1
3688	1,1,0,1,1	67,31,43,51,44	2,0,0	45,19,16	-2	-1
3690	94,0,92,152,50	6,7,6,3,6	86,25,22	1,1,2	-2	-1
3691	3,0,0,1,0	775,679,993,1015,662	0,0,2	558,340,297	-2	-1
3703	0,0,1,0,0	8,7,9,8,9	2,0,0	3,2,3	-2	-1
3708	4,0,5,7,7	29,23,40,43,21	4,3,3	29,37,19	-2	-1
3709	7,11,8,12,9	25,26,54,35,26	10,3,5	24,22,26	-2	-1
3710	5,1,4,3,6	177,277,206,177,168	1,5,2	137,144,154	-2	-1
3713	10,7,12,15,2	186,129,256,212,139	9,5,1	114,79,49	-2	-1
3715	2,0,0,0,0	8,11,15,8,4	1,2,0	4,8,6	-2	-1
3718	0,3,0,2,0	71,150,102,74,55	3,3,1	51,164,136	-2	-1
3719	0,0,0,0,0	1,1,2,0,0	1,0,0	0,0,0	-2	-1
3720	0,0,0,0,0	23,35,56,42,36	1,0,0	14,27,17	-2	-1
3721	19,19,28,17,18	0,0,0,0,0	13,14,17	0,1,0	-2	-1
3722	2,1,8,3,4	171,86,168,115,112	1,0,1	39,42,22	-2	-1
3723	26,10,29,26,16	142,87,167,136,130	5,6,2	40,36,30	-2	-1
3724	9,2,10,10,10	184,130,246,145,131	8,0,3	56,36,30	-2	-1
3725	2,0,0,0,0	1,8,2,8,0	0,0,0	0,0,1	-2	-1
3732	1,0,0,0,0	19,10,24,16,5	0,0,0	5,5,2	-2	-1
3733	1,4,2,3,0	1,1,4,1,1	1,2,2	0,1,0	-2	-1
3738	0,0,1,1,1	3,3,4,2,0	0,0,0	1,2,2	-2	-1
3739	0,1,0,0,0	17,11,22,9,12	0,0,0	1,1,1	-2	-1
3740	3,3,3,0,1	3,0,0,2,0	1,1,0	0,1,2	-2	-1
3741	4,3,7,0,3	17,9,18,23,4	2,2,2	7,13,7	-2	-1
3742	4,5,8,0,4	15,17,12,11,8	2,3,2	16,19,13	-2	-1
3743	11,1,7,2,2	28,29,32,33,11	0,4,2	14,32,18	-2	-1
3744	5,4,9,2,3	138,113,175,194,113	4,1,2	123,51,52	-2	-1
3748	0,0,0,1,1	9,9,8,7,4	0,0,0	2,2,1	-2	-1
3751	2,0,4,12,3	116,127,136,145,100	7,2,5	112,185,93	-2	-1
3755	7,4,0,0,2	68,30,53,49,45	3,1,5	39,50,44	-2	-1
3763	2,7,4,6,2	34,13,26,13,10	3,0,0	16,4,5	-2	-1
3764	2,7,4,6,2	0,0,0,0,0	3,0,0	1,0,0	-2	-1
3768	1,1,0,0,0	25,6,15,19,18	0,0,0	6,14,5	-2	-1
3769	10,0,8,13,4	23,11,47,47,19	8,3,4	17,10,10	-2	-1
3770	3,4,3,3,2	25,58,54,41,44	0,0,0	14,13,24	-2	-1
3771	3,4,3,3,2	0,1,1,1,0	0,0,0	0,0,2	-2	-1
3772	1,0,0,0,0	2,1,2,3,0	0,0,0	2,3,0	-2	-1
3773	0,0,2,3,0	5,1,8,6,7	1,0,0	2,1,3	-2	-1
3779	11,10,2,12,10	140,170,209,159,122	3,10,6	86,100,116	-2	-1
3788	3,9,14,6,5	118,77,117,94,72	2,6,2	39,53,36	-2	-1
3789	0,4,1,0,0	88,64,93,92,69	0,1,0	42,73,58	-2	-1
3792	1,0,0,3,2	32,15,16,24,16	0,0,1	9,11,10	-2	-1
3795	9,3,9,0,0	9,7,11,5,7	4,12,11	7,8,5	-2	-1
3796	9,3,9,0,0	0,0,0,0,0	4,12,11	0,4,0	-2	-1
3800	4,5,8,5,1	515,822,604,504,462	2,6,5	372,348,314	-2	-1
3801	0,2,1,1,0	363,458,413,338,298	0,0,1	217,301,241	-2	-1
3803	17,8,28,23,15	58,34,50,38,39	8,8,2	13,11,5	-2	-1
3805	0,0,0,1,0	4,10,3,5,1	0,0,1	1,0,4	-2	-1
3816	7,9,12,9,13	97,83,107,93,81	3,6,1	54,21,32	-2	-1
3820	6,3,5,0,0	10,3,4,13,7	0,6,2	4,2,4	-2	-1
3821	7,3,8,1,1	0,0,0,1,0	0,6,2	0,0,0	-2	-1
3822	1,0,3,1,1	6,9,13,13,14	0,0,0	5,10,12	-2	-1
3825	1,0,4,0,0	35,36,58,43,37	0,1,1	43,66,53	-2	-1
3829	10,9,8,6,12	6,2,6,4,0	0,6,6	2,7,0	-2	-1
3836	1,5,1,5,0	8,6,4,13,7	5,0,2	4,9,5	-2	-1
3837	3,0,0,3,1	18,6,16,13,8	0,0,1	4,10,13	-2	-1
3843	6,0,2,2,6	22,15,33,28,12	1,1,1	4,2,7	-2	-1
3844	2,0,0,0,0	28,15,26,13,6	0,0,0	11,17,14	-2	-1
3847	0,0,0,0,0	31,21,24,19,15	0,0,1	7,19,16	-2	-1
3853	0,0,1,0,0	118,135,189,141,102	0,1,0	53,58,45	-2	-1
3856	0,0,0,0,0	32,11,29,22,13	1,0,0	12,21,14	-2	-1
3858	0,3,6,1,3	20,6,28,32,8	1,0,0	6,28,13	-2	-1
3866	1,0,0,1,1	14,18,29,16,11	0,1,2	10,8,10	-2	-1
3868	0,2,0,2,0	8,0,4,5,2	2,0,0	4,4,3	-2	-1
3870	1,4,0,3,5	17,15,24,19,10	1,0,0	1,9,3	-2	-1
3871	1,0,1,1,0	16,18,14,21,10	0,0,0	10,3,7	-2	-1
3872	2,0,1,0,0	899,865,954,781,642	0,0,0	514,276,245	-2	-1
3873	4,6,12,3,5	30,31,31,28,20	1,1,0	17,6,5	-2	-1
3874	0,0,1,2,5	26,12,7,15,26	1,10,8	11,24,20	-2	-1
3877	9,8,14,6,14	52,109,90,86,67	3,23,17	74,145,141	-2	-1
3878	8,7,14,6,9	0,1,0,1,0	2,24,16	0,0,0	-2	-1
3879	8,12,10,10,4	103,192,131,151,162	5,17,16	107,113,115	-2	-1
3880	18,12,13,21,16	144,187,209,148,190	25,20,16	142,168,148	-2	-1
3883	7,10,6,14,6	158,162,210,132,115	5,11,6	108,82,66	-2	-1
3888	1,0,0,0,0	280,293,313,288,207	0,0,0	233,207,189	-2	-1
3889	3,0,4,3,4	196,139,187,170,132	3,6,0	176,143,152	-2	-1
3895	0,0,0,1,0	29,16,38,39,21	1,0,0	10,18,15	-2	-1
3896	2,0,2,5,5	31,18,24,35,19	2,2,2	13,15,13	-2	-1
3898	0,1,0,0,0	7,11,12,14,11	0,0,0	12,15,11	-2	-1
3899	0,0,0,0,1	9,5,8,7,7	0,2,1	5,3,2	-2	-1
3900	14,8,10,11,19	38,33,23,34,32	5,6,9	9,7,20	-2	-1
3901	10,8,26,9,13	56,37,53,56,42	3,6,6	21,23,15	-2	-1
3903	2,5,0,2,1	158,214,240,217,144	0,3,2	163,187,181	-2	-1
3904	2,2,3,0,1	26,32,48,36,23	1,1,2	25,44,40	-2	-1
3905	2,0,7,7,2	33,20,51,32,29	7,1,3	26,18,29	-2	-1
3910	0,0,0,1,0	21,4,36,26,19	0,0,0	21,9,12	-2	-1
3911	0,1,3,9,1	89,45,48,74,55	8,0,1	21,25,16	-2	-1
3912	0,1,0,0,0	8051,9876,7699,7616,6948	0,1,0	20736,51518,47761	-2	-1
3917	0,0,0,0,1	69,48,81,46,59	0,0,0	38,46,44	-2	-1
3918	0,0,0,0,1	26,14,36,30,23	0,0,0	20,21,23	-2	-1
3919	4,4,11,2,4	23,6,12,25,10	3,3,1	3,8,9	-2	-1
3920	3,4,10,2,4	0,0,0,0,0	2,3,0	0,1,0	-2	-1
3922	2,1,4,5,9	32,76,77,49,30	2,0,0	26,13,17	-2	-1
3939	0,1,0,0,0	4,2,2,9,12	0,0,1	2,1,4	-2	-1
3948	0,0,0,1,0	0,0,0,0,0	0,1,0	0,0,1	-2	-1
3949	3,0,1,2,0	5,1,9,9,10	0,1,1	3,2,6	-2	-1
3953	0,0,0,0,1	57,36,48,46,45	0,0,0	44,25,35	-2	-1
3954	0,0,0,0,1	54,56,69,62,55	0,0,1	58,44,35	-2	-1
3957	5,0,3,2,5	75,84,85,91,65	4,2,0	44,62,60	-2	-1
3958	10,3,5,2,5	55,43,69,48,62	7,5,1	52,47,50	-2	-1
3959	21,13,15,10,11	92,72,117,94,85	16,11,5	86,85,56	-2	-1
3966	13,21,26,16,15	89,76,83,83,50	6,6,7	35,48,32	-2	-1
3968	0,0,3,0,1	35,20,24,30,22	0,0,0	15,13,15	-2	-1
3973	2,4,7,2,1	1465,1702,1718,1322,1082	3,1,0	795,681,626	-2	-1
3974	7,0,3,4,2	39,43,51,42,38	3,3,1	18,19,16	-2	-1
3976	1,0,0,0,0	10,2,3,9,3	0,0,0	3,5,0	-2	-1
3977	9,1,7,1,1	2,1,0,0,0	3,10,7	0,0,3	-2	-1
3987	2,3,12,2,6	71,60,119,68,67	0,0,4	31,22,19	-2	-1
3990	27,30,61,29,14	92,80,108,90,67	21,8,9	54,23,27	-2	-1
3992	2,2,6,0,6	65,37,59,41,45	1,1,0	30,18,22	-2	-1
3997	1,1,3,0,3	119,110,139,104,94	4,0,0	58,63,26	-2	-1
4003	2,0,0,0,0	1,0,5,3,6	0,0,0	1,1,2	-2	-1
4005	2,0,1,1,0	1,0,4,2,1	3,2,0	8,0,0	-2	-1
4007	3,2,3,2,3	39,36,30,32,26	1,3,1	23,19,30	-2	-1
4008	0,0,0,0,0	33,23,36,21,21	0,1,1	11,8,19	-2	-1
4011	0,0,0,1,0	1,0,10,9,1	0,1,0	0,0,0	-2	-1
4012	2,2,1,2,5	0,0,2,0,4	2,1,2	1,1,0	-2	-1
4015	4,0,2,4,1	0,0,4,2,2	0,2,2	0,0,0	-2	-1
4019	2,0,1,3,1	37,27,58,34,14	0,1,1	18,15,12	-2	-1
4024	2,0,3,0,5	64,46,70,55,45	3,0,0	35,36,29	-2	-1
4025	21,11,27,11,13	3,0,7,4,0	15,10,8	0,0,4	-2	-1
4026	19,11,29,11,8	47,21,39,26,25	15,10,8	8,20,21	-2	-1
4027	2,0,9,0,5	0,0,2,2,0	4,1,0	1,0,1	-2	-1
4029	6,1,4,5,4	33,19,31,42,24	2,4,9	23,42,45	-2	-1
4030	40,25,70,42,14	198,111,223,184,136	29,27,23	69,69,80	-2	-1
4035	4,5,2,11,1	5,7,11,19,7	0,0,1	3,6,3	-2	-1
4043	0,2,0,0,0	29,44,28,35,29	0,1,2	15,34,60	-2	-1
4044	0,2,0,0,0	1,3,0,0,0	0,1,2	0,1,1	-2	-1
4045	0,2,0,0,0	13,18,5,9,10	0,1,2	3,7,5	-2	-1
4046	0,2,0,0,0	1,2,0,0,0	0,1,2	0,0,0	-2	-1
4047	0,0,1,0,0	22,14,15,12,11	0,0,0	8,13,14	-2	-1
4050	1,0,0,0,2	103,64,83,64,54	0,0,0	22,21,21	-2	-1
4051	1,0,0,0,2	85,74,109,69,84	0,0,0	33,33,34	-2	-1
4056	0,2,1,1,1	30,20,35,29,13	0,0,2	14,11,8	-2	-1
4060	0,0,1,1,0	22,22,25,15,11	0,1,0	16,6,9	-2	-1
4064	2,0,0,0,0	171,96,141,132,101	0,0,0	178,104,98	-2	-1
4065	0,0,6,6,11	129,171,138,173,132	0,3,5	89,103,74	-2	-1
4066	5,4,12,7,10	0,4,0,0,1	2,9,4	0,0,0	-2	-1
4067	14,16,14,22,13	87,114,85,99,76	6,9,5	62,82,70	-2	-1
4068	12,7,10,7,7	1,5,1,3,3	3,9,4	2,2,0	-2	-1
4069	1,0,0,1,0	6,7,9,3,4	0,0,2	5,19,14	-2	-1
4076	0,0,0,0,0	47,48,41,52,33	0,2,0	26,104,73	-2	-1
4080	1,1,4,6,2	23,23,31,16,9	1,2,1	17,10,5	-2	-1
4082	14,11,14,15,3	190,137,200,161,139	11,8,8	128,174,131	-2	-1
4083	7,8,14,11,24	208,154,210,169,177	10,18,9	122,227,169	-2	-1
4086	0,0,0,0,0	5,6,17,5,8	1,0,0	0,5,5	-2	-1
4090	12,8,9,9,15	97,96,112,98,67	19,23,23	143,143,200	-2	-1
4095	4,4,18,1,3	0,0,0,0,0	3,0,5	0,1,0	-2	-1
4105	1,0,0,0,0	2,5,7,5,1	0,0,0	2,1,2	-2	-1
4107	17,15,12,11,8	58,81,113,87,59	5,6,9	39,44,52	-2	-1
4114	1,0,0,3,0	18,35,25,37,22	0,1,0	7,25,13	-2	-1
4116	3,0,6,13,1	50,29,74,54,44	0,3,1	43,45,39	-2	-1
4124	7,1,1,1,0	9,19,12,6,8	0,0,0	3,4,1	-2	-1
4126	0,1,4,3,0	26,13,21,10,9	0,0,0	10,13,6	-2	-1
4127	4,11,8,8,11	33,15,51,35,35	3,2,2	20,19,8	-2	-1
4128	1,0,7,1,0	27,9,20,23,20	3,1,3	5,17,23	-2	-1
4129	5,2,3,0,1	24,12,24,12,8	0,3,0	13,14,5	-2	-1
4131	1,0,0,0,1	193,126,180,139,149	0,0,0	108,137,143	-2	-1
4132	20,8,11,18,13	231,168,250,205,190	9,24,19	152,222,182	-2	-1
4138	2,0,1,0,1	3,2,7,6,1	0,2,0	1,1,1	-2	-1
4141	4,1,5,2,1	47,26,47,60,38	1,1,3	15,13,15	-2	-1
4142	0,2,1,2,0	1,1,1,2,1	0,0,4	0,1,0	-2	-1
4143	1,1,2,4,1	24,9,40,35,25	0,0,0	9,27,14	-2	-1
4144	20,11,23,14,9	45,15,41,34,11	12,6,6	11,16,15	-2	-1
4147	0,1,0,0,0	5,0,5,6,1	0,0,0	2,0,3	-2	-1
4148	2,2,0,1,0	54,39,56,29,45	0,0,0	22,16,23	-2	-1
4152	0,0,1,0,0	6,3,11,1,9	0,0,0	3,5,9	-2	-1
4155	5,13,11,1,4	73,65,90,71,54	2,1,5	40,27,25	-2	-1
4156	5,13,11,1,4	0,0,2,1,0	2,1,5	0,0,0	-2	-1
4163	12,2,2,20,4	16,4,25,22,12	2,1,0	3,2,3	-2	-1
4164	12,2,2,20,4	46,30,93,55,37	2,1,0	5,8,7	-2	-1
4165	12,2,2,20,4	100,107,208,135,55	2,1,0	33,14,15	-2	-1
4166	0,1,0,1,1	8,0,17,8,12	0,0,0	4,4,2	-2	-1
4173	0,2,1,2,2	2,3,1,2,1	1,2,0	1,5,3	-2	-1
4174	0,2,1,2,2	16,32,40,17,16	1,2,0	5,20,25	-2	-1
4176	0,0,2,0,0	5,2,15,3,5	0,0,0	4,12,4	-2	-1
