ID	IJC_SAMPLE_1	SJC_SAMPLE_1	IJC_SAMPLE_2	SJC_SAMPLE_2	IncFormLen	SkipFormLen
0	2,0,4,1,3	0,0,2,0,0	0,0,1	0,0,0	-2	-1
1	3,0,0,0,0	2,3,6,2,0	0,0,0	1,2,4	-2	-1
3	5,1,8,2,5	2,0,0,0,0	1,0,0	0,0,0	-2	-1
5	0,0,1,0,0	166,173,185,140,119	0,0,0	86,114,113	-2	-1
7	11,3,4,8,11	1,0,3,3,1	9,3,2	0,0,0	-2	-1
8	34,26,31,51,33	2,0,0,0,0	50,58,55	1,3,0	-2	-1
10	0,0,0,1,0	1,2,4,2,5	0,0,0	1,0,4	-2	-1
11	12,12,15,15,2	0,0,3,0,0	9,32,16	0,0,0	-2	-1
12	138,133,141,109,120	4,1,1,8,8	85,122,112	3,6,6	-2	-1
14	105,98,140,94,69	1,0,0,1,0	28,25,15	0,0,0	-2	-1
17	6,8,8,8,1	3,4,1,4,1	3,12,3	0,3,2	-2	-1
18	48,21,63,92,34	1,1,1,1,2	23,22,30	0,2,4	-2	-1
20	5,10,6,10,4	0,0,0,0,0	1,4,5	0,1,0	-2	-1
23	29,20,51,38,19	0,0,0,0,0	33,18,14	0,0,1	-2	-1
25	9,5,10,9,14	0,1,0,0,0	12,8,6	0,0,0	-2	-1
26	3,0,0,0,2	17,27,20,12,16	2,1,1	13,59,45	-2	-1
27	857,814,1182,771,672	0,0,0,1,0	666,405,369	1,0,0	-2	-1
29	19,3,10,3,2	16,9,9,8,1	7,3,1	1,1,0	-2	-1
30	0,0,0,0,1	2,0,3,0,6	0,0,0	0,0,1	-2	-1
32	2,0,2,7,0	1,0,2,0,0	0,0,0	1,0,1	-2	-1
33	1,0,9,0,0	10,4,21,12,5	0,0,0	8,3,1	-2	-1
34	5,2,6,2,4	7,7,25,7,6	1,2,2	7,6,1	-2	-1
35	16,26,35,25,22	0,0,0,1,0	8,26,29	0,1,4	-2	-1
38	1,2,4,0,3	9,3,8,9,5	1,3,3	1,10,3	-2	-1
39	1,0,0,0,0	13,24,26,18,13	0,0,0	6,30,34	-2	-1
40	3,3,15,7,5	1,0,0,1,1	3,3,2	2,5,3	-2	-1
42	3,4,4,3,3	301,360,354,317,291	3,15,3	295,185,213	-2	-1
50	0,1,3,5,2	0,1,2,0,0	1,0,0	2,1,0	-2	-1
51	717,1075,870,783,648	0,0,0,0,0	469,613,534	1,0,0	-2	-1
53	6,5,5,5,9	37,40,63,28,33	4,4,1	35,6,14	-2	-1
54	47,40,80,66,41	6,0,3,0,0	40,33,31	0,0,0	-2	-1
55	239,96,255,200,156	0,0,0,1,0	176,89,80	0,0,0	-2	-1
56	33,36,39,32,30	0,1,2,4,0	11,12,14	1,0,1	-2	-1
58	102,105,156,118,104	1,0,0,0,0	73,79,74	0,0,0	-2	-1
60	55,23,34,45,28	158,161,193,156,155	39,32,23	144,234,181	-2	-1
62	5,3,2,4,1	4,2,7,6,4	1,3,1	7,3,5	-2	-1
68	0,0,0,1,0	0,3,0,1,2	0,0,1	0,5,3	-2	-1
71	27,15,26,26,27	0,1,2,1,0	21,20,18	0,0,0	-2	-1
72	7,9,7,9,4	0,0,1,0,0	4,5,3	0,0,0	-2	-1
73	4,6,2,3,2	13,11,24,12,20	3,3,2	5,6,8	-2	-1
74	30,15,42,27,15	0,0,0,0,1	7,17,7	0,0,0	-2	-1
76	7,3,8,5,1	22,29,52,46,12	8,1,3	20,13,18	-2	-1
84	5,17,18,6,5	1,6,5,2,2	9,20,10	5,10,6	-2	-1
87	2,5,10,10,1	2,2,6,2,0	6,3,4	0,0,2	-2	-1
88	1,0,0,0,0	1,4,0,2,0	0,0,0	0,2,1	-2	-1
89	328,308,378,272,282	1,0,0,2,1	306,173,284	0,1,1	-2	-1
91	27,11,28,27,13	40,29,23,27,14	6,19,17	11,9,15	-2	-1
94	0,0,0,0,1	1,1,4,9,6	3,0,0	4,0,0	-2	-1
101	28,25,83,39,16	2,0,0,2,1	16,11,9	2,0,0	-2	-1
102	1,2,1,0,0	0,0,0,1,0	0,1,1	1,0,1	-2	-1
114	1,1,0,0,0	6,3,4,8,5	0,0,0	8,6,1	-2	-1
115	0,1,0,1,1	73,65,79,51,48	0,0,2	30,39,39	-2	-1
117	4,2,8,3,1	1,2,0,0,1	4,4,6	0,0,0	-2	-1
118	3,0,5,1,3	9,9,16,6,11	7,2,1	14,12,3	-2	-1
119	0,2,0,1,1	0,1,0,0,0	1,0,0	0,0,0	-2	-1
120	9,9,16,6,11	15,6,5,12,4	14,12,3	5,3,5	-2	-1
121	2,0,4,1,3	1,0,2,1,0	2,1,0	0,0,1	-2	-1
122	1082,1397,1536,1125,1035	0,0,1,0,0	770,820,859	0,2,0	-2	-1
123	27,15,20,19,29	382,344,339,324,240	33,44,40	315,277,288	-2	-1
130	1,0,2,0,1	3,1,6,0,1	0,0,0	3,1,1	-2	-1
132	4,0,2,0,0	38,8,37,16,20	0,0,1	17,18,18	-2	-1
134	2,8,3,3,3	40,32,55,33,34	1,3,2	30,29,24	-2	-1
135	3,24,19,7,11	5,6,4,4,3	17,16,20	0,7,8	-2	-1
136	0,0,1,0,0	20,13,21,17,11	0,0,0	9,1,3	-2	-1
137	16,4,6,7,6	4,0,2,1,0	4,5,5	0,0,2	-2	-1
140	1,1,2,0,2	1,4,7,8,2	0,1,0	2,1,2	-2	-1
142	24,18,20,26,11	0,0,0,0,0	19,67,68	0,1,0	-2	-1
144	10,8,13,14,12	30,20,9,14,28	21,16,14	11,11,15	-2	-1
145	9,3,9,23,3	7,17,20,5,14	4,5,8	16,24,14	-2	-1
146	45,18,37,28,21	6,0,5,8,0	20,21,12	3,0,0	-2	-1
149	1,0,0,0,0	0,2,2,6,0	0,0,0	1,1,2	-2	-1
152	4,2,5,4,0	21,16,27,31,12	2,0,1	16,10,12	-2	-1
155	10,5,7,4,8	27,37,67,33,29	2,3,0	32,14,9	-2	-1
156	4,0,1,1,0	162,142,199,171,110	1,0,3	110,52,58	-2	-1
161	82,90,144,85,73	39,46,49,30,36	79,51,62	26,16,14	-2	-1
166	1,2,3,0,1	7,14,4,13,4	1,2,0	5,6,5	-2	-1
177	54,34,20,63,47	13,9,13,3,1	28,17,8	4,0,4	-2	-1
183	5,4,4,6,5	3,1,1,2,3	3,1,1	0,1,3	-2	-1
187	90,53,108,77,53	0,0,0,0,1	78,82,77	0,0,0	-2	-1
188	2,0,3,9,1	0,6,5,6,3	4,7,5	5,21,8	-2	-1
190	2,0,0,0,0	19,13,29,22,5	1,1,0	10,1,7	-2	-1
192	90,72,122,100,45	5,1,0,4,1	28,23,30	0,1,0	-2	-1
194	0,3,1,0,0	9,1,1,3,3	0,0,0	2,4,1	-2	-1
195	79,62,94,59,55	0,0,0,1,0	70,53,39	1,1,0	-2	-1
196	29,18,33,22,30	0,0,0,0,0	17,10,14	0,0,1	-2	-1
197	35,42,51,37,22	0,0,1,0,0	19,15,26	0,0,0	-2	-1
198	3,0,3,1,1	55,53,55,42,24	0,0,3	22,32,34	-2	-1
202	0,0,0,0,0	21,12,26,15,12	1,0,0	26,45,36	-2	-1
203	1,0,0,3,0	4,3,6,2,2	0,0,0	0,7,1	-2	-1
205	12,4,16,14,5	0,0,5,0,0	13,18,14	0,1,0	-2	-1
206	1,5,12,6,3	0,0,0,0,0	6,3,4	0,0,2	-2	-1
208	2,0,0,0,0	56,38,49,49,32	0,0,1	45,61,78	-2	-1
209	45,57,41,39,44	74,76,89,60,62	25,20,24	37,32,43	-2	-1
210	12,18,15,17,10	0,0,1,1,0	9,10,3	1,0,0	-2	-1
211	96,112,83,66,60	20,23,27,12,22	55,50,66	10,5,4	-2	-1
215	51,41,56,54,42	19,10,17,11,11	32,37,39	10,10,6	-2	-1
217	12,4,10,6,7	1,0,0,0,0	1,4,1	0,1,0	-2	-1
218	49,65,88,59,33	0,0,1,2,0	39,52,43	0,1,0	-2	-1
219	2,0,0,0,0	7,6,19,12,9	0,0,0	4,5,4	-2	-1
227	15,14,11,11,4	5,9,3,4,3	17,11,13	0,3,2	-2	-1
231	2,0,0,3,0	13,11,16,13,6	0,1,0	9,5,8	-2	-1
232	1,0,0,0,0	5,7,7,13,8	0,0,0	7,11,7	-2	-1
240	14,16,19,19,13	0,0,0,0,0	10,8,11	0,1,0	-2	-1
244	1,3,3,1,3	0,1,0,1,0	3,3,1	1,2,7	-2	-1
249	4,4,6,6,4	86,75,94,72,56	4,0,2	84,48,59	-2	-1
250	3,1,2,1,1	22,32,22,22,23	1,1,1	12,33,16	-2	-1
252	0,0,0,0,1	2,2,9,3,2	0,0,0	1,3,1	-2	-1
256	0,0,1,4,1	3,3,2,4,4	1,1,0	0,1,1	-2	-1
257	4,2,7,0,0	2,0,0,2,0	0,1,0	0,0,0	-2	-1
258	0,2,3,2,1	74,64,67,52,38	0,2,4	46,47,26	-2	-1
259	0,0,1,0,0	28,24,16,37,15	1,1,3	34,7,17	-2	-1
261	102,122,214,157,118	129,141,139,160,85	77,58,43	59,78,58	-2	-1
267	9,8,21,11,20	0,4,1,4,1	2,13,6	4,0,0	-2	-1
268	0,0,0,0,0	3,7,3,8,7	0,0,2	3,1,1	-2	-1
271	24,23,33,28,21	1,0,0,6,1	25,13,12	0,1,0	-2	-1
272	3,4,3,4,5	3,1,1,4,3	4,12,4	3,3,0	-2	-1
273	31,14,28,18,25	11,7,15,9,4	8,16,27	1,1,6	-2	-1
274	18,13,15,13,13	3,1,4,2,0	2,5,2	2,0,2	-2	-1
277	0,0,0,0,0	68,83,60,55,80	1,0,0	28,46,49	-2	-1
278	5,4,9,1,2	0,2,2,2,0	1,6,3	2,0,2	-2	-1
294	21,9,29,19,10	36,41,52,27,24	6,7,3	7,15,13	-2	-1
295	0,0,3,1,0	8,3,9,3,0	0,1,0	1,3,4	-2	-1
296	2,3,3,3,2	0,1,0,0,0	0,5,1	0,0,0	-2	-1
297	1,0,0,1,0	44,25,23,22,29	1,0,1	29,27,36	-2	-1
298	5,2,1,1,1	32,30,32,19,11	2,4,1	15,18,22	-2	-1
300	10,2,9,12,5	0,0,0,2,1	2,1,1	0,0,0	-2	-1
307	4,0,0,0,0	33,15,33,20,76	0,0,0	7,2,13	-2	-1
311	1,0,0,1,0	63,52,73,54,52	0,0,0	63,41,53	-2	-1
312	1,1,1,0,0	9,5,18,6,2	2,0,0	1,10,8	-2	-1
313	45,30,39,35,20	0,0,0,0,0	12,21,21	0,1,0	-2	-1
314	2,1,3,1,0	0,2,0,0,0	0,1,1	0,0,0	-2	-1
317	5,0,2,3,0	10,6,6,5,0	4,8,6	4,11,9	-2	-1
318	10,12,6,11,4	3,0,0,1,0	5,9,7	2,7,1	-2	-1
319	10,12,6,12,4	3,0,0,1,0	8,13,10	2,7,1	-2	-1
320	0,0,0,1,0	0,0,0,0,0	3,5,3	0,1,0	-2	-1
321	6,18,21,7,5	0,0,0,0,1	3,7,5	0,0,0	-2	-1
323	0,0,1,0,0	2,0,2,1,1	0,0,0	0,1,3	-2	-1
324	3,2,7,15,9	1,1,2,4,0	8,3,4	2,3,0	-2	-1
325	0,0,1,1,0	8,4,11,13,4	0,0,0	8,26,14	-2	-1
327	99,60,87,72,80	0,3,2,6,3	45,41,21	0,0,0	-2	-1
328	0,0,0,0,1	5,0,5,4,3	0,1,0	9,3,2	-2	-1
329	3,15,12,6,8	25,26,20,10,14	2,9,5	1,19,10	-2	-1
338	11,3,8,5,6	2,4,1,4,3	6,6,2	8,16,4	-2	-1
339	28,30,48,32,38	0,0,1,0,0	24,57,72	0,0,0	-2	-1
340	11,4,15,9,6	13,8,8,4,6	11,30,17	6,22,12	-2	-1
341	0,4,2,4,0	51,53,80,53,41	1,1,1	33,50,49	-2	-1
347	14,9,22,5,14	68,18,76,54,49	0,3,5	13,16,15	-2	-1
348	12,11,14,9,11	0,0,0,0,1	11,8,15	0,1,0	-2	-1
350	5,4,6,9,4	134,152,169,128,114	2,8,7	122,110,131	-2	-1
352	8,0,11,10,5	9,5,8,5,2	3,4,0	6,2,2	-2	-1
353	49,55,91,51,36	0,0,1,0,0	25,34,46	1,0,0	-2	-1
357	172,107,160,150,141	8,4,7,8,5	146,88,102	15,5,10	-2	-1
360	1,0,0,0,1	8,8,4,0,3	1,1,1	3,2,11	-2	-1
366	36,31,21,36,20	8,8,14,13,5	14,16,10	11,13,5	-2	-1
368	2,0,1,1,0	19,16,27,11,23	1,0,0	14,12,12	-2	-1
370	2,2,0,4,0	14,19,7,7,3	4,0,3	3,8,6	-2	-1
371	16,21,34,38,23	0,0,0,1,0	9,13,17	0,0,0	-2	-1
372	0,1,3,1,1	37,10,20,23,14	4,2,0	6,5,2	-2	-1
373	1,1,0,0,0	0,0,3,6,1	0,0,0	0,1,0	-2	-1
374	5,10,11,7,7	0,4,3,0,4	6,3,1	0,1,1	-2	-1
375	12,10,11,16,9	0,0,1,1,2	6,5,1	2,0,2	-2	-1
376	5,10,12,8,4	1,0,1,5,0	5,10,16	0,0,2	-2	-1
380	0,0,0,1,0	43,36,54,35,44	0,0,0	19,34,17	-2	-1
384	10,2,11,7,11	9,2,15,10,5	7,8,5	1,7,11	-2	-1
385	1325,1611,1501,807,875	0,0,0,0,1	5,1,2	0,0,0	-2	-1
386	29,6,23,14,14	10,5,7,7,0	6,13,14	3,5,5	-2	-1
387	3,0,0,0,0	22,17,24,40,14	0,0,0	35,19,13	-2	-1
391	0,3,2,0,2	28,38,27,45,23	0,0,0	12,9,8	-2	-1
393	8,1,6,9,4	0,0,1,0,1	2,2,4	0,0,0	-2	-1
394	2,10,7,4,4	99,94,133,58,35	5,2,6	74,80,115	-2	-1
397	1,3,0,4,3	11,18,11,15,18	0,0,1	13,2,4	-2	-1
398	0,0,1,0,2	26,12,36,18,12	0,1,0	14,7,8	-2	-1
399	3,2,3,0,0	32,17,48,47,21	0,4,0	25,23,10	-2	-1
400	1,4,2,2,1	13,4,5,4,11	2,1,0	7,1,0	-2	-1
402	8,9,26,11,8	3,4,1,3,0	17,11,17	3,0,0	-2	-1
404	5,5,10,5,6	78,62,74,71,57	3,10,5	51,38,23	-2	-1
408	17,11,23,9,6	0,0,0,2,0	11,8,11	0,0,0	-2	-1
410	10,8,13,18,13	202,337,304,219,186	11,12,11	182,231,204	-2	-1
411	1,0,1,0,2	0,0,0,0,0	1,0,0	0,0,1	-2	-1
412	4,2,15,15,6	0,0,0,1,0	4,5,12	0,0,0	-2	-1
413	0,0,1,6,0	0,0,0,1,0	0,1,1	0,0,0	-2	-1
414	0,0,1,6,0	4,2,15,15,6	0,1,1	4,5,12	-2	-1
415	42,21,31,23,29	0,1,0,0,0	22,26,14	0,0,0	-2	-1
416	32,23,40,19,30	0,0,1,1,3	21,20,20	2,2,0	-2	-1
417	32,26,47,33,31	93,84,69,91,69	12,12,14	25,11,19	-2	-1
419	31,16,29,26,23	0,1,0,0,1	14,4,12	0,0,0	-2	-1
420	1,0,0,0,0	1,1,0,0,0	0,0,0	2,0,1	-2	-1
422	3,2,3,6,9	0,0,0,1,0	0,8,9	0,0,0	-2	-1
423	1,8,2,4,0	66,87,70,84,56	0,0,1	41,23,26	-2	-1
426	52,42,61,70,58	10,4,9,4,6	26,41,50	3,8,4	-2	-1
429	1,4,1,1,1	20,38,19,16,19	0,3,4	10,22,23	-2	-1
430	1,1,1,0,0	53,57,53,61,56	0,1,2	44,22,40	-2	-1
433	71,44,54,56,65	12,7,25,6,9	40,73,48	4,11,4	-2	-1
434	2,0,13,17,4	1,0,0,1,0	3,2,2	1,0,0	-2	-1
435	24,33,29,21,21	34,38,41,43,40	16,33,41	15,44,46	-2	-1
436	0,0,0,0,0	53,52,86,60,65	0,2,0	48,58,43	-2	-1
438	113,110,148,78,91	15,4,11,4,5	74,104,99	7,8,4	-2	-1
442	2,1,3,7,1	28,23,27,25,23	1,0,3	16,21,13	-2	-1
445	3,1,7,7,2	6,2,7,3,2	0,1,1	1,4,6	-2	-1
446	0,0,0,4,0	6,2,7,3,2	0,0,0	1,4,6	-2	-1
448	75,89,126,73,95	3,2,3,1,4	58,43,43	2,2,4	-2	-1
449	0,0,1,0,0	0,0,3,0,1	0,0,0	0,0,1	-2	-1
451	132,112,145,111,94	0,0,1,0,0	58,83,58	0,0,0	-2	-1
453	0,0,0,0,1	6,8,15,3,2	0,2,0	1,3,0	-2	-1
456	351,235,374,329,240	1,0,0,2,0	149,53,67	0,0,0	-2	-1
457	127,81,117,115,81	0,1,0,0,0	54,17,28	0,0,0	-2	-1
460	0,0,1,0,0	25,4,15,33,15	0,0,0	5,20,16	-2	-1
465	0,2,0,0,0	10,5,8,10,5	0,0,0	1,10,7	-2	-1
468	0,0,0,0,1	9,1,12,8,3	1,0,0	2,2,3	-2	-1
470	6,1,1,0,2	11,6,11,11,15	3,10,7	0,5,6	-2	-1
476	22,15,26,23,10	0,0,0,0,0	8,4,1	0,0,1	-2	-1
477	0,0,2,0,0	5,3,25,15,3	0,0,0	6,5,13	-2	-1
481	0,0,0,2,0	2,0,2,0,1	0,0,0	0,4,9	-2	-1
485	34,19,28,24,21	1,0,0,1,1	12,18,7	0,1,0	-2	-1
488	23,15,24,10,20	0,0,0,2,1	6,15,16	0,0,0	-2	-1
489	15,7,5,10,0	1,0,1,0,2	3,9,6	1,0,0	-2	-1
491	21,11,11,11,9	5,0,4,1,1	5,3,1	1,0,0	-2	-1
492	1,0,2,1,0	1,0,2,0,0	0,1,2	0,2,5	-2	-1
493	11,7,5,9,1	4,0,1,2,2	4,2,2	1,1,0	-2	-1
495	0,1,0,1,0	9,5,13,11,8	0,0,0	11,3,4	-2	-1
498	4,0,1,2,1	0,0,0,0,1	0,0,3	0,0,0	-2	-1
499	0,0,0,0,0	20,34,30,28,20	4,0,0	76,58,87	-2	-1
500	9,8,10,11,4	0,0,0,0,0	9,7,5	1,0,0	-2	-1
502	3,1,4,5,5	11,3,17,11,8	4,1,1	9,4,15	-2	-1
503	0,0,1,2,0	16,12,7,3,6	0,6,2	9,6,5	-2	-1
510	6,2,3,11,2	1,0,0,1,1	4,3,0	1,1,2	-2	-1
511	0,0,0,1,0	98,75,80,59,55	0,1,1	37,27,31	-2	-1
512	3,2,1,0,0	12,9,9,9,7	0,1,0	11,11,3	-2	-1
514	123,128,115,147,87	0,2,0,4,1	69,76,45	2,2,0	-2	-1
517	0,0,2,0,0	2,1,1,3,4	1,0,0	1,3,5	-2	-1
519	14,10,8,18,15	0,0,0,0,0	13,5,9	0,1,1	-2	-1
521	3,9,7,3,2	4,0,4,5,1	4,2,4	1,0,1	-2	-1
522	85,89,102,104,64	8,0,0,1,0	62,64,60	0,0,0	-2	-1
532	188,176,234,209,124	2,9,5,5,2	180,129,141	4,3,3	-2	-1
533	246,245,298,203,170	0,0,3,0,0	118,175,163	0,0,0	-2	-1
534	2,6,6,3,7	36,50,42,31,15	1,4,3	19,21,23	-2	-1
535	34,28,33,28,23	2,2,4,5,3	11,7,16	0,0,2	-2	-1
537	4,1,2,2,2	3,7,3,9,5	2,1,1	1,5,11	-2	-1
541	26,32,43,41,15	0,5,1,3,0	27,36,37	5,2,0	-2	-1
545	2,0,7,4,0	11,1,27,34,9	0,1,0	0,2,1	-2	-1
547	21,4,10,19,9	0,0,0,0,0	34,44,44	1,0,0	-2	-1
549	1,0,0,1,0	12,8,7,9,7	0,1,0	6,1,4	-2	-1
550	9,7,10,11,5	0,0,0,1,0	5,5,8	0,0,0	-2	-1
551	0,0,0,2,0	4,11,6,14,6	1,0,0	2,2,5	-2	-1
552	0,0,2,0,1	21,9,15,33,12	3,0,0	2,16,10	-2	-1
553	1,2,5,5,1	39,16,27,28,20	3,2,4	23,25,16	-2	-1
557	2,3,1,2,1	8,0,3,3,4	0,1,2	6,0,5	-2	-1
563	8,8,4,3,4	144,264,158,187,117	3,12,3	116,276,251	-2	-1
564	0,1,0,0,0	1,1,1,0,0	1,1,0	0,1,0	-2	-1
568	0,0,0,0,0	8,5,14,8,10	0,0,1	9,10,4	-2	-1
569	6,5,3,4,7	20,35,18,15,12	4,2,8	16,12,26	-2	-1
571	1,0,2,0,2	0,0,0,0,0	4,6,2	1,0,0	-2	-1
576	0,0,1,0,1	43,19,32,39,16	0,0,0	16,12,8	-2	-1
577	11,2,11,16,89	0,0,0,1,0	1,9,3	0,0,0	-2	-1
578	14,7,17,11,8	0,0,4,2,1	3,4,9	0,0,0	-2	-1
580	2,2,2,2,0	14,7,16,14,13	0,1,0	19,9,10	-2	-1
581	2,0,0,0,0	0,0,0,0,0	0,1,0	0,1,0	-2	-1
584	20,12,22,26,11	1,0,3,2,1	14,22,15	0,0,1	-2	-1
585	2,0,0,0,0	1,0,0,0,0	2,0,0	0,0,0	-2	-1
586	0,0,1,0,0	0,0,0,2,0	1,0,0	0,1,0	-2	-1
587	1,0,1,0,0	75,34,42,52,59	0,0,0	36,20,12	-2	-1
592	18,30,25,21,23	18,17,33,13,12	15,11,12	6,7,6	-2	-1
593	32,46,95,63,39	61,33,53,66,33	18,22,11	36,25,9	-2	-1
594	1,0,0,0,0	12,27,20,26,13	0,0,0	11,63,47	-2	-1
595	0,0,2,0,0	9,10,15,13,9	3,0,2	12,23,32	-2	-1
597	70,52,87,71,56	1,0,0,2,0	26,45,30	0,0,0	-2	-1
600	2,0,1,1,1	39,49,56,32,27	0,3,2	16,22,21	-2	-1
602	7,4,7,7,7	0,1,0,0,0	8,13,12	0,1,0	-2	-1
603	54,61,75,46,55	0,1,0,0,0	51,47,55	0,0,0	-2	-1
605	8,3,7,6,7	2,0,0,0,0	2,8,8	0,0,0	-2	-1
606	2,0,1,0,0	9,14,12,20,10	0,0,0	5,11,10	-2	-1
607	0,0,1,0,0	4,2,4,1,1	0,2,0	1,7,7	-2	-1
609	204,197,252,134,144	257,215,268,186,211	127,74,88	129,116,114	-2	-1
611	1,0,0,1,3	1,0,1,0,0	0,0,0	0,0,2	-2	-1
612	1,0,0,1,3	1,0,1,1,1	0,0,0	1,2,0	-2	-1
613	0,0,0,1,0	1,0,1,0,0	0,0,0	0,0,2	-2	-1
614	0,0,0,1,0	1,0,1,1,1	0,0,0	1,2,0	-2	-1
615	1,0,1,0,0	1,0,1,1,1	0,0,2	1,2,0	-2	-1
617	0,0,2,1,0	1,5,1,3,5	0,0,0	0,8,9	-2	-1
619	4,13,1,2,4	3,5,1,3,4	2,6,1	1,3,0	-2	-1
620	0,0,1,0,0	0,0,1,1,0	0,0,0	1,0,3	-2	-1
621	1,0,0,0,1	21,13,28,14,10	0,3,0	9,34,19	-2	-1
622	0,0,1,0,0	3,8,9,2,1	1,0,0	0,3,5	-2	-1
624	5,1,4,1,1	18,5,16,14,8	1,2,3	6,5,1	-2	-1
625	8,2,5,4,1	0,0,1,0,0	3,3,0	0,0,0	-2	-1
626	39,54,51,39,36	0,0,0,0,1	22,20,17	0,1,2	-2	-1
628	4,3,2,7,3	5,5,1,1,3	3,3,0	2,0,5	-2	-1
629	2,3,14,17,4	14,13,34,24,25	2,1,0	13,4,5	-2	-1
633	0,3,0,0,0	256,348,421,239,206	0,0,0	23,33,18	-2	-1
634	4,6,4,3,4	10,4,3,3,9	2,1,9	2,1,0	-2	-1
635	13,8,11,20,10	3,4,1,4,1	8,4,2	4,1,3	-2	-1
636	0,0,1,1,3	15,7,12,7,7	0,0,3	2,10,4	-2	-1
637	35,40,55,39,57	22,24,23,31,12	34,12,11	11,6,12	-2	-1
638	321,257,356,295,215	7,18,18,11,15	146,133,122	6,0,2	-2	-1
640	176,153,245,155,143	1,0,0,0,0	99,132,160	0,0,0	-2	-1
641	0,0,0,0,5	0,0,0,0,0	2,0,2	0,1,0	-2	-1
648	56,49,53,46,53	0,0,0,0,0	35,30,50	0,3,0	-2	-1
650	0,0,0,0,0	0,4,0,0,0	0,0,1	0,2,0	-2	-1
651	0,0,4,0,0	0,4,0,0,0	0,0,0	0,2,0	-2	-1
652	0,0,4,0,0	0,0,0,0,0	0,0,0	0,0,1	-2	-1
653	5,1,6,7,4	0,0,0,0,3	1,2,0	0,0,0	-2	-1
654	9,7,0,3,0	12,23,12,6,14	3,0,2	9,7,10	-2	-1
656	0,3,0,2,0	8,21,10,12,3	0,1,0	17,7,15	-2	-1
657	1,0,6,1,0	49,47,53,50,27	4,0,3	24,26,27	-2	-1
658	61,52,59,45,40	0,2,0,0,0	50,31,25	0,0,0	-2	-1
661	1,0,1,3,1	2,2,3,3,8	5,2,3	1,1,4	-2	-1
662	0,0,1,1,1	1,0,6,0,1	2,0,0	1,1,1	-2	-1
664	14,22,39,25,14	0,0,0,1,0	6,26,25	0,0,0	-2	-1
665	5,13,4,6,2	0,0,0,0,0	17,19,11	0,2,5	-2	-1
666	3,5,6,2,4	59,39,58,41,66	0,4,1	36,33,46	-2	-1
668	7,2,8,3,1	19,11,35,12,11	3,1,0	6,2,0	-2	-1
671	1,0,0,0,2	0,0,0,0,1	0,0,0	0,1,0	-2	-1
674	0,0,0,0,0	6,1,4,5,1	0,1,0	0,2,3	-2	-1
675	0,0,0,0,0	5,14,5,6,6	0,1,0	0,7,4	-2	-1
676	6,1,4,5,1	5,14,5,6,6	0,2,3	0,7,4	-2	-1
679	4,1,2,0,0	1,0,0,1,0	1,0,0	0,0,0	-2	-1
682	0,0,0,0,1	0,0,0,1,0	0,0,3	0,0,0	-2	-1
684	57,49,44,52,55	6,1,1,6,5	24,24,16	9,5,1	-2	-1
689	0,0,1,1,0	29,8,30,4,8	0,0,1	8,2,8	-2	-1
690	11,17,10,11,9	0,0,2,1,0	6,8,6	0,0,0	-2	-1
692	173,152,181,170,155	3,5,5,4,4	122,179,155	0,13,4	-2	-1
693	198,127,179,174,151	6,2,4,9,5	272,305,272	11,21,4	-2	-1
696	0,0,0,0,0	13,13,7,8,9	0,1,2	2,2,3	-2	-1
697	0,2,1,2,1	0,1,0,0,0	0,0,1	0,0,0	-2	-1
704	0,0,6,0,0	9,4,19,7,13	0,0,0	7,4,2	-2	-1
708	2,1,5,3,1	12,12,16,12,1	1,1,1	2,3,8	-2	-1
709	17,18,28,25,13	0,0,0,2,0	8,17,18	0,0,0	-2	-1
712	10,10,26,23,19	85,68,108,82,67	22,11,5	45,45,34	-2	-1
713	1,0,9,0,0	46,36,86,50,33	0,1,1	29,139,154	-2	-1
714	5,0,5,4,1	1,0,0,0,0	6,3,0	0,1,0	-2	-1
716	26,20,32,31,17	0,0,0,0,0	30,72,79	3,0,0	-2	-1
717	0,0,1,0,0	27,23,22,20,23	0,0,0	12,24,24	-2	-1
719	0,2,0,0,0	143,189,211,157,127	0,0,0	138,170,190	-2	-1
720	11,3,4,8,5	2,0,6,0,1	2,0,0	0,0,2	-2	-1
722	2,0,0,0,0	8,7,15,8,3	0,0,1	10,16,12	-2	-1
723	0,1,3,0,2	96,49,75,48,63	0,0,1	35,50,43	-2	-1
725	25,20,47,23,22	19,28,23,18,15	13,10,15	14,14,12	-2	-1
726	26,22,56,29,27	7,7,7,10,2	14,13,16	1,1,2	-2	-1
727	20,30,32,24,20	7,7,7,10,2	15,17,13	1,1,2	-2	-1
728	2,11,3,1,7	8,11,21,6,4	3,7,3	12,19,10	-2	-1
730	1,0,0,0,0	4,10,13,9,8	0,0,0	9,8,3	-2	-1
731	1,0,0,0,0	33,17,27,12,25	0,0,0	5,9,6	-2	-1
732	2,1,0,6,2	5,0,4,6,1	0,4,1	6,0,1	-2	-1
733	105,121,115,101,47	0,0,0,0,0	55,32,36	1,0,0	-2	-1
735	0,0,0,0,0	6,7,12,10,6	0,1,2	10,6,13	-2	-1
736	0,0,0,4,0	3,12,17,14,9	0,0,0	9,4,9	-2	-1
744	2,0,0,1,1	5,0,4,3,3	0,0,0	1,4,3	-2	-1
745	1,2,0,0,0	0,0,3,0,1	0,0,0	3,1,1	-2	-1
750	18,16,48,23,22	0,0,0,1,0	7,6,8	0,0,0	-2	-1
752	5,5,1,0,2	23,21,17,8,13	0,0,0	5,8,5	-2	-1
757	3,3,2,0,2	0,0,0,0,0	1,0,0	0,0,1	-2	-1
759	19,10,14,5,13	4,1,3,6,0	24,17,30	2,3,5	-2	-1
762	0,2,1,0,0	0,1,0,5,0	0,0,0	0,2,1	-2	-1
765	6,5,3,4,0	11,0,12,7,13	2,0,1	11,6,2	-2	-1
768	16,19,43,25,19	0,0,0,1,0	16,20,11	0,0,0	-2	-1
771	0,0,0,0,1	1,0,2,4,0	0,0,0	2,1,6	-2	-1
773	66,23,47,38,28	129,79,189,101,114	31,7,14	120,44,54	-2	-1
774	1,0,1,0,3	6,2,16,5,2	3,1,0	2,8,2	-2	-1
775	8,4,11,5,12	3,9,5,3,4	4,6,7	2,11,8	-2	-1
776	4,5,0,0,0	46,40,58,35,22	1,0,0	45,64,60	-2	-1
778	2,3,12,5,2	3,2,0,3,4	10,7,9	2,10,7	-2	-1
779	5,0,7,0,3	1,0,0,2,4	7,3,7	2,1,6	-2	-1
783	0,1,2,0,4	52,47,42,50,27	4,5,11	67,65,57	-2	-1
784	181,154,176,184,120	2,3,2,2,2	102,69,82	1,1,1	-2	-1
786	0,0,0,3,0	3,2,1,0,2	0,0,0	0,0,5	-2	-1
787	16,16,24,31,16	0,0,4,2,0	10,4,6	0,0,0	-2	-1
788	1,0,2,0,1	17,11,27,11,12	0,0,1	7,9,7	-2	-1
792	0,0,2,1,0	30,21,36,42,15	0,0,0	9,7,5	-2	-1
793	0,0,1,1,0	36,26,39,33,20	0,0,0	8,12,3	-2	-1
794	257,190,468,624,223	1,0,0,1,0	88,11,15	0,0,0	-2	-1
795	29,36,32,38,22	0,1,0,0,0	20,44,44	0,0,0	-2	-1
796	26,25,23,40,21	1,0,0,0,0	26,35,31	0,1,0	-2	-1
799	3,0,0,0,0	0,0,2,0,0	0,0,1	0,0,0	-2	-1
800	9,4,11,7,10	1,1,0,1,1	3,7,2	0,0,0	-2	-1
801	0,0,0,1,0	6,0,6,4,0	0,0,0	2,2,6	-2	-1
804	0,4,2,0,0	6,7,15,14,15	6,1,1	6,34,15	-2	-1
805	51,44,78,84,50	1,0,1,3,0	46,52,32	0,1,5	-2	-1
806	1,0,0,0,0	9,8,12,5,15	0,0,0	6,4,6	-2	-1
814	8,4,6,4,5	0,0,0,0,0	4,7,5	0,1,0	-2	-1
815	5,4,11,7,7	0,0,0,0,0	0,2,0	0,1,0	-2	-1
816	1,1,1,1,0	0,0,11,1,4	1,1,0	0,0,0	-2	-1
817	7,4,0,8,3	7,2,12,4,8	4,2,4	0,0,1	-2	-1
819	1,0,1,0,0	8,6,3,0,7	0,0,0	0,1,9	-2	-1
820	2,2,1,4,2	8,1,9,4,1	4,2,0	0,0,2	-2	-1
821	1,0,2,2,2	0,0,0,0,0	0,0,1	0,2,0	-2	-1
823	4,3,1,5,0	30,20,36,22,18	3,0,0	11,22,24	-2	-1
827	0,0,1,0,0	6,12,11,8,9	0,0,0	10,41,41	-2	-1
828	20,15,33,16,30	0,2,1,2,0	14,12,13	0,2,3	-2	-1
829	7,5,9,4,3	39,18,39,35,19	1,7,5	30,32,24	-2	-1
830	6,1,1,1,3	0,0,1,0,0	2,0,0	0,0,0	-2	-1
834	0,0,2,0,0	0,0,0,1,0	2,0,0	0,0,0	-2	-1
837	1,0,6,2,0	5,6,7,8,11	1,0,0	7,6,8	-2	-1
838	18,8,11,11,2	15,19,19,17,16	5,8,2	8,12,29	-2	-1
839	19,7,27,7,5	14,3,12,10,11	8,11,13	4,6,5	-2	-1
840	2,2,1,2,0	165,101,160,133,123	2,1,1	71,86,104	-2	-1
843	0,0,5,0,0	8,11,12,7,6	1,0,0	4,8,9	-2	-1
844	3,6,4,1,0	20,23,30,16,24	3,7,1	15,21,25	-2	-1
845	3,9,1,4,0	20,25,24,27,16	0,0,6	18,40,32	-2	-1
847	7,4,3,3,0	5,12,10,12,9	1,1,2	4,7,6	-2	-1
849	21,17,10,23,5	320,276,408,265,304	13,15,6	161,85,132	-2	-1
859	1,0,4,1,0	31,33,40,50,39	2,3,0	35,19,26	-2	-1
860	14,8,21,7,9	0,0,0,1,0	10,5,5	0,0,0	-2	-1
866	148,211,157,181,135	1,10,0,7,2	166,175,194	5,2,3	-2	-1
867	0,0,0,1,1	0,0,0,0,0	2,0,4	0,0,3	-2	-1
868	7,15,10,15,8	0,1,3,0,2	3,6,12	2,7,12	-2	-1
869	0,2,1,0,0	0,0,0,0,0	0,0,2	0,1,1	-2	-1
872	0,0,2,4,0	0,0,0,0,0	0,0,0	1,0,0	-2	-1
874	1,0,3,1,1	5,2,6,2,2	2,1,0	3,2,1	-2	-1
876	7,20,19,23,16	212,408,306,186,121	11,7,5	130,195,209	-2	-1
878	12,8,9,14,11	1,0,0,0,0	1,7,6	0,0,0	-2	-1
879	143,137,164,106,134	0,0,4,0,0	66,65,55	0,0,0	-2	-1
881	32,14,10,15,13	4,0,5,1,0	16,15,19	1,2,0	-2	-1
885	2,2,1,4,0	0,1,1,2,0	0,7,7	6,13,10	-2	-1
888	5,2,10,4,5	12,42,16,15,21	1,2,2	6,2,9	-2	-1
893	11,8,7,7,12	103,108,73,125,59	36,127,87	474,1433,1050	-2	-1
894	3267,2460,2641,3280,2814	9,4,7,5,7	9126,10085,8505	3,6,5	-2	-1
895	5,6,10,6,5	0,0,1,0,0	5,13,12	0,0,0	-2	-1
896	5,1,3,2,0	31,12,32,20,14	0,0,0	12,9,4	-2	-1
897	32,27,39,32,17	2,1,4,0,0	16,13,5	1,1,0	-2	-1
898	35,33,41,34,19	2,1,0,1,2	17,16,7	0,2,0	-2	-1
899	5,7,6,2,2	2,1,0,1,2	2,4,2	0,2,0	-2	-1
900	3,6,2,2,2	2,4,2,2,2	2,3,2	0,0,1	-2	-1
902	2,2,8,0,14	14,7,14,19,2	5,4,6	17,13,6	-2	-1
903	28,19,40,22,17	10,16,24,14,17	13,11,10	3,3,6	-2	-1
907	1,1,1,3,0	6,6,3,1,1	0,0,2	0,0,0	-2	-1
908	1,1,0,2,5	0,1,0,3,1	3,0,2	1,0,0	-2	-1
910	6,16,15,5,11	5,7,7,3,3	5,2,5	2,0,2	-2	-1
912	10,14,11,10,16	5,4,7,11,2	6,12,11	5,7,9	-2	-1
914	16,21,19,18,9	10,6,7,0,7	34,29,31	11,6,3	-2	-1
915	2,2,1,6,6	10,15,21,18,8	2,5,3	10,12,18	-2	-1
920	0,0,0,0,1	2,3,15,17,7	0,0,0	1,1,0	-2	-1
921	2,7,0,7,2	30,15,34,22,16	7,5,3	22,30,38	-2	-1
922	1,9,1,2,4	0,0,0,1,0	2,7,0	0,0,0	-2	-1
925	46,19,44,29,22	0,0,0,0,0	30,36,34	0,0,1	-2	-1
926	1,0,4,0,0	46,19,44,29,22	2,0,1	30,36,34	-2	-1
928	4,0,6,6,1	9,3,9,5,10	0,0,1	3,5,1	-2	-1
929	8,3,10,6,5	35,19,30,31,37	10,9,7	42,51,27	-2	-1
930	13,7,13,8,8	11,13,17,25,10	17,23,16	26,43,42	-2	-1
931	31,19,17,43,12	0,0,0,1,0	11,5,14	0,0,0	-2	-1
933	26,12,15,10,15	20,24,28,13,17	8,12,15	11,36,29	-2	-1
934	23,18,27,22,12	0,0,0,1,0	8,13,11	0,0,0	-2	-1
936	4,2,3,3,3	32,28,37,37,17	2,1,0	19,28,31	-2	-1
937	0,0,2,1,1	14,3,10,4,2	0,1,0	2,6,0	-2	-1
940	0,0,0,0,0	1,0,0,0,0	0,1,0	0,0,0	-2	-1
943	4,0,9,1,5	67,43,45,57,47	2,4,0	40,28,21	-2	-1
945	7,3,16,13,14	0,0,1,0,0	2,6,5	0,0,0	-2	-1
948	0,0,1,0,0	2,0,0,0,1	0,1,2	0,0,0	-2	-1
949	2,0,0,0,1	1,2,0,3,2	0,0,0	3,2,1	-2	-1
951	20,30,40,30,22	0,0,1,0,0	16,18,13	0,0,0	-2	-1
953	7,14,5,11,7	1,0,0,0,1	5,3,1	0,0,2	-2	-1
955	18,3,18,15,15	0,0,0,0,0	17,6,6	0,1,0	-2	-1
958	3,6,2,1,0	34,34,26,47,31	0,3,2	21,23,9	-2	-1
961	0,0,0,0,1	10,6,16,4,4	0,0,0	7,12,5	-2	-1
964	6,7,11,6,8	1,0,0,0,0	5,1,0	0,0,0	-2	-1
965	0,0,0,0,1	3,7,6,22,6	0,0,0	3,2,3	-2	-1
968	2,0,2,1,1	7,1,9,1,1	1,5,0	2,1,1	-2	-1
970	7,3,9,6,2	0,0,0,1,0	0,2,6	0,0,0	-2	-1
974	36,50,49,36,33	0,0,1,0,1	30,42,37	0,3,2	-2	-1
975	2,1,2,0,1	0,0,0,0,0	0,0,2	0,0,1	-2	-1
976	27,20,30,31,24	1,0,0,4,0	27,22,27	0,0,0	-2	-1
977	2,2,4,4,2	30,38,45,38,34	1,1,0	26,18,29	-2	-1
979	8,5,8,12,3	28,6,30,21,11	1,9,9	9,5,10	-2	-1
980	58,43,72,60,53	0,0,2,1,0	40,15,25	0,0,0	-2	-1
982	3,8,3,2,3	52,52,58,56,38	1,5,3	26,75,101	-2	-1
983	29,27,27,28,17	14,7,15,13,6	23,29,26	8,1,3	-2	-1
990	3,1,2,0,0	7,2,6,10,4	0,0,0	2,1,0	-2	-1
993	1,4,1,0,0	0,0,0,0,0	0,0,0	0,1,0	-2	-1
996	10,2,5,13,3	11,10,18,19,7	4,3,1	2,8,7	-2	-1
997	0,0,0,0,0	0,0,1,0,1	0,0,1	0,1,0	-2	-1
999	1,1,1,0,0	8,1,5,11,6	0,0,4	5,3,5	-2	-1
1000	0,0,2,0,0	14,9,20,19,14	0,0,0	16,13,4	-2	-1
1003	0,0,1,0,0	6,9,3,5,3	0,0,0	3,4,5	-2	-1
1006	97,138,112,98,92	0,0,0,0,0	37,13,33	0,2,0	-2	-1
1007	6,1,2,5,1	11,0,4,8,2	0,1,0	2,1,3	-2	-1
1008	36,79,57,44,52	0,2,1,0,0	39,42,30	0,0,1	-2	-1
1012	1,0,0,0,0	4,6,13,6,3	0,0,0	1,6,7	-2	-1
1013	0,0,0,2,0	1,0,0,0,1	0,7,1	0,0,2	-2	-1
1014	6,1,5,6,4	1,0,0,0,0	3,2,3	0,0,0	-2	-1
1016	20,16,18,19,19	0,3,6,1,2	23,14,12	0,1,2	-2	-1
1020	2,1,2,1,1	34,74,46,51,23	2,3,1	29,10,21	-2	-1
1023	18,7,16,18,12	1,0,3,0,0	2,1,1	0,0,0	-2	-1
1026	22,25,24,20,17	0,1,0,0,0	18,14,15	0,0,0	-2	-1
1027	0,0,0,2,3	162,197,263,169,138	0,0,0	81,51,69	-2	-1
1028	175,215,272,170,154	1,18,8,0,3	88,142,157	0,2,3	-2	-1
1031	50,51,90,62,24	1,0,0,0,1	19,15,9	0,0,0	-2	-1
1032	39,41,86,56,57	690,692,827,544,516	36,48,39	516,616,595	-2	-1
1034	0,4,6,0,1	1,19,10,8,4	1,1,10	9,8,8	-2	-1
1035	31,35,46,50,28	3,2,5,3,8	42,28,18	0,2,4	-2	-1
1036	3,1,5,4,5	0,0,1,2,2	0,3,1	0,0,1	-2	-1
1037	698,541,772,679,539	0,0,0,2,0	415,379,417	0,1,0	-2	-1
1042	4,2,7,1,2	0,0,0,1,0	2,1,6	1,0,1	-2	-1
1044	2,0,6,4,1	40,30,35,45,36	0,0,2	26,18,31	-2	-1
1046	0,0,0,0,1	39,72,40,44,31	0,0,0	12,34,36	-2	-1
1048	16,16,20,7,10	1,0,3,2,0	17,26,27	3,0,4	-2	-1
1049	2,3,1,0,0	1,1,1,0,0	2,4,5	2,6,7	-2	-1
1051	9,19,35,28,12	3,0,8,0,0	13,15,14	0,0,0	-2	-1
1054	1,2,3,2,3	1,0,0,0,2	2,1,2	1,2,0	-2	-1
1056	0,0,0,0,3	17,10,9,7,10	1,0,0	4,0,2	-2	-1
1058	1,0,0,0,1	92,94,129,93,73	0,0,0	98,93,70	-2	-1
1059	2,1,1,3,1	1,0,0,0,0	1,1,4	0,0,0	-2	-1
1060	15,3,5,12,5	0,0,0,0,0	7,6,6	1,0,0	-2	-1
1061	8,12,9,14,12	71,51,68,72,50	4,5,2	28,11,11	-2	-1
1062	52,20,63,66,29	0,0,1,0,0	28,20,24	0,0,0	-2	-1
1063	6,5,1,13,2	1,0,0,0,0	1,4,4	0,0,3	-2	-1
1064	0,1,3,0,2	1,1,0,0,0	2,1,1	3,1,1	-2	-1
1066	53,23,52,54,32	0,0,0,0,0	21,22,16	1,0,0	-2	-1
1068	0,0,0,0,0	0,0,0,1,0	0,1,0	0,0,0	-2	-1
1069	1,0,0,0,0	8,12,13,12,9	0,0,0	5,9,3	-2	-1
1071	1,0,1,0,0	0,3,1,1,4	1,0,0	0,0,1	-2	-1
1073	7,12,8,9,5	580,753,654,493,466	2,5,11	414,565,590	-2	-1
1077	1,5,13,8,8	2,0,0,0,1	7,9,1	0,0,0	-2	-1
1078	0,0,1,0,0	4,2,6,2,3	0,0,0	2,0,4	-2	-1
1082	451,514,605,406,312	228,236,224,221,132	273,238,307	146,193,185	-2	-1
1083	451,514,605,406,312	18,19,20,13,16	273,238,307	12,17,12	-2	-1
1084	18,19,20,13,16	228,236,224,221,132	12,17,12	146,193,185	-2	-1
1085	64,50,88,50,47	1,0,2,0,1	27,36,38	0,0,0	-2	-1
1088	2,7,15,0,0	0,0,3,0,0	1,10,6	2,3,2	-2	-1
1089	0,0,3,2,0	1,1,1,2,2	2,2,0	1,9,4	-2	-1
1090	4,2,1,4,1	4,1,4,9,2	1,4,4	3,0,3	-2	-1
1093	0,1,0,0,0	38,57,58,49,35	2,0,1	58,17,27	-2	-1
1095	0,0,1,0,1	32,22,40,28,21	0,0,0	18,25,28	-2	-1
1096	1,1,1,1,3	11,2,12,0,86	0,1,0	2,0,4	-2	-1
1099	13,3,17,11,11	75,58,112,99,77	3,4,3	42,16,23	-2	-1
1102	78,79,53,56,53	0,1,0,0,0	34,34,52	0,0,0	-2	-1
1103	3,4,1,0,0	1,0,0,1,0	0,0,0	2,2,9	-2	-1
1104	1,0,0,0,0	3,6,2,8,5	0,0,0	1,0,6	-2	-1
1105	49,29,66,51,35	1,1,1,2,2	34,22,17	0,0,1	-2	-1
1106	22,27,29,24,15	1,0,0,2,0	22,15,15	0,1,0	-2	-1
1107	0,0,0,0,0	2,2,15,4,7	0,0,1	3,4,5	-2	-1
1108	128,164,182,142,110	0,1,1,0,0	133,42,52	0,0,0	-2	-1
1109	1,4,2,0,0	9,8,20,13,8	0,2,0	10,9,4	-2	-1
1110	1,0,0,0,0	78,83,116,112,88	0,0,0	105,56,58	-2	-1
1112	25,42,45,37,28	2,0,0,0,0	46,56,72	0,1,0	-2	-1
1120	1,0,0,0,0	25,18,42,28,12	0,0,0	6,2,2	-2	-1
1125	1,1,0,0,1	20,17,21,26,17	0,9,2	11,17,12	-2	-1
1134	6,2,15,7,6	1,0,0,1,0	2,5,2	0,0,0	-2	-1
1136	0,1,0,0,0	47,50,31,36,18	0,0,0	24,12,23	-2	-1
1139	12,9,10,3,4	66,62,102,76,54	9,1,4	73,25,48	-2	-1
1140	9,3,1,7,1	1,1,0,0,0	5,3,5	0,0,0	-2	-1
1151	0,0,0,0,0	17,46,28,45,30	1,0,0	27,30,24	-2	-1
1157	19,31,20,22,8	10,17,20,15,9	28,57,67	25,48,32	-2	-1
1158	19,31,20,22,8	15,28,13,12,16	28,57,67	17,34,42	-2	-1
1159	19,31,20,22,8	8,5,2,14,7	28,57,67	9,13,16	-2	-1
1160	10,17,20,15,9	15,28,13,12,16	25,48,32	17,34,42	-2	-1
1161	10,17,20,15,9	8,5,2,14,7	25,48,32	9,13,16	-2	-1
1162	15,28,13,12,16	8,5,2,14,7	17,34,42	9,13,16	-2	-1
1163	23,48,26,29,27	279,338,286,243,230	36,46,32	169,166,161	-2	-1
1165	2,3,2,2,2	12,11,19,22,17	3,0,1	14,12,7	-2	-1
1167	271,220,390,267,270	0,0,1,0,0	279,448,337	0,0,0	-2	-1
1172	0,0,0,1,0	13,9,14,14,18	0,1,0	4,14,11	-2	-1
1175	4,0,0,1,4	10,2,5,9,4	0,3,5	5,0,1	-2	-1
1176	0,0,1,2,0	6,1,8,6,3	0,0,0	1,2,1	-2	-1
1180	29,26,45,23,19	42,27,19,33,31	34,13,10	14,16,19	-2	-1
1182	2,6,3,1,0	15,25,26,43,24	0,3,1	21,3,5	-2	-1
1183	6,8,13,10,8	1,0,5,0,0	0,9,5	0,2,0	-2	-1
1184	12,13,27,21,11	2,6,5,9,2	9,8,9	1,0,0	-2	-1
1190	0,0,4,1,1	0,0,0,1,0	4,0,0	0,0,0	-2	-1
1191	0,0,2,0,0	0,0,0,1,0	1,0,0	0,0,0	-2	-1
1192	0,0,2,0,0	0,0,4,1,1	1,0,0	4,0,0	-2	-1
1198	3,7,9,11,6	72,66,109,76,75	8,6,10	66,91,70	-2	-1
1202	1,1,1,1,0	17,11,14,9,16	0,1,2	12,10,7	-2	-1
1203	12,1,22,17,6	13,18,20,16,8	3,4,8	15,8,10	-2	-1
1211	2,0,0,0,0	0,1,5,3,2	0,1,0	2,1,0	-2	-1
1213	32,24,38,24,16	12,14,21,14,13	17,6,5	8,4,10	-2	-1
1214	33,19,29,26,24	0,0,0,0,0	18,30,13	0,1,0	-2	-1
1215	9,1,9,3,4	2,0,0,0,0	6,3,5	0,0,0	-2	-1
1216	0,1,0,0,0	0,0,0,0,0	0,0,1	0,1,0	-2	-1
1217	0,0,1,1,2	104,56,111,85,78	1,2,1	75,93,101	-2	-1
1219	81,67,73,66,57	2,3,1,2,1	60,56,52	2,0,0	-2	-1
1221	4,9,10,25,6	39,28,43,32,23	4,3,3	31,17,12	-2	-1
1222	5,0,9,2,1	41,40,51,45,37	3,2,1	22,40,24	-2	-1
1228	7,6,5,0,6	120,154,133,115,100	7,3,10	86,179,201	-2	-1
1233	17,5,13,8,11	0,0,0,0,3	2,8,4	0,0,0	-2	-1
1234	63,78,104,90,59	0,0,0,2,0	31,44,39	0,0,0	-2	-1
1235	12,5,10,11,4	19,13,12,8,2	0,5,4	3,6,8	-2	-1
1236	0,2,2,1,0	137,154,159,123,115	0,2,0	64,100,82	-2	-1
1238	5,6,15,8,9	273,131,221,151,191	13,10,5	106,166,181	-2	-1
1239	39,29,42,44,21	0,0,0,2,0	21,7,5	0,0,0	-2	-1
1241	0,0,0,1,0	1,3,1,3,2	1,0,0	1,11,6	-2	-1
1242	1,0,7,8,2	80,47,92,60,55	1,1,1	47,30,47	-2	-1
1244	9,20,22,7,9	22,11,20,17,14	8,11,9	4,6,4	-2	-1
1250	0,0,1,0,0	8,4,14,5,9	0,0,0	5,10,12	-2	-1
1251	5,6,10,2,3	0,0,0,0,0	0,1,1	0,1,0	-2	-1
1253	0,0,0,1,0	20,19,24,22,13	0,0,0	2,12,6	-2	-1
1254	2,3,4,3,3	0,0,1,2,4	1,6,3	0,0,0	-2	-1
1256	1209,1822,1516,1252,1103	0,4,2,2,2	929,1150,1039	0,1,0	-2	-1
1257	0,2,4,2,0	11,22,8,12,10	0,0,3	14,5,12	-2	-1
1258	136,104,189,130,100	0,2,0,0,0	72,38,51	0,0,0	-2	-1
1260	67,57,68,47,45	15,13,11,8,18	23,18,12	3,6,3	-2	-1
1261	67,57,68,47,45	3,6,7,6,9	23,18,12	1,1,4	-2	-1
1262	15,13,11,8,18	3,6,7,6,9	3,6,3	1,1,4	-2	-1
1264	585,647,1124,919,414	0,0,3,0,1	268,223,166	0,0,0	-2	-1
1266	1,0,0,0,0	0,3,0,0,0	0,1,1	0,0,0	-2	-1
1268	13,12,2,16,5	0,4,0,0,0	6,31,20	0,0,0	-2	-1
1270	1,2,4,2,0	125,176,185,141,108	1,6,1	131,130,126	-2	-1
1271	3,1,7,5,2	2,3,0,4,3	2,0,0	0,0,3	-2	-1
1272	9,0,6,8,1	28,30,50,15,29	4,0,1	13,19,16	-2	-1
1274	2,3,2,1,6	10,11,12,8,8	0,1,1	6,10,10	-2	-1
1275	2,3,2,0,2	2,1,5,3,2	0,3,1	0,4,3	-2	-1
1278	1,4,7,5,6	4,7,2,3,1	3,3,4	2,2,4	-2	-1
1279	46,49,94,81,75	1,0,0,0,0	63,71,67	0,0,0	-2	-1
1280	64,40,96,58,36	8,1,9,6,7	30,43,34	1,4,3	-2	-1
1281	4,4,6,9,3	0,1,0,2,0	4,3,3	0,0,1	-2	-1
1282	0,0,1,0,0	52,72,64,53,50	0,0,0	30,44,23	-2	-1
1285	0,0,0,0,1	3,3,3,5,4	0,2,1	2,5,2	-2	-1
1286	0,0,0,0,0	3,3,3,5,4	2,1,0	2,5,2	-2	-1
1287	0,0,0,0,0	0,0,0,0,1	2,1,0	0,2,1	-2	-1
1288	2,4,3,6,2	26,30,20,15,18	4,7,6	12,28,33	-2	-1
1289	93,60,89,60,64	0,0,1,0,0	90,104,118	0,0,0	-2	-1
1291	4,2,2,4,5	3,0,3,4,2	0,1,1	6,1,6	-2	-1
1293	33,31,75,50,30	0,0,0,1,0	66,94,54	0,1,4	-2	-1
1294	6,24,9,20,6	276,461,329,277,207	4,3,2	188,452,375	-2	-1
1297	2,8,1,7,4	9,7,20,5,18	4,2,6	8,5,10	-2	-1
1298	0,2,0,0,0	0,0,1,1,0	0,0,1	0,0,0	-2	-1
1299	8,1,0,5,2	41,49,55,37,32	2,4,5	23,39,41	-2	-1
1300	5,1,12,10,6	37,56,44,36,35	15,12,4	33,41,17	-2	-1
1301	1,0,1,4,0	6,5,8,5,8	1,0,2	8,11,8	-2	-1
1303	2,0,0,1,0	26,48,69,41,22	1,0,1	17,30,23	-2	-1
1304	4,7,8,6,3	2,1,2,5,1	6,1,2	3,2,3	-2	-1
1305	4,6,3,13,4	0,0,0,0,0	0,8,2	0,1,0	-2	-1
1319	2,1,0,2,2	0,1,0,2,1	2,2,2	0,0,0	-2	-1
1320	5,3,8,5,0	5,8,21,3,2	0,1,7	3,4,1	-2	-1
1322	2,2,0,0,0	22,10,24,21,19	0,1,0	11,8,10	-2	-1
1323	19,13,17,10,13	4,5,5,4,1	6,12,19	0,2,1	-2	-1
1324	7,6,15,4,9	1,2,1,0,1	10,7,6	0,1,0	-2	-1
1326	4,6,6,5,6	247,320,296,223,162	1,8,10	172,315,303	-2	-1
1327	0,1,1,0,0	16,22,15,20,12	1,3,1	13,21,26	-2	-1
1328	71,119,80,93,81	0,1,0,0,0	70,69,66	0,0,0	-2	-1
1330	44,31,45,53,42	29,24,42,54,29	22,16,8	17,6,9	-2	-1
1331	3,8,7,3,5	1,0,3,4,0	1,0,0	2,3,7	-2	-1
1339	25,18,23,20,12	5,0,0,3,1	5,10,9	0,0,0	-2	-1
1341	12,5,13,12,5	0,2,1,6,0	3,1,2	0,0,0	-2	-1
1342	8,10,22,6,8	1,1,4,0,1	6,6,5	0,4,0	-2	-1
1345	3,3,4,6,3	2,3,2,1,4	1,2,0	1,3,0	-2	-1
1346	0,0,0,3,0	0,0,0,0,0	0,0,0	0,0,2	-2	-1
1348	0,0,0,0,0	5,0,1,0,0	0,0,1	0,1,0	-2	-1
1349	13,8,22,13,12	1,1,2,0,0	6,5,8	0,1,0	-2	-1
1352	1,1,1,0,1	48,40,49,51,44	1,4,0	27,11,19	-2	-1
1353	1,0,1,1,5	44,25,40,42,43	0,7,3	12,24,17	-2	-1
1355	1,0,0,0,1	21,43,37,32,22	0,0,1	33,20,24	-2	-1
1356	0,1,0,0,0	1,2,5,3,1	0,0,0	1,1,0	-2	-1
1358	142,140,151,138,112	0,0,0,0,0	113,87,91	1,0,0	-2	-1
1366	0,0,0,0,0	1,0,0,0,0	0,1,0	0,0,0	-2	-1
1369	3,1,1,6,3	17,21,18,9,5	0,2,3	8,10,10	-2	-1
1370	1,3,4,3,1	10,17,34,9,10	0,0,0	8,6,2	-2	-1
1371	107,138,202,117,103	0,4,0,0,1	41,33,26	1,0,0	-2	-1
1377	0,0,1,0,1	0,0,2,2,0	0,1,0	3,1,1	-2	-1
1379	1,1,1,3,4	0,0,0,0,0	1,0,1	0,3,2	-2	-1
1381	3,1,1,1,0	0,0,2,0,0	1,0,3	0,0,0	-2	-1
1383	0,0,1,3,0	4,2,1,0,5	0,1,0	1,3,3	-2	-1
1385	1,2,0,0,1	29,24,35,23,27	1,0,1	48,37,33	-2	-1
1387	24,16,31,21,28	1,0,2,0,0	10,16,9	0,0,0	-2	-1
1390	0,0,0,0,0	15,10,15,18,12	0,1,0	3,6,10	-2	-1
1391	1,1,0,2,3	0,1,1,0,0	0,5,2	1,0,1	-2	-1
1392	0,0,0,1,0	4,8,2,9,7	2,0,0	3,3,0	-2	-1
1396	3,10,2,3,1	0,3,0,0,0	0,5,1	0,0,0	-2	-1
1397	7,3,3,6,5	1,0,0,0,0	2,4,0	0,0,0	-2	-1
1398	16,10,8,17,13	0,2,2,1,0	13,15,7	3,1,0	-2	-1
1399	109,48,75,80,67	16,11,9,14,12	49,42,17	13,6,3	-2	-1
1400	1,7,8,13,3	2,0,0,5,1	8,0,0	0,0,0	-2	-1
1402	1,0,2,0,2	0,0,1,0,0	1,0,0	0,0,0	-2	-1
1403	18,13,42,13,18	226,338,348,205,199	5,8,5	106,135,109	-2	-1
1404	3,5,0,2,0	5,0,0,3,0	0,0,0	2,0,1	-2	-1
1405	0,0,0,0,0	2,1,6,9,1	0,0,1	2,0,0	-2	-1
1406	0,3,0,0,0	9,11,22,23,10	1,0,0	9,8,10	-2	-1
1407	64,52,54,63,49	44,41,59,50,30	33,51,40	19,25,21	-2	-1
1412	2,0,0,2,1	67,103,51,50,41	3,0,3	43,92,80	-2	-1
1413	17,14,20,18,13	0,0,1,0,0	12,29,19	0,0,0	-2	-1
1414	43,46,53,41,35	1,0,0,0,3	38,22,18	0,0,0	-2	-1
1416	5,5,8,2,5	1,5,3,0,0	1,2,1	0,0,0	-2	-1
1418	107,75,141,105,111	3,3,0,0,5	62,106,98	1,2,1	-2	-1
1419	175,167,177,160,139	0,0,0,0,2	99,215,176	0,0,0	-2	-1
1420	0,0,0,0,0	1,1,0,0,0	1,0,0	0,0,0	-2	-1
1421	5,4,6,2,6	2,0,7,5,1	0,0,0	3,3,1	-2	-1
1423	95,72,75,52,83	1,0,0,0,0	118,72,69	0,0,0	-2	-1
1425	36,7,20,12,9	13,12,12,13,9	14,6,10	12,6,12	-2	-1
1430	28,19,24,22,12	1,0,0,3,1	11,15,14	0,1,0	-2	-1
1432	52,27,60,41,42	0,1,0,0,0	17,24,16	0,0,0	-2	-1
1435	6,4,6,2,2	5,5,1,0,0	0,2,4	1,0,0	-2	-1
1436	0,0,2,3,1	0,0,0,0,0	0,1,0	0,1,0	-2	-1
1437	18,12,12,19,10	18,26,23,24,22	10,10,10	12,27,22	-2	-1
1438	0,0,1,0,0	18,26,23,24,22	0,0,0	12,27,22	-2	-1
1439	0,0,1,0,0	18,12,12,19,10	0,0,0	10,10,10	-2	-1
1440	14,7,15,5,8	1,0,2,5,0	4,0,0	8,0,2	-2	-1
1441	0,4,0,0,1	1,0,1,0,0	1,0,0	0,0,0	-2	-1
1442	2,0,0,0,0	4,3,1,6,0	0,0,0	0,0,5	-2	-1
1443	3,0,3,4,2	5,1,1,0,1	1,3,1	1,3,1	-2	-1
1446	3,0,3,2,3	0,0,0,7,5	1,1,4	3,2,1	-2	-1
1447	5,3,0,2,1	0,0,0,0,0	3,7,4	0,1,0	-2	-1
1448	10,13,14,13,13	12,18,29,26,11	7,9,17	27,17,22	-2	-1
1449	46,65,67,66,27	1,6,6,1,5	18,68,106	0,4,2	-2	-1
1455	25,20,25,27,22	3,1,6,1,7	16,10,6	1,0,3	-2	-1
1461	19,26,36,40,14	8,1,5,0,1	14,9,10	1,0,1	-2	-1
1462	1,0,1,3,1	1,0,1,2,0	0,1,0	2,2,6	-2	-1
1463	22,13,25,12,10	0,0,0,0,0	9,9,7	0,1,0	-2	-1
1466	14,5,17,24,14	0,0,0,0,1	4,3,3	0,0,0	-2	-1
1467	10,7,11,4,0	69,114,80,65,61	4,1,3	31,43,46	-2	-1
1468	0,0,0,0,0	0,1,0,1,0	0,0,1	0,0,0	-2	-1
1469	1,0,2,1,1	16,17,28,24,21	0,0,1	14,15,14	-2	-1
1472	2,1,5,2,4	3,0,0,2,0	0,0,1	0,0,0	-2	-1
1474	1,2,1,0,0	0,0,0,0,0	0,0,0	0,1,0	-2	-1
1475	6,0,4,1,2	0,0,0,1,0	6,2,1	0,0,0	-2	-1
1477	2,5,4,13,1	0,0,0,0,0	1,7,2	0,3,0	-2	-1
1478	144,176,103,137,93	0,2,0,0,0	126,276,259	0,0,1	-2	-1
1479	0,0,1,0,0	3,0,4,3,1	0,0,0	2,0,0	-2	-1
1480	6,3,9,6,3	0,0,0,0,0	1,0,0	0,0,2	-2	-1
1481	18,6,18,10,11	2,0,3,6,3	6,4,4	10,1,4	-2	-1
1482	26,3,20,13,20	0,0,0,1,0	12,15,9	0,0,0	-2	-1
1483	20,5,16,19,12	1,1,4,2,2	5,6,13	2,1,1	-2	-1
1485	2,6,4,8,3	102,83,108,90,77	2,6,1	53,38,22	-2	-1
1486	1,6,1,1,4	0,0,1,1,0	5,3,2	0,0,5	-2	-1
1487	0,0,0,0,0	5,0,6,6,2	1,0,0	2,1,3	-2	-1
1488	2,3,4,4,0	46,35,50,57,38	1,1,1	26,33,30	-2	-1
1489	13,34,35,47,24	6,3,1,2,0	24,28,30	0,0,1	-2	-1
1490	37,38,63,48,29	35,30,41,41,18	62,71,68	34,44,34	-2	-1
1492	7,0,6,5,8	5,1,5,8,2	10,9,22	5,7,9	-2	-1
1493	9,5,11,7,9	35,27,38,17,31	17,21,38	42,51,52	-2	-1
1494	18,14,10,12,11	213,238,298,212,170	19,14,15	209,314,433	-2	-1
1495	2,0,7,0,4	35,16,48,31,26	0,2,1	18,21,30	-2	-1
1496	0,1,0,0,1	95,105,133,102,86	0,3,0	34,67,80	-2	-1
1497	23,5,26,28,8	0,0,0,6,1	8,2,10	0,0,0	-2	-1
1498	0,0,1,0,0	77,55,65,67,57	0,1,0	65,40,42	-2	-1
1504	7,10,13,8,2	36,31,34,31,28	3,7,4	20,55,42	-2	-1
1505	109,100,119,92,80	0,0,1,0,0	95,100,98	0,0,0	-2	-1
1506	142,159,196,170,145	0,0,1,0,0	171,280,223	0,0,0	-2	-1
1507	148,166,199,172,148	109,100,119,92,80	173,285,226	95,100,98	-2	-1
1508	34,26,24,26,21	1,0,0,0,0	27,24,29	1,0,0	-2	-1
1509	133,165,140,142,108	13,1,8,7,8	123,110,83	6,1,3	-2	-1
1514	0,2,2,1,0	4,7,6,10,8	2,0,0	6,5,3	-2	-1
1516	22,16,34,27,19	0,1,0,0,0	19,41,20	0,0,0	-2	-1
1517	0,0,0,1,0	2,1,0,0,1	0,2,0	0,0,0	-2	-1
1522	1,4,6,3,3	0,1,0,1,0	2,0,0	0,0,3	-2	-1
1524	1,5,3,2,2	5,2,2,3,3	4,0,1	0,0,0	-2	-1
1526	55,47,73,44,65	0,0,3,2,2	28,27,32	0,0,0	-2	-1
1529	0,3,4,0,0	4,3,6,3,1	0,0,1	7,1,3	-2	-1
1531	1,0,1,1,0	0,0,1,0,0	0,1,0	0,1,0	-2	-1
1532	0,2,1,1,0	14,11,17,20,24	1,3,1	26,28,44	-2	-1
1533	0,0,0,0,0	45,34,24,39,16	0,1,2	14,42,34	-2	-1
1534	13,13,27,17,24	1,0,0,0,1	10,36,34	0,0,1	-2	-1
1535	34,62,26,21,23	3,1,7,1,2	27,16,14	1,1,4	-2	-1
1538	19,30,30,14,12	0,2,0,0,0	14,17,12	0,1,0	-2	-1
1539	8,6,9,1,10	11,26,16,1,13	4,1,1	16,8,6	-2	-1
1543	2,0,2,1,0	5,9,6,8,6	0,0,0	1,2,0	-2	-1
1544	42,28,49,34,28	3,0,6,3,5	25,10,13	2,5,0	-2	-1
1546	0,2,2,2,0	17,12,25,22,10	0,0,0	20,16,22	-2	-1
1547	93,149,117,95,74	0,0,1,0,0	60,164,151	0,0,0	-2	-1
1548	155,225,183,148,115	5,1,0,5,0	87,171,188	0,0,2	-2	-1
1549	242,291,280,212,146	0,0,1,0,0	126,154,154	0,0,0	-2	-1
1550	3,0,1,3,1	0,0,0,0,1	1,1,1	1,0,0	-2	-1
1551	93,112,91,68,60	158,175,200,178,93	20,20,31	93,66,77	-2	-1
1552	243,241,280,207,145	1,1,1,0,0	108,79,84	0,1,2	-2	-1
1553	120,111,114,96,72	3,1,3,1,3	86,106,102	2,3,0	-2	-1
1556	2,0,3,2,0	37,49,32,24,20	1,4,0	22,34,23	-2	-1
1557	1,0,0,0,1	24,9,21,26,17	0,0,1	14,18,5	-2	-1
1560	27,20,49,31,25	1,2,0,2,1	17,34,25	0,1,1	-2	-1
1561	31,7,27,20,5	3,3,1,0,0	13,46,42	1,4,4	-2	-1
1562	1,0,0,0,0	0,0,0,0,0	0,2,0	0,1,0	-2	-1
1564	0,0,3,1,1	8,12,13,21,23	0,0,1	1,5,12	-2	-1
1570	1,1,3,0,1	1,0,2,0,0	0,1,1	1,0,1	-2	-1
1572	7,10,6,10,3	0,0,2,4,0	5,0,1	0,0,0	-2	-1
1573	3,0,1,1,0	0,0,2,4,0	1,0,0	0,0,0	-2	-1
1574	8,6,10,1,3	20,25,34,16,15	10,7,10	18,13,32	-2	-1
1575	0,2,4,0,0	43,42,38,28,23	2,4,2	35,90,84	-2	-1
1584	2,1,2,0,0	60,79,56,48,40	2,3,0	31,46,38	-2	-1
1587	1,1,0,0,0	32,23,47,49,21	0,2,0	19,25,19	-2	-1
1589	2,0,2,0,1	10,6,12,11,7	0,1,0	7,6,3	-2	-1
1590	2,0,2,0,1	0,0,2,0,0	0,1,0	2,0,0	-2	-1
1591	10,6,12,11,7	0,0,2,0,0	7,6,3	2,0,0	-2	-1
1593	7,6,22,12,13	9,12,12,17,17	15,10,13	5,7,2	-2	-1
1597	4,10,9,10,3	117,58,96,98,70	2,3,4	40,63,29	-2	-1
1598	685,452,741,585,501	0,5,2,1,2	490,364,361	0,0,0	-2	-1
1599	0,0,0,0,0	3,9,1,5,5	4,1,0	3,5,1	-2	-1
1602	40,41,40,37,32	1,1,0,1,0	50,19,51	1,1,0	-2	-1
1605	6,16,10,4,9	29,46,26,43,31	10,3,5	37,31,28	-2	-1
1606	2,0,0,0,0	13,21,37,11,10	0,0,0	25,32,17	-2	-1
1607	9,49,16,5,8	87,238,124,43,123	1,18,26	27,142,120	-2	-1
1608	3,6,6,4,4	3,9,18,4,3	2,4,4	9,17,9	-2	-1
1611	1,2,0,3,1	0,2,1,0,0	1,0,3	0,0,0	-2	-1
1612	8,2,3,14,6	0,2,0,0,0	11,2,9	0,1,0	-2	-1
1613	2,0,3,2,2	10,2,16,6,5	2,1,2	10,5,6	-2	-1
1617	0,6,4,2,1	86,84,103,64,48	3,0,0	26,34,44	-2	-1
1618	1,6,4,3,1	86,84,103,64,48	3,0,0	26,34,44	-2	-1
1622	0,2,7,3,1	4,4,3,10,1	0,3,0	6,1,0	-2	-1
1623	0,2,7,3,1	0,0,0,0,0	0,3,0	3,0,0	-2	-1
1624	4,4,3,10,1	0,0,0,0,0	6,1,0	3,0,0	-2	-1
1625	0,0,1,1,1	3,2,4,4,0	1,0,0	0,0,0	-2	-1
1626	4,1,0,4,6	2,0,2,1,0	0,4,0	3,0,4	-2	-1
1630	0,0,0,0,0	15,5,14,11,14	1,0,0	4,4,1	-2	-1
1632	68,93,94,82,48	1,1,1,1,1	40,46,62	1,2,3	-2	-1
1634	370,528,451,398,303	0,0,0,0,0	374,778,626	0,2,0	-2	-1
1635	25,9,22,14,16	10,2,3,6,5	10,11,10	1,7,4	-2	-1
1638	2,0,4,0,0	0,0,0,0,0	1,4,3	3,1,0	-2	-1
1639	117,69,104,91,68	482,396,484,447,323	121,187,181	461,1016,973	-2	-1
1640	853,898,1067,926,688	0,0,0,0,0	739,1005,1015	0,0,1	-2	-1
1641	0,3,0,2,0	137,90,128,98,77	4,0,1	217,102,123	-2	-1
1643	102,77,117,74,74	0,0,2,0,1	159,123,166	1,0,1	-2	-1
1644	2,0,2,2,1	19,11,18,13,11	2,0,1	5,11,9	-2	-1
1646	21,5,14,28,15	3,0,2,0,1	14,17,10	0,0,1	-2	-1
1647	0,0,1,0,2	12,17,16,2,11	0,0,3	9,16,10	-2	-1
1649	0,0,2,1,0	12,18,25,30,11	0,0,0	13,10,11	-2	-1
1651	1,0,6,2,4	1,0,3,3,0	0,0,0	2,0,0	-2	-1
1653	4,7,9,5,1	2,1,1,3,1	5,10,14	1,1,4	-2	-1
1655	1898,2496,2335,2218,1699	0,0,0,1,0	1885,1660,1466	0,0,0	-2	-1
1660	0,0,5,0,0	0,0,1,1,0	0,1,0	0,0,0	-2	-1
1663	2,0,3,0,0	6,1,4,5,2	0,0,0	2,2,2	-2	-1
1665	1,4,3,0,0	25,30,22,29,24	1,1,0	15,6,3	-2	-1
1667	1,0,0,0,0	0,0,3,0,0	0,1,1	0,0,0	-2	-1
1668	0,0,1,1,0	0,0,2,0,0	1,0,0	0,0,1	-2	-1
1670	1,2,0,2,0	1,19,13,6,7	0,0,0	9,17,11	-2	-1
1672	16,9,22,10,7	0,0,0,2,0	6,6,9	0,0,0	-2	-1
1679	8,8,16,8,9	2,2,1,1,5	7,12,5	1,2,0	-2	-1
1680	3,2,3,1,1	0,0,0,0,1	1,1,1	0,0,0	-2	-1
1681	2,2,4,0,2	0,0,0,2,0	1,3,2	0,0,1	-2	-1
1682	26,28,34,12,11	0,0,1,0,0	26,24,16	0,0,0	-2	-1
1683	7,6,10,4,1	4,2,16,17,3	4,2,1	10,2,4	-2	-1
1684	9,12,7,4,5	3,0,1,0,3	8,6,9	0,0,0	-2	-1
1685	71,78,109,83,51	15,8,18,13,11	56,71,65	2,12,8	-2	-1
1686	7,10,7,6,0	1,0,0,0,0	1,0,0	0,0,0	-2	-1
1687	772,1079,1013,827,760	0,0,0,1,0	650,745,683	4,0,0	-2	-1
1688	1,0,1,1,1	0,0,3,0,0	2,0,0	1,0,0	-2	-1
1689	0,4,1,7,0	3,0,0,0,0	5,2,3	3,0,5	-2	-1
1690	1,1,7,1,1	0,0,0,0,0	0,0,0	0,1,0	-2	-1
1691	7,5,7,9,4	0,0,4,0,0	1,0,0	0,0,0	-2	-1
1692	27,32,24,32,23	1,0,0,0,0	12,15,10	0,0,0	-2	-1
1693	1,2,2,5,2	361,707,382,384,308	4,10,5	362,944,771	-2	-1
1694	4,4,1,5,2	0,2,4,1,0	1,1,3	1,0,1	-2	-1
1695	57,39,42,49,27	34,33,31,31,15	12,11,6	11,9,8	-2	-1
1697	7,7,12,11,10	1,4,3,3,1	1,5,1	1,1,0	-2	-1
1700	34,23,43,52,28	5,2,3,8,13	22,20,21	3,3,3	-2	-1
1701	26,9,25,39,19	7,0,1,0,1	24,35,35	0,1,1	-2	-1
1702	76,70,104,98,60	2,4,3,0,0	79,122,103	3,0,1	-2	-1
1704	6,1,0,0,4	65,56,79,87,48	4,2,0	46,38,51	-2	-1
1708	191,115,210,137,125	2,0,0,3,1	72,114,107	0,0,0	-2	-1
1711	52,38,67,40,36	2,0,0,0,2	24,39,45	0,0,2	-2	-1
1712	0,0,1,0,0	0,1,1,2,0	0,0,1	0,0,4	-2	-1
1713	7,9,10,9,15	7,3,5,6,4	4,5,7	2,8,3	-2	-1
1714	0,0,1,1,1	7,18,30,11,11	0,0,0	7,2,6	-2	-1
1715	16,11,17,12,7	0,0,0,0,0	8,11,9	0,2,0	-2	-1
1717	4,0,0,1,0	22,22,44,18,15	0,2,0	9,6,6	-2	-1
1719	35,31,56,33,19	38,18,65,12,17	10,3,4	2,0,1	-2	-1
1720	666,818,800,663,530	2,3,0,1,2	484,711,676	0,0,1	-2	-1
1721	0,0,0,1,0	0,0,2,1,1	0,0,0	0,2,2	-2	-1
1723	2,1,0,0,0	13,7,16,8,7	0,0,0	10,9,3	-2	-1
1724	1,1,1,0,0	9,12,10,9,18	0,1,1	2,2,5	-2	-1
1725	4,3,0,6,2	13,0,14,15,8	0,0,0	4,3,2	-2	-1
1726	3,0,1,0,2	2,2,4,7,0	0,0,0	0,1,2	-2	-1
1729	6,4,3,5,4	6,2,17,5,6	1,0,4	5,7,6	-2	-1
1730	13,4,12,13,5	5,0,7,10,5	2,5,2	0,0,0	-2	-1
1733	7,4,7,8,6	1,0,1,1,0	4,4,10	0,0,0	-2	-1
1735	19,7,15,9,2	15,2,5,15,6	16,10,30	9,8,10	-2	-1
1738	0,0,0,0,0	23,23,41,52,33	3,0,0	43,34,33	-2	-1
1739	18,20,21,8,26	0,2,2,3,1	14,12,13	0,0,0	-2	-1
1740	185,177,200,179,139	0,1,0,0,0	86,26,19	1,2,0	-2	-1
1743	63,51,103,67,71	30,12,42,29,31	61,51,53	12,22,19	-2	-1
1746	82,21,47,32,36	73,28,46,38,49	27,33,19	27,36,21	-2	-1
1748	0,0,0,0,1	63,108,69,84,70	0,3,1	69,77,82	-2	-1
1749	20,15,30,14,19	3,8,4,0,0	10,14,9	1,3,0	-2	-1
1752	50,41,59,49,36	18,33,30,29,22	53,53,52	41,28,33	-2	-1
1757	0,1,0,0,0	2,1,1,7,2	0,0,0	0,2,4	-2	-1
1762	29,29,33,25,9	1,0,0,0,0	8,18,27	0,0,1	-2	-1
1763	63,89,64,47,43	4,11,5,1,1	45,59,59	4,5,3	-2	-1
1765	7,16,17,7,11	0,0,0,0,1	2,15,15	0,2,0	-2	-1
1768	3,0,0,0,0	32,44,71,40,23	0,0,0	24,26,29	-2	-1
1772	19,13,14,5,9	0,0,1,0,0	3,6,0	0,0,0	-2	-1
1774	6,1,7,5,0	7,8,15,12,6	1,2,2	2,6,4	-2	-1
1780	171,89,210,173,137	6,6,9,15,8	88,84,79	5,6,1	-2	-1
1781	1176,832,1047,953,829	0,0,0,0,1	1683,2215,1822	0,0,0	-2	-1
1786	65,63,84,43,73	9,2,9,5,6	19,18,10	4,2,0	-2	-1
1788	2,4,10,8,4	2,0,0,0,0	8,3,3	0,0,0	-2	-1
1793	5,1,5,9,2	0,0,0,1,0	4,0,1	0,0,0	-2	-1
1796	24,16,20,19,16	9,9,27,4,8	23,20,21	12,18,17	-2	-1
1809	0,0,0,1,0	42,29,47,26,23	3,0,0	16,3,8	-2	-1
1812	0,0,0,0,0	31,83,73,41,29	0,0,1	28,58,51	-2	-1
1813	12,15,14,15,10	0,2,1,1,5	12,9,0	1,2,0	-2	-1
1814	12,19,20,23,11	9,11,16,3,8	13,11,4	6,8,2	-2	-1
1815	0,6,7,9,6	9,11,16,3,8	2,4,4	6,8,2	-2	-1
1817	39,12,23,22,22	62,61,116,100,82	9,5,9	61,45,43	-2	-1
1822	28,48,27,35,14	0,6,3,6,2	30,5,7	3,0,0	-2	-1
1823	2,0,0,0,0	0,0,0,1,0	0,0,0	0,1,0	-2	-1
1825	10,4,8,13,8	6,2,5,1,1	5,9,10	0,3,1	-2	-1
1827	15,12,20,12,12	4,0,1,0,0	11,25,12	1,0,0	-2	-1
1829	0,0,3,0,0	0,0,0,2,0	1,0,0	0,0,0	-2	-1
1830	6,0,0,0,0	0,0,1,0,0	0,4,2	0,0,0	-2	-1
1831	24,11,40,16,16	8,3,5,1,5	5,13,8	0,6,4	-2	-1
1834	0,0,0,0,0	29,19,37,35,23	2,0,0	4,17,13	-2	-1
1835	5,9,3,4,7	0,0,0,0,0	4,6,8	0,1,1	-2	-1
1837	12,12,21,24,19	2,0,0,1,0	7,11,19	0,0,0	-2	-1
1841	3,2,7,2,1	161,270,201,198,136	3,2,2	157,163,160	-2	-1
1842	674,601,614,452,476	5,5,2,2,2	201,136,136	2,0,0	-2	-1
1845	10,5,8,20,4	0,0,0,0,0	4,18,12	0,1,0	-2	-1
1849	14,7,15,6,31	6,3,4,1,7	4,15,10	2,3,5	-2	-1
1852	13,5,20,9,9	18,6,31,17,14	7,4,6	10,6,6	-2	-1
1854	16,11,30,40,20	10,17,5,7,3	25,6,8	2,6,11	-2	-1
1859	26,16,26,16,32	87,54,66,52,62	10,18,20	31,45,19	-2	-1
1860	5,2,5,5,18	87,54,66,52,62	11,11,8	31,45,19	-2	-1
1862	6,0,3,6,2	18,5,10,7,6	2,0,0	3,6,0	-2	-1
1863	95,63,83,61,61	0,0,0,0,0	33,42,35	1,0,0	-2	-1
1864	5,7,16,3,6	1,0,0,4,0	7,3,3	0,0,0	-2	-1
1865	4,2,4,2,6	11,23,14,4,10	1,3,1	6,6,8	-2	-1
1869	6,7,6,12,4	333,209,243,279,197	4,8,4	298,201,159	-2	-1
1870	5,7,3,7,6	295,188,204,197,139	14,5,3	266,180,171	-2	-1
1871	2,0,0,2,0	8,2,5,15,7	1,0,3	3,15,3	-2	-1
1874	7,8,12,7,4	21,39,41,20,15	4,2,5	7,9,10	-2	-1
1875	0,0,1,0,0	0,0,1,2,0	0,0,0	0,2,0	-2	-1
1877	2,1,0,1,5	112,140,113,103,110	0,0,0	58,18,27	-2	-1
1879	7,8,14,9,10	0,0,0,3,2	8,10,1	0,0,0	-2	-1
1880	10,3,8,11,18	1,3,2,3,0	7,10,8	1,5,6	-2	-1
1887	27,6,14,22,9	9,2,4,4,5	18,11,9	10,0,1	-2	-1
1888	109,191,121,127,96	1433,2475,1609,1543,1322	126,119,106	1136,1398,1353	-2	-1
1889	4,3,14,11,6	0,4,3,0,4	4,8,12	3,3,4	-2	-1
1891	22,26,40,27,26	1,0,3,1,2	17,14,10	0,0,0	-2	-1
1893	0,0,0,2,0	0,0,1,0,0	0,0,0	0,0,1	-2	-1
1896	0,0,0,1,0	20,17,30,22,14	0,0,3	10,21,13	-2	-1
1897	3,1,11,6,3	1,3,1,4,1	5,6,7	3,7,5	-2	-1
1898	0,2,2,2,3	10,8,17,12,4	4,2,4	10,14,15	-2	-1
1899	2,4,3,3,3	5,6,3,5,5	4,3,2	9,7,12	-2	-1
1902	4,3,5,6,12	42,32,45,55,44	2,1,8	33,56,34	-2	-1
1903	33,40,44,28,48	3,0,3,4,1	26,25,12	1,1,2	-2	-1
1904	3,0,3,4,1	0,0,0,0,0	1,1,2	0,0,1	-2	-1
1905	1,0,0,0,0	37,47,33,62,36	1,1,4	72,110,109	-2	-1
1908	8,5,12,11,9	9,15,10,10,13	6,4,2	3,2,0	-2	-1
1911	0,0,0,0,0	12,7,11,17,8	0,0,1	7,13,6	-2	-1
1912	0,0,0,0,0	3,1,2,1,1	1,0,0	1,8,2	-2	-1
1913	0,0,1,0,0	34,23,57,46,31	0,1,0	41,37,36	-2	-1
1919	0,7,1,0,1	0,1,0,0,0	0,0,4	0,0,0	-2	-1
1923	2,7,1,3,3	3,1,1,3,1	1,4,8	0,2,1	-2	-1
1924	0,0,0,0,1	18,33,13,32,18	0,2,0	13,7,16	-2	-1
1925	5,7,5,11,3	0,0,3,1,0	5,0,3	1,0,0	-2	-1
1926	0,0,1,4,1	0,0,3,1,0	3,0,0	1,0,0	-2	-1
1932	19,18,14,7,9	59,43,70,32,30	4,7,6	19,36,29	-2	-1
1933	19,18,14,7,9	0,0,1,0,0	4,7,6	1,1,1	-2	-1
1934	59,43,70,32,30	0,0,1,0,0	19,36,29	1,1,1	-2	-1
1935	7,2,2,1,1	2,1,11,7,2	1,2,1	0,1,6	-2	-1
1936	7,3,4,7,1	1,2,0,0,2	3,0,0	0,0,0	-2	-1
1937	258,180,290,199,166	1,0,1,0,1	388,633,543	0,0,1	-2	-1
1940	60,61,80,53,62	17,13,15,18,17	24,25,25	9,5,3	-2	-1
1942	9,7,10,11,3	0,0,0,0,0	18,4,2	1,0,0	-2	-1
1945	3,11,3,4,9	3,0,0,6,0	7,3,7	2,4,0	-2	-1
1947	7,3,10,2,9	3,0,1,0,4	3,3,3	0,0,0	-2	-1
1948	2,0,0,3,1	1,0,0,0,0	1,0,2	0,0,0	-2	-1
1951	7,5,14,8,5	14,17,17,13,14	2,13,1	12,14,8	-2	-1
1955	0,0,0,3,0	0,1,0,1,0	0,1,0	3,2,2	-2	-1
1958	1,0,0,3,3	31,22,25,27,21	1,1,2	26,14,5	-2	-1
1959	10,33,28,25,17	0,1,0,0,0	11,18,21	0,0,0	-2	-1
1962	0,0,0,1,0	0,5,8,3,2	0,0,0	7,5,3	-2	-1
1966	23,16,38,35,25	0,0,1,0,0	18,14,24	2,0,0	-2	-1
1969	1,0,1,1,0	2,0,1,2,1	1,0,2	2,2,3	-2	-1
1974	31,29,47,46,41	0,0,1,4,1	14,8,16	0,1,0	-2	-1
1975	0,0,0,0,0	20,12,25,17,12	0,1,0	6,10,5	-2	-1
1979	5,1,5,11,6	78,46,79,50,61	5,4,4	38,65,40	-2	-1
1983	896,760,934,795,567	0,2,0,0,0	540,372,354	0,0,0	-2	-1
1984	26,20,27,23,12	345,365,381,381,230	9,15,19	248,320,330	-2	-1
1985	2253,3208,2429,1390,1342	0,1,0,0,0	90,49,26	0,0,0	-2	-1
1987	0,0,2,2,3	23,8,13,26,10	0,0,0	9,9,11	-2	-1
1988	18,10,9,7,9	56,58,93,56,61	9,12,6	74,62,49	-2	-1
1990	0,0,3,0,1	2,0,3,0,1	0,0,0	0,1,4	-2	-1
1991	2,3,0,1,3	15,11,32,5,7	5,2,6	8,7,8	-2	-1
1993	8,14,5,10,8	13,2,11,11,5	3,10,10	7,1,7	-2	-1
1994	2,1,3,1,1	0,0,3,0,0	2,1,2	0,1,0	-2	-1
1995	65,50,111,83,65	0,0,1,0,0	62,46,40	0,0,0	-2	-1
1996	65,50,111,83,65	21,18,29,17,21	62,46,40	14,12,8	-2	-1
1997	7,5,10,8,5	0,0,1,0,0	8,3,4	0,0,0	-2	-1
1998	0,0,3,0,3	23,21,22,5,11	2,0,0	6,12,8	-2	-1
1999	50,48,62,54,45	1,0,1,0,0	22,41,27	0,0,1	-2	-1
2007	0,0,0,0,0	14,10,17,11,13	0,0,5	5,8,9	-2	-1
2008	0,0,1,0,0	0,3,7,2,1	1,0,0	2,2,2	-2	-1
2010	45,67,66,61,45	0,0,0,0,0	48,73,72	0,1,1	-2	-1
2011	33,23,43,42,21	0,0,0,0,0	47,86,89	0,2,1	-2	-1
2015	15,6,41,25,23	34,25,50,44,19	5,1,3	10,3,2	-2	-1
2016	6,17,21,6,5	0,0,1,0,0	2,12,18	0,0,0	-2	-1
2018	3,3,3,2,0	14,6,26,7,10	0,1,0	6,1,3	-2	-1
2019	0,0,0,0,1	1,0,0,0,0	1,0,0	2,0,3	-2	-1
2026	27,35,31,22,20	0,0,2,0,0	23,43,44	0,1,0	-2	-1
2034	7,12,12,9,6	0,2,0,3,0	1,2,1	1,0,1	-2	-1
2036	0,0,4,2,0	0,0,1,1,3	0,1,1	1,2,3	-2	-1
2037	50,28,58,20,40	97,61,65,94,96	17,17,18	49,15,25	-2	-1
2038	4,3,0,1,1	92,118,140,77,101	2,6,3	99,99,89	-2	-1
2039	31,31,32,26,32	2,0,0,1,0	26,17,12	0,0,0	-2	-1
2040	1,0,0,0,0	9,5,6,5,12	0,0,0	10,9,5	-2	-1
2041	4,7,4,10,4	0,1,0,2,1	1,1,3	0,0,0	-2	-1
2047	56,47,102,62,46	0,1,1,0,2	48,31,21	0,0,0	-2	-1
2048	3,3,2,10,6	2,0,0,1,0	2,6,4	0,1,0	-2	-1
2050	0,0,0,0,0	0,0,0,1,0	0,1,0	0,0,0	-2	-1
2051	3,0,1,0,0	3,1,13,8,7	0,0,0	3,8,3	-2	-1
2052	187,192,181,174,166	1,0,3,1,0	179,235,218	0,0,3	-2	-1
2053	0,1,1,1,3	25,9,25,22,15	1,4,2	6,8,11	-2	-1
2054	22,8,18,14,5	0,0,0,0,1	8,11,2	1,1,1	-2	-1
2056	1,0,3,0,0	6,4,2,5,6	1,0,1	0,5,2	-2	-1
2058	16,22,26,18,4	1,1,1,1,0	11,18,14	1,0,0	-2	-1
2059	122,68,96,89,83	1,1,1,1,0	94,65,56	1,0,0	-2	-1
2060	107,46,70,71,79	1,0,0,0,0	83,47,43	0,0,1	-2	-1
2064	15,5,16,24,8	1,1,4,3,0	6,8,5	0,0,1	-2	-1
2065	2,4,7,5,3	1,1,10,2,5	3,0,0	2,0,0	-2	-1
2069	0,2,0,1,0	14,4,13,7,10	0,0,1	6,11,3	-2	-1
2071	1,0,4,0,1	69,78,71,62,47	1,0,1	51,34,36	-2	-1
2074	5,6,3,12,2	0,1,1,4,1	1,15,12	2,1,0	-2	-1
2075	0,0,1,1,0	0,0,0,0,0	2,3,2	0,0,1	-2	-1
2081	2,2,2,0,1	8,12,20,5,3	0,4,2	4,4,7	-2	-1
2082	36,33,47,52,33	11,10,19,12,6	14,7,5	3,0,3	-2	-1
2089	3,0,1,0,0	1,1,0,6,0	0,0,1	0,3,0	-2	-1
2090	7,10,12,10,0	0,0,0,0,0	10,3,6	1,0,0	-2	-1
2092	7,5,4,3,1	1,0,0,0,0	0,1,0	0,0,3	-2	-1
2093	9,5,6,3,1	1,0,6,0,1	0,1,0	1,0,0	-2	-1
2095	3,0,2,0,0	1,0,6,0,1	0,0,3	1,0,0	-2	-1
2098	4,1,4,2,1	0,1,1,1,0	0,1,1	0,2,0	-2	-1
2100	1,0,2,1,0	37,27,30,27,15	1,0,0	37,46,40	-2	-1
2101	9,6,10,10,9	0,0,0,0,0	8,14,21	1,0,0	-2	-1
2102	55,46,70,50,30	3,2,3,0,0	38,39,38	1,2,4	-2	-1
2103	25,13,33,24,22	6,0,0,1,0	198,200,235	7,1,0	-2	-1
2104	25,13,33,24,22	0,0,0,0,0	198,200,235	1,0,0	-2	-1
2110	9,4,11,3,2	14,15,16,18,8	3,0,2	4,8,14	-2	-1
2111	7,4,7,4,5	0,0,0,0,0	2,8,1	0,0,1	-2	-1
2115	3,2,7,5,3	4,2,10,10,2	0,0,2	5,1,2	-2	-1
2116	14,18,19,27,17	1,0,1,0,0	19,45,35	0,1,1	-2	-1
2118	14,11,20,8,4	153,133,186,119,105	8,5,7	85,54,41	-2	-1
2120	49,45,60,43,38	1,0,0,0,0	28,11,17	0,0,0	-2	-1
2122	20,10,7,8,11	0,0,0,0,0	7,4,4	0,0,1	-2	-1
2123	0,0,0,0,0	0,0,3,2,0	1,2,0	0,0,0	-2	-1
2124	0,0,0,3,0	215,98,180,109,120	0,0,0	83,23,35	-2	-1
2127	13,9,4,5,5	22,11,21,13,10	7,24,11	3,14,15	-2	-1
2129	25,10,30,32,12	1,0,1,0,1	20,36,40	0,2,0	-2	-1
2130	1,1,1,1,1	0,0,0,1,0	0,0,0	2,0,0	-2	-1
2132	2,1,1,5,1	0,0,0,0,0	4,6,1	0,0,1	-2	-1
2135	63,43,77,63,35	8,1,6,7,4	14,23,28	3,1,8	-2	-1
2139	15,9,38,30,15	24,23,27,43,20	13,31,23	23,31,26	-2	-1
2140	35,15,31,28,29	91,51,86,79,58	9,26,13	48,45,39	-2	-1
2141	9,3,6,3,4	0,1,0,0,0	2,5,2	0,0,0	-2	-1
2142	0,0,0,0,0	21,9,16,11,11	1,0,1	10,10,11	-2	-1
2145	3,0,2,3,0	2,4,4,9,9	3,0,0	5,3,1	-2	-1
2148	40,21,55,34,21	1,0,2,0,2	18,19,28	0,2,0	-2	-1
2149	65,97,74,71,63	0,4,0,0,0	47,57,48	0,0,1	-2	-1
2150	11,5,7,7,3	7,6,5,7,2	0,11,3	6,6,6	-2	-1
2151	56,49,59,58,44	0,0,1,1,0	31,22,26	0,0,0	-2	-1
2152	2,0,5,1,0	36,26,41,25,14	0,2,3	16,9,4	-2	-1
2153	1,2,0,0,0	6,5,5,9,5	4,1,1	2,2,0	-2	-1
2154	0,0,1,0,0	16,22,25,20,13	0,0,0	10,9,5	-2	-1
2155	20,25,33,28,24	5,10,6,4,4	16,9,14	2,8,6	-2	-1
2158	4,0,6,0,6	39,31,60,54,35	5,2,5	37,41,38	-2	-1
2159	462,59,217,318,337	29,5,23,15,24	346,158,128	16,5,8	-2	-1
2160	53,7,10,61,41	29,5,23,15,24	22,15,8	16,5,8	-2	-1
2161	53,7,10,61,41	462,59,217,318,337	22,15,8	346,158,128	-2	-1
2163	314,402,407,331,245	0,0,2,0,0	138,130,111	0,0,0	-2	-1
2165	6,3,6,5,4	1,0,1,0,0	6,4,7	0,0,0	-2	-1
2166	12,3,7,4,7	10,11,14,6,7	1,11,15	4,13,14	-2	-1
2171	0,0,0,0,0	60,57,53,68,37	1,0,0	33,26,24	-2	-1
2173	3,3,5,3,3	0,0,0,0,0	2,6,6	0,0,1	-2	-1
2175	1,3,3,0,2	9,3,13,21,9	0,1,0	8,8,11	-2	-1
2176	0,4,5,2,2	4,7,7,7,3	0,2,1	1,1,7	-2	-1
2177	8,16,17,16,11	1,0,0,2,1	3,7,9	0,0,0	-2	-1
2178	1,0,0,2,0	1,0,2,1,0	0,0,0	0,0,1	-2	-1
2179	0,0,0,0,0	1,0,2,1,0	1,0,0	0,0,1	-2	-1
2180	6,24,16,17,12	1,0,2,1,0	2,9,5	0,0,1	-2	-1
2181	0,0,0,0,0	1,0,0,2,0	1,0,0	0,0,0	-2	-1
2182	6,24,16,17,12	1,0,0,2,0	2,9,5	0,0,0	-2	-1
2183	6,24,16,17,12	0,0,0,0,0	2,9,5	1,0,0	-2	-1
2184	33,44,51,46,33	134,107,140,127,102	17,16,18	37,49,60	-2	-1
2185	54,60,51,28,32	0,0,0,2,0	29,29,28	1,0,0	-2	-1
2186	1,0,0,0,0	72,82,82,79,67	0,0,0	53,66,38	-2	-1
2188	25,6,21,10,12	84,80,116,49,70	5,3,1	21,7,14	-2	-1
2189	38,35,18,50,38	5,0,6,1,5	16,68,61	1,2,3	-2	-1
2191	0,0,1,0,0	75,83,106,68,57	0,0,0	62,81,75	-2	-1
2193	26,6,8,4,10	1,0,0,0,0	5,7,15	0,0,0	-2	-1
2194	168,127,241,132,129	6,1,6,4,5	87,159,126	7,6,2	-2	-1
2197	0,0,1,0,0	9,9,25,9,6	0,0,0	6,4,2	-2	-1
2198	0,0,2,0,1	17,6,11,18,9	0,0,1	11,9,8	-2	-1
2200	15,16,19,28,19	2,0,2,0,1	9,8,11	0,1,0	-2	-1
2201	21,12,34,25,20	8,2,3,6,8	5,11,7	1,5,0	-2	-1
2202	8,7,5,12,4	11,9,4,1,2	3,11,2	1,0,0	-2	-1
2205	120,108,161,107,94	0,0,1,0,0	70,73,59	0,1,0	-2	-1
2206	57,50,65,65,52	0,1,2,0,0	44,58,40	0,1,1	-2	-1
2213	1,0,1,0,3	4,5,11,7,7	2,2,2	3,7,0	-2	-1
2215	0,4,2,0,1	84,67,111,86,95	0,0,0	33,19,15	-2	-1
2216	5,1,10,4,3	0,3,1,0,0	4,5,11	0,0,3	-2	-1
2221	62,54,73,63,58	3,5,2,5,0	19,42,38	0,1,0	-2	-1
2226	13,22,17,7,6	0,0,0,2,0	7,4,7	0,0,0	-2	-1
2227	0,2,1,0,0	10,6,14,11,6	0,3,0	3,3,5	-2	-1
2228	1,0,0,0,0	28,18,22,14,21	0,0,1	8,17,11	-2	-1
2229	289,230,257,242,182	9,3,8,7,3	162,123,130	5,9,3	-2	-1
2230	60,38,98,66,47	5,2,7,1,4	36,21,22	2,1,4	-2	-1
2231	32,37,33,20,13	0,3,0,0,0	10,8,4	0,0,0	-2	-1
2234	0,0,0,0,0	4,1,0,3,0	1,0,0	3,0,0	-2	-1
2235	7,2,14,5,13	100,59,105,70,93	6,2,0	65,35,41	-2	-1
2236	7,1,6,2,5	0,1,0,4,0	1,2,6	0,0,0	-2	-1
2237	0,1,0,0,0	0,1,0,1,0	1,1,2	0,0,0	-2	-1
2238	2,3,0,1,0	1,0,0,0,0	2,8,2	0,5,0	-2	-1
2240	2,2,1,1,5	11,2,7,4,11	0,1,1	9,9,12	-2	-1
2241	38,29,55,33,26	7,23,14,15,7	13,13,7	4,5,3	-2	-1
2244	27,17,10,28,19	6,3,5,6,2	16,23,14	0,0,1	-2	-1
2245	0,1,0,0,0	8,5,8,15,2	0,0,0	2,4,9	-2	-1
2246	0,2,0,0,0	5,3,7,9,2	0,0,0	1,4,6	-2	-1
2253	1,0,1,0,0	4,0,3,1,4	0,1,0	6,4,1	-2	-1
2254	4,0,1,3,1	67,62,104,77,56	0,0,2	67,81,68	-2	-1
2256	1,1,0,0,2	3,2,6,1,0	0,1,0	0,0,0	-2	-1
2257	0,0,1,0,2	5,0,2,1,5	0,0,0	1,1,0	-2	-1
2258	121,45,95,60,70	75,82,103,60,56	74,45,23	60,43,55	-2	-1
2259	89,94,151,110,91	0,0,0,0,1	91,173,141	0,0,0	-2	-1
2261	5,4,5,8,8	0,0,0,0,0	2,5,3	0,1,0	-2	-1
2264	2,2,11,5,2	0,2,6,3,1	0,1,0	0,4,2	-2	-1
2265	15,13,12,18,16	60,31,26,23,29	12,20,19	27,46,41	-2	-1
2266	0,2,0,2,0	30,62,30,47,21	1,1,2	19,27,30	-2	-1
2272	34,8,16,30,16	4,1,0,2,1	6,11,2	0,0,0	-2	-1
2273	1,0,0,0,3	8,3,7,2,3	0,0,0	2,1,0	-2	-1
2274	154,108,186,159,120	0,1,1,2,1	87,56,51	1,0,0	-2	-1
2275	12,0,6,11,5	3,0,9,4,2	0,11,5	6,7,2	-2	-1
2276	2,6,13,6,1	11,8,19,16,14	0,9,1	4,11,19	-2	-1
2278	65,63,88,63,53	1,0,0,1,2	35,19,25	1,0,0	-2	-1
2279	1,0,0,3,0	9,6,7,5,6	0,4,1	0,2,3	-2	-1
2280	149,143,175,149,131	0,0,0,0,1	106,125,109	0,0,0	-2	-1
2281	1,0,0,0,5	47,31,80,50,29	1,0,1	34,38,59	-2	-1
2285	0,4,0,2,4	7,6,4,7,5	1,1,0	2,13,16	-2	-1
2288	0,1,3,2,0	41,21,36,18,18	0,1,0	16,8,6	-2	-1
2289	2,0,3,0,0	3,1,6,8,6	0,1,1	1,6,7	-2	-1
2290	27,27,40,40,23	1,1,2,2,0	16,10,14	0,0,1	-2	-1
2292	0,0,0,0,0	4,1,4,7,1	3,0,0	0,0,1	-2	-1
2296	41,19,26,43,54	4,1,0,1,0	15,26,12	0,0,0	-2	-1
2300	1,0,5,4,4	33,24,31,39,27	0,2,5	28,23,22	-2	-1
2301	1,0,0,0,0	31,37,66,51,23	0,0,0	31,18,16	-2	-1
2305	5,7,6,5,0	51,55,105,49,55	4,0,0	36,39,20	-2	-1
2306	0,0,2,0,2	22,23,25,15,24	0,0,1	9,10,3	-2	-1
2309	7,1,2,4,3	57,56,74,48,41	0,1,2	25,32,33	-2	-1
2311	118,85,133,101,81	3,0,0,0,1	116,219,218	1,0,2	-2	-1
2312	4,7,1,1,1	53,34,85,72,49	3,11,7	28,25,33	-2	-1
2314	3,0,0,1,0	4,1,3,3,3	0,0,3	4,2,1	-2	-1
2315	3,3,7,9,5	94,83,90,92,50	1,5,4	43,49,35	-2	-1
2322	2,0,2,6,2	0,3,0,2,0	0,0,5	0,0,0	-2	-1
2323	18,15,21,25,17	2,0,0,0,0	4,11,2	0,0,0	-2	-1
2329	2,0,0,2,0	20,16,40,27,12	0,0,0	15,1,4	-2	-1
2330	1,0,0,0,1	10,1,5,0,2	0,0,0	1,0,2	-2	-1
2332	1,0,0,0,0	3,4,10,2,3	1,0,0	0,2,4	-2	-1
2333	1,0,5,6,3	0,0,0,1,0	3,0,0	0,0,0	-2	-1
2334	111,113,125,72,94	0,0,2,0,1	73,122,130	0,2,0	-2	-1
2343	1,5,2,0,0	176,221,230,199,174	2,1,1	124,119,135	-2	-1
2344	141,168,185,172,133	2,1,0,2,0	100,90,117	0,0,0	-2	-1
2345	148,175,186,172,133	3,0,2,1,1	105,94,123	1,6,1	-2	-1
2346	247,256,292,268,226	1,0,2,0,3	193,216,238	0,1,2	-2	-1
2347	140,168,185,172,133	0,0,0,0,1	102,90,118	0,0,0	-2	-1
2348	0,0,0,1,0	0,2,0,1,0	0,0,0	0,3,4	-2	-1
2350	23,22,35,40,28	1,1,6,1,0	25,14,14	0,2,1	-2	-1
2351	14,22,34,23,16	2,3,0,1,0	13,20,20	0,0,0	-2	-1
2352	105,150,173,126,97	0,0,0,0,0	107,88,101	1,0,0	-2	-1
2353	2,3,1,3,0	15,25,13,16,4	1,2,3	3,7,9	-2	-1
2355	8,11,6,8,4	0,1,0,1,0	5,3,7	0,0,0	-2	-1
2356	11,1,6,12,9	0,0,0,1,0	3,1,4	0,0,0	-2	-1
2357	88,34,104,63,78	1,0,0,1,1	127,166,114	7,6,5	-2	-1
2358	1,0,0,1,0	3,1,1,2,1	0,0,1	0,2,1	-2	-1
2359	3,0,0,1,0	0,1,3,1,0	0,0,0	2,0,0	-2	-1
2360	10,1,13,5,8	0,0,2,2,1	3,2,0	1,1,0	-2	-1
2364	211,137,180,155,171	16,2,6,12,4	81,77,67	2,2,2	-2	-1
2365	1,1,0,1,0	21,19,23,30,27	0,1,0	12,20,24	-2	-1
2366	0,1,4,4,2	0,0,1,0,0	2,0,1	0,0,0	-2	-1
2375	3,0,0,0,0	7,3,14,17,6	1,0,0	12,5,5	-2	-1
2377	109,83,152,116,82	0,1,3,1,0	72,75,89	0,0,0	-2	-1
2378	0,0,0,0,1	2,4,3,3,0	0,0,1	0,0,3	-2	-1
2379	1,1,1,0,0	1,0,3,6,3	0,0,0	2,1,7	-2	-1
2382	58,51,87,89,31	2,0,2,0,0	16,11,11	0,0,0	-2	-1
2383	39,87,67,42,50	0,0,0,2,0	37,53,81	0,1,0	-2	-1
2384	0,1,0,3,0	0,2,3,1,0	0,0,0	1,0,3	-2	-1
2385	118,54,100,78,60	3,3,1,3,3	74,41,40	3,5,6	-2	-1
2386	118,54,100,78,60	2,0,4,3,0	74,41,40	0,1,1	-2	-1
2387	3,3,1,3,3	2,0,4,3,0	3,5,6	0,1,1	-2	-1
2391	0,8,3,1,0	0,0,0,0,1	0,3,1	0,0,0	-2	-1
2392	0,0,0,0,0	5,8,10,2,3	1,0,0	4,8,9	-2	-1
2395	9,3,10,5,2	0,0,0,1,0	6,8,9	0,0,0	-2	-1
2400	8,0,3,3,7	1,0,1,1,0	0,4,5	1,0,4	-2	-1
2403	3,6,5,5,4	2,6,3,2,0	2,2,0	0,1,1	-2	-1
2405	8,4,15,14,3	1,2,3,4,3	4,2,1	1,0,0	-2	-1
2410	0,0,0,0,0	30,25,42,27,21	1,0,0	23,16,9	-2	-1
2415	8,0,2,8,1	20,11,27,9,8	5,3,0	6,7,6	-2	-1
2416	31,20,21,15,20	0,0,0,0,1	8,12,10	0,0,0	-2	-1
2417	5,5,19,6,5	25,21,55,40,31	4,12,11	21,40,22	-2	-1
2418	32,42,49,37,28	2,10,11,2,5	35,20,20	7,4,4	-2	-1
2420	8,13,3,4,7	4,7,3,12,6	4,7,3	4,4,8	-2	-1
2422	0,0,0,0,0	9,3,10,10,5	0,2,0	2,4,3	-2	-1
2423	2,0,4,2,2	1,1,3,2,1	3,3,0	0,1,1	-2	-1
2424	0,2,0,0,0	0,0,0,0,0	0,0,0	3,3,4	-2	-1
2427	198,184,246,215,154	5,2,7,3,7	102,60,65	0,6,0	-2	-1
2428	8,4,3,3,2	30,20,46,29,20	1,3,4	11,15,17	-2	-1
2439	0,0,1,0,0	0,2,0,0,0	0,1,0	0,0,0	-2	-1
2441	10,6,10,4,4	0,0,2,0,0	5,4,2	0,1,1	-2	-1
2446	7,5,8,4,11	4,1,6,0,1	2,3,5	0,4,1	-2	-1
2447	27,21,32,25,22	46,42,34,48,48	33,20,20	31,18,19	-2	-1
2449	0,1,1,0,0	64,92,58,64,42	0,4,2	34,134,134	-2	-1
2450	39,31,46,39,22	22,13,34,26,20	23,21,16	11,17,17	-2	-1
2452	7,5,14,14,3	1,1,2,0,0	7,12,13	0,2,2	-2	-1
2453	18,8,31,21,9	0,0,2,2,0	6,1,4	2,0,1	-2	-1
2456	1,0,0,0,0	627,618,696,503,486	4,0,0	353,287,276	-2	-1
2458	5,1,2,0,2	15,9,12,6,6	0,0,0	1,3,5	-2	-1
2459	5,10,3,3,6	0,1,0,0,0	0,1,1	0,0,1	-2	-1
2464	2,0,0,0,0	20,19,21,13,13	0,0,0	10,14,14	-2	-1
2469	10,21,35,32,14	3,1,5,4,0	24,13,16	3,0,0	-2	-1
2473	32,38,49,43,31	0,0,0,1,0	14,14,17	0,0,0	-2	-1
2479	1,0,3,2,0	1,0,0,0,1	0,3,2	0,0,1	-2	-1
2481	11,6,11,25,8	2,4,1,5,2	13,12,16	3,3,4	-2	-1
2486	0,0,0,1,3	4,3,0,5,1	1,2,0	1,2,1	-2	-1
2487	1,1,1,2,3	0,0,0,1,0	5,2,1	0,1,0	-2	-1
2490	2,2,0,3,1	23,16,8,7,6	1,1,1	10,11,12	-2	-1
2491	7,4,7,7,5	2,0,0,0,0	1,4,1	0,0,0	-2	-1
2493	0,0,0,1,0	0,1,2,1,0	0,0,0	2,1,0	-2	-1
2495	1,6,1,2,1	0,0,0,1,0	0,2,1	0,0,0	-2	-1
2496	55,67,61,49,43	0,1,1,3,0	39,42,23	2,0,1	-2	-1
2497	56,73,62,51,44	1,0,0,0,0	39,43,24	0,0,0	-2	-1
2498	1,7,2,5,1	1,0,0,0,0	2,1,2	0,0,0	-2	-1
2499	3,1,1,2,1	34,44,36,41,32	0,1,5	37,22,19	-2	-1
2500	1,0,0,0,0	27,20,17,21,6	0,0,0	25,3,5	-2	-1
2501	13,12,15,11,19	3,3,3,5,1	4,15,14	5,4,6	-2	-1
2503	0,0,1,0,1	17,11,20,26,12	0,0,0	18,6,17	-2	-1
2504	27,18,26,16,17	10,9,6,11,9	7,8,11	0,11,2	-2	-1
2505	4,2,9,2,2	0,0,1,0,1	0,2,3	0,0,0	-2	-1
2506	4,5,5,1,0	20,13,16,9,9	3,1,1	6,8,6	-2	-1
2509	4,3,8,4,8	0,0,0,1,0	0,3,0	0,0,0	-2	-1
2515	43,47,74,38,32	60,45,109,67,65	12,26,20	27,41,52	-2	-1
2519	0,2,1,4,0	1,0,0,0,0	0,4,2	0,0,1	-2	-1
2520	0,0,1,0,0	0,1,2,2,0	0,4,0	3,1,0	-2	-1
2521	0,0,0,0,0	2,1,1,0,0	1,0,0	0,1,0	-2	-1
2523	0,7,1,1,2	19,17,31,21,20	4,3,1	19,15,22	-2	-1
2527	19,12,36,20,18	26,21,50,27,15	6,11,17	10,14,7	-2	-1
2530	434,384,401,406,303	2,4,1,3,1	187,197,153	0,0,0	-2	-1
2531	0,0,0,0,1	25,33,55,28,26	0,0,0	16,23,31	-2	-1
2533	23,15,19,30,14	3,1,11,5,3	10,9,6	0,3,1	-2	-1
2534	5,14,25,12,11	10,4,11,7,7	7,7,20	5,2,5	-2	-1
2535	17,16,27,33,30	73,74,85,87,83	16,26,16	53,38,56	-2	-1
2537	41,35,42,41,22	2,5,10,7,1	22,36,26	3,2,5	-2	-1
2538	6,5,0,3,2	17,36,28,34,17	0,1,1	8,26,14	-2	-1
2539	1,0,0,0,0	13,11,7,10,14	0,0,0	7,3,4	-2	-1
2540	31,19,28,14,11	1,2,1,1,0	18,46,44	2,3,0	-2	-1
2541	7,10,15,10,6	1,2,0,0,0	10,14,11	1,0,0	-2	-1
2542	9,4,18,8,8	15,16,24,22,21	4,0,0	14,9,4	-2	-1
2545	41,43,88,42,21	1,0,4,1,0	5,2,5	0,0,0	-2	-1
2546	0,3,1,0,1	6,0,7,2,3	0,2,0	3,5,6	-2	-1
2547	405,339,532,417,372	0,0,0,1,3	363,377,385	2,0,0	-2	-1
2550	6,0,0,0,2	9,0,2,4,3	3,1,1	6,4,5	-2	-1
2551	10,1,7,6,8	6,2,3,6,1	3,2,3	4,3,1	-2	-1
2552	8,2,14,10,6	0,0,0,1,0	4,2,4	0,0,0	-2	-1
2556	1,5,8,6,0	1,0,5,1,2	3,0,3	1,5,3	-2	-1
2557	0,2,1,3,0	0,0,1,1,0	0,3,0	0,5,3	-2	-1
2558	5,2,4,8,8	59,32,65,61,53	8,5,12	62,71,65	-2	-1
2561	4,5,4,1,0	1,0,1,1,0	1,5,5	0,2,1	-2	-1
2562	84,68,107,100,98	0,1,0,0,0	83,85,80	0,0,0	-2	-1
2565	1,1,4,1,3	98,47,163,138,71	3,3,0	81,60,48	-2	-1
2570	48,18,51,31,32	0,0,0,0,1	14,16,21	0,0,0	-2	-1
2574	195,269,179,160,137	2,1,4,1,1	118,218,223	0,0,2	-2	-1
2575	0,0,3,3,3	0,0,1,1,1	0,2,2	0,0,1	-2	-1
2576	0,1,0,0,0	0,0,0,0,0	0,0,0	1,0,0	-2	-1
2578	4,2,4,7,2	21,8,30,27,23	2,3,2	22,10,6	-2	-1
2579	1,0,0,0,0	7,2,4,10,3	0,0,0	1,11,8	-2	-1
2581	1,1,3,2,0	4,7,27,10,9	0,0,0	7,4,0	-2	-1
2582	1,1,2,4,0	31,16,55,35,16	0,0,1	7,2,3	-2	-1
2584	18,5,10,12,6	14,2,12,6,4	7,9,6	4,9,4	-2	-1
2586	67,46,89,63,36	0,0,1,0,0	32,41,33	0,0,0	-2	-1
2587	12,23,13,14,18	0,0,0,0,1	3,6,3	0,0,0	-2	-1
2590	114,196,128,180,127	2,1,2,2,0	84,140,119	2,1,1	-2	-1
2591	55,91,85,54,41	1,3,0,0,0	52,54,78	0,6,6	-2	-1
2592	2,1,4,2,0	57,78,67,61,39	1,1,4	39,71,78	-2	-1
2594	81,115,103,99,99	3,0,0,0,0	40,44,26	0,0,0	-2	-1
2596	0,0,0,1,1	0,0,0,0,0	1,0,2	0,2,1	-2	-1
2598	1596,2422,2611,2016,1580	0,0,1,0,0	1916,2830,2785	0,0,0	-2	-1
2601	1,0,1,3,0	0,4,2,0,0	2,0,0	0,0,0	-2	-1
2602	7,15,15,14,6	0,0,3,7,1	6,11,10	1,2,5	-2	-1
2604	0,0,2,1,0	0,2,2,0,1	0,1,3	4,4,3	-2	-1
2605	29,19,37,34,15	2,1,1,0,2	23,14,17	0,2,0	-2	-1
2606	1,0,0,0,0	2,3,2,3,0	0,0,0	0,1,0	-2	-1
2607	5,4,13,4,9	126,115,116,104,113	11,7,13	122,144,153	-2	-1
2612	1,0,1,1,0	1,7,20,10,14	0,0,0	4,3,4	-2	-1
2613	391,692,656,479,391	5,2,2,1,0	469,1034,935	6,11,9	-2	-1
2614	6,3,5,3,6	26,13,19,24,29	2,3,3	22,25,14	-2	-1
2615	7,5,19,15,18	5,3,10,2,3	7,3,4	10,1,2	-2	-1
2616	29,12,45,22,18	0,0,0,0,0	7,12,3	1,0,1	-2	-1
2619	4,5,2,0,0	3,0,1,0,2	1,3,0	2,0,4	-2	-1
2620	11,3,15,7,11	21,11,16,18,16	0,3,3	3,6,6	-2	-1
2621	12,8,17,9,10	3,1,0,4,5	7,6,1	1,2,5	-2	-1
2622	6,15,14,16,4	0,0,0,0,0	7,5,14	1,0,1	-2	-1
2623	16,36,49,42,27	30,38,40,40,24	15,22,24	21,29,39	-2	-1
2624	13,5,13,7,5	43,67,58,57,31	6,6,3	27,21,30	-2	-1
2627	3,3,9,18,8	0,0,0,0,0	7,3,1	0,0,3	-2	-1
2628	76,37,57,45,42	1,0,0,0,2	62,108,92	0,0,0	-2	-1
2629	24,28,23,10,4	53,37,57,54,25	11,9,9	25,22,31	-2	-1
2630	0,1,1,0,0	51,48,78,41,44	1,0,0	22,43,28	-2	-1
2633	28,15,20,24,21	99,111,121,113,57	16,8,3	45,18,20	-2	-1
2637	0,0,1,0,0	4,10,4,8,0	0,0,0	0,0,3	-2	-1
2642	13,46,34,23,21	0,3,0,0,0	1,7,3	0,0,0	-2	-1
2644	3,3,4,5,0	19,13,25,7,8	1,0,0	6,6,4	-2	-1
2645	0,0,0,0,0	6,6,17,16,6	0,1,0	9,2,6	-2	-1
2647	26,54,49,28,53	1,0,0,3,0	25,12,17	3,0,0	-2	-1
2648	0,0,0,1,0	34,37,35,38,21	1,0,0	25,15,9	-2	-1
2649	30,26,38,48,31	1,1,1,0,0	28,21,23	0,0,0	-2	-1
2651	0,3,2,3,3	2,5,4,8,1	2,0,1	2,1,2	-2	-1
2652	7,7,9,7,11	0,0,2,0,2	2,8,8	3,0,1	-2	-1
2653	1,3,3,0,1	32,51,29,32,31	1,1,1	22,22,15	-2	-1
2654	39,97,60,62,37	2,5,3,2,2	32,18,21	1,0,2	-2	-1
2657	1,0,0,5,0	2,9,10,9,8	0,0,1	2,3,2	-2	-1
2664	14,22,22,22,20	2,0,6,3,0	15,6,6	3,1,2	-2	-1
2665	44,27,44,63,36	1,0,0,0,0	134,81,130	5,2,2	-2	-1
2667	2,2,0,0,0	3,1,5,1,1	1,0,1	0,0,1	-2	-1
2668	0,0,1,0,1	17,14,17,13,19	1,0,1	4,7,6	-2	-1
2669	1,0,0,0,1	7,5,18,14,9	0,3,1	0,4,8	-2	-1
2672	0,2,0,0,0	0,0,0,1,0	0,0,2	0,0,0	-2	-1
2673	11,7,7,4,7	4,6,16,14,3	2,4,6	3,2,6	-2	-1
2680	0,0,0,2,1	3,5,7,5,4	0,2,3	8,8,17	-2	-1
2681	0,0,0,0,0	3,4,6,10,5	1,0,0	4,4,6	-2	-1
2684	0,1,1,1,0	1,0,0,1,0	4,1,1	0,0,0	-2	-1
2686	2,0,1,0,0	3,6,10,3,1	0,0,0	2,4,0	-2	-1
2689	9,5,9,10,13	0,0,0,0,0	3,3,2	0,1,0	-2	-1
2696	0,2,0,3,1	109,106,121,116,81	0,1,0	47,48,37	-2	-1
2697	98,68,120,79,79	2,3,3,2,2	22,14,9	0,0,1	-2	-1
2698	0,0,1,0,1	5,4,1,2,4	0,1,0	0,0,0	-2	-1
2704	2,0,0,0,0	3,0,7,4,2	0,0,0	5,2,2	-2	-1
2706	3,0,0,0,0	3,0,7,4,2	0,0,0	5,2,2	-2	-1
2707	2,0,0,5,0	3,0,7,4,2	0,0,0	5,2,2	-2	-1
2710	13,7,12,2,7	6,1,4,0,1	2,2,0	0,1,3	-2	-1
2713	126,102,177,153,125	2,5,5,2,6	92,108,101	2,4,2	-2	-1
2717	1,0,1,0,1	0,3,0,1,1	2,0,0	0,0,1	-2	-1
2718	94,103,131,89,58	1,0,0,0,0	49,34,36	0,0,0	-2	-1
2721	0,0,2,1,0	24,18,21,15,9	2,2,2	18,13,17	-2	-1
2722	2,0,4,1,6	0,0,0,0,0	0,1,1	1,0,0	-2	-1
2731	11,2,4,0,0	1,0,0,0,0	1,0,1	0,0,0	-2	-1
2734	6,0,7,7,2	13,7,27,14,10	1,2,2	10,6,7	-2	-1
2735	3,3,3,4,1	590,1022,729,587,504	2,5,0	548,1566,1371	-2	-1
2736	1,4,2,4,2	13,5,27,9,12	0,3,1	1,2,0	-2	-1
2743	1,0,2,2,3	0,0,0,4,1	0,1,0	1,0,1	-2	-1
2744	9,4,18,11,6	17,3,16,9,9	3,3,0	2,4,9	-2	-1
2745	1,1,3,0,0	27,28,15,16,20	0,2,0	10,15,21	-2	-1
2747	163,87,188,197,116	48,30,30,49,16	50,319,283	15,90,55	-2	-1
2748	9,19,26,11,11	2,0,1,1,3	3,19,15	1,1,0	-2	-1
2751	25,13,26,35,4	0,1,0,0,0	22,16,15	0,0,4	-2	-1
2752	46,47,95,65,27	3,7,3,8,2	40,38,35	2,2,2	-2	-1
2753	3,5,10,12,8	27,5,33,22,7	5,7,6	17,10,7	-2	-1
2754	0,0,0,0,1	26,53,64,52,184	0,0,0	33,51,33	-2	-1
2755	0,0,1,0,0	2,1,2,0,1	0,1,1	2,3,3	-2	-1
2756	9,3,6,6,2	0,1,0,0,0	1,1,1	0,2,0	-2	-1
2759	1,1,0,0,1	2,1,3,1,0	0,0,0	1,7,11	-2	-1
2760	0,0,2,0,0	2,1,3,1,0	0,0,0	1,7,11	-2	-1
2761	3,10,5,5,0	0,0,0,1,2	2,4,0	2,0,0	-2	-1
2762	43,40,46,63,34	12,8,12,10,6	34,37,30	4,11,5	-2	-1
2763	48,44,41,46,22	3,0,0,0,0	22,23,41	0,0,1	-2	-1
2765	5,6,8,3,3	9,15,5,6,9	4,2,4	4,23,23	-2	-1
2766	6,2,5,1,3	33,19,41,21,12	1,1,0	16,15,12	-2	-1
2768	3,3,1,0,1	23,16,26,32,18	0,1,0	23,16,27	-2	-1
2769	0,1,1,0,1	0,3,12,3,2	0,0,0	0,1,0	-2	-1
2771	30,21,26,22,17	0,0,0,0,1	20,57,47	0,0,0	-2	-1
2772	21,21,29,24,19	1,0,0,2,0	3,5,13	1,3,1	-2	-1
2773	0,0,2,1,0	26,14,23,12,12	3,0,1	12,14,17	-2	-1
2774	27,22,28,35,31	0,0,0,0,0	27,35,14	0,0,1	-2	-1
2775	17,12,7,8,9	1,9,1,1,0	2,3,4	1,0,0	-2	-1
2777	484,422,605,450,340	0,0,0,0,0	301,91,96	0,0,1	-2	-1
2778	8,1,16,11,11	0,1,2,1,0	5,3,7	1,1,1	-2	-1
2779	0,0,0,2,1	0,0,0,0,0	2,0,0	0,1,0	-2	-1
2781	0,0,0,0,2	0,1,1,2,0	0,2,1	0,4,2	-2	-1
2782	0,0,0,0,1	74,92,69,65,29	0,1,0	47,147,137	-2	-1
2785	1843,2275,2032,1649,1555	3,7,6,3,8	1219,1591,1536	2,0,0	-2	-1
2787	2,2,0,0,2	2,0,1,0,0	0,2,1	0,0,3	-2	-1
2788	85,58,96,58,54	0,0,1,0,0	51,33,28	0,0,0	-2	-1
2792	33,31,41,42,23	0,0,0,1,0	35,29,32	0,0,0	-2	-1
2796	28,15,46,33,18	0,0,0,1,0	24,37,30	0,0,0	-2	-1
2799	30,34,61,38,24	0,0,0,1,0	19,10,10	0,0,0	-2	-1
2800	0,3,0,4,3	53,35,73,47,44	1,5,4	20,24,31	-2	-1
2802	3,9,2,2,4	2,0,0,0,1	5,5,0	1,0,0	-2	-1
2803	0,0,0,0,0	0,1,0,0,0	0,1,0	0,1,0	-2	-1
2804	2,0,0,0,0	5,1,2,0,0	0,1,2	0,0,3	-2	-1
2805	0,0,0,0,0	2,1,4,5,0	0,0,1	2,0,0	-2	-1
2809	0,0,0,0,0	11,24,11,16,8	0,0,1	6,7,12	-2	-1
2810	0,1,0,0,0	20,11,25,12,9	0,0,1	3,7,9	-2	-1
2815	2,4,6,4,8	34,45,34,38,16	1,3,3	9,55,39	-2	-1
2816	22,35,36,37,24	34,45,34,38,16	9,12,15	9,55,39	-2	-1
2817	2,2,0,2,0	34,45,34,38,16	0,4,0	9,55,39	-2	-1
2818	2,3,2,8,3	34,45,34,38,16	1,3,2	9,55,39	-2	-1
2819	22,35,36,36,24	2,4,6,3,8	9,11,15	1,2,3	-2	-1
2820	2,2,0,1,0	2,4,6,3,8	0,3,0	1,2,3	-2	-1
2821	2,3,2,7,3	2,4,6,3,8	1,2,2	1,2,3	-2	-1
2822	2,2,0,1,0	22,35,36,36,24	0,3,0	9,11,15	-2	-1
2823	2,3,2,7,3	22,35,36,36,24	1,2,2	9,11,15	-2	-1
2824	2,3,2,7,3	2,2,0,1,0	1,2,2	0,3,0	-2	-1
2825	4,0,12,15,2	66,63,76,78,40	2,2,0	26,29,12	-2	-1
2826	22,24,24,14,11	54,58,102,138,34	6,9,0	28,35,12	-2	-1
2831	22,10,34,25,22	0,0,0,0,0	7,18,13	0,0,1	-2	-1
2836	9,5,9,13,11	0,1,0,0,0	4,11,13	0,0,1	-2	-1
2837	0,0,2,0,0	12,7,14,29,8	0,0,0	16,7,22	-2	-1
2838	39,50,38,48,55	0,1,1,1,0	29,17,16	3,1,4	-2	-1
2839	1,0,0,0,0	0,1,2,0,1	0,0,0	1,0,0	-2	-1
2843	2,0,4,7,1	12,6,25,8,12	1,0,0	4,4,5	-2	-1
2850	38,27,27,16,13	1,0,0,0,0	12,22,26	0,1,0	-2	-1
2853	0,6,5,4,0	0,2,0,0,2	4,3,4	0,0,1	-2	-1
2854	0,0,0,0,0	0,0,0,3,0	0,0,1	0,0,0	-2	-1
2856	120,82,163,112,91	337,288,445,356,272	22,25,26	67,61,71	-2	-1
2857	0,0,0,1,0	7,8,8,8,4	0,0,0	6,1,3	-2	-1
2860	0,0,0,0,0	2,2,3,5,2	0,2,1	7,3,2	-2	-1
2861	57,32,72,33,47	63,57,68,83,31	21,23,51	29,32,31	-2	-1
2863	70,28,74,33,37	0,2,0,0,0	23,35,19	0,0,0	-2	-1
2864	11,13,9,12,7	54,35,67,69,50	9,8,2	52,61,34	-2	-1
2866	19,16,14,4,9	16,19,27,13,14	7,5,7	12,6,5	-2	-1
2867	2,0,1,0,1	36,27,25,27,26	1,1,1	18,12,17	-2	-1
2870	0,3,1,3,1	2,15,9,5,6	0,0,0	0,1,0	-2	-1
2872	19,17,55,30,36	17,9,10,11,12	13,11,1	6,5,5	-2	-1
2875	43,26,84,51,40	0,0,2,0,0	19,3,13	0,0,0	-2	-1
2876	14,6,10,19,10	1,3,0,0,0	7,3,3	0,0,0	-2	-1
2877	1,1,0,4,0	8,7,17,3,7	0,2,0	3,8,15	-2	-1
2878	15,6,13,10,7	0,0,0,1,0	11,21,13	0,0,0	-2	-1
2883	45,42,45,34,33	0,1,1,1,0	28,17,23	0,0,1	-2	-1
2887	39,20,38,34,15	0,0,0,0,1	15,17,11	0,0,0	-2	-1
2889	2,1,1,1,1	16,16,13,10,5	0,0,0	7,4,4	-2	-1
2890	19,19,20,24,32	3,1,1,0,0	31,14,21	0,0,1	-2	-1
2891	29,22,47,15,27	9,4,1,6,2	25,11,14	2,3,4	-2	-1
2893	11,5,21,22,8	1,0,2,0,0	1,7,8	1,0,0	-2	-1
2894	4,4,4,3,5	3,6,6,5,2	3,2,5	3,2,3	-2	-1
2895	11,9,24,17,14	3,6,6,5,2	0,3,6	3,2,3	-2	-1
2896	11,9,24,17,14	4,4,4,3,5	0,3,6	3,2,5	-2	-1
2897	22,11,38,29,14	0,0,0,1,0	7,6,7	0,0,0	-2	-1
2898	10,3,10,7,1	1,0,0,5,0	1,2,5	2,1,0	-2	-1
2904	1,0,2,1,2	51,44,78,55,36	0,0,0	23,30,18	-2	-1
2905	1,2,1,3,1	28,19,32,23,23	3,3,6	48,63,68	-2	-1
2906	0,0,1,1,0	8,17,6,6,7	0,1,0	3,5,4	-2	-1
2907	0,2,0,0,0	57,64,79,71,44	0,0,0	46,73,54	-2	-1
2912	8,7,9,6,10	1,0,0,0,0	1,6,2	0,0,1	-2	-1
2913	80,97,105,95,81	0,0,0,0,0	46,37,29	0,1,1	-2	-1
2922	4,1,5,5,3	1,0,0,1,4	1,3,2	0,1,2	-2	-1
2923	85,62,103,93,41	1,3,0,2,0	49,44,44	3,0,0	-2	-1
2925	2,0,12,2,0	13,13,35,11,21	4,4,3	4,15,9	-2	-1
2929	8,10,7,11,11	2,3,4,4,3	4,3,1	2,0,0	-2	-1
2930	1,2,1,1,1	1,2,1,0,2	1,0,0	3,0,0	-2	-1
2931	1,0,0,0,1	13,15,22,16,8	1,0,2	8,2,7	-2	-1
2935	4,3,1,5,0	27,14,49,47,21	2,0,0	10,12,18	-2	-1
2936	1,3,5,5,3	0,1,1,0,0	1,6,3	0,1,0	-2	-1
2942	7,6,20,14,5	3,0,3,0,0	6,3,3	1,0,0	-2	-1
2945	200,224,316,234,178	0,1,2,1,0	107,151,116	0,2,0	-2	-1
2946	6,5,5,3,2	10,6,19,25,15	1,1,1	14,4,5	-2	-1
2949	125,175,238,113,111	0,0,0,1,0	96,116,103	0,0,0	-2	-1
2950	4,5,12,9,1	11,2,8,6,15	7,7,5	3,4,3	-2	-1
2951	0,1,0,0,1	1,4,2,0,3	0,1,0	0,0,0	-2	-1
2952	0,1,0,0,0	24,15,33,23,41	0,0,0	16,16,19	-2	-1
2954	37,14,34,43,21	0,0,1,0,0	29,8,7	0,0,0	-2	-1
2956	0,0,3,0,2	136,124,133,125,107	0,2,0	61,28,58	-2	-1
2957	0,0,1,0,0	6,2,18,11,8	0,0,0	2,3,2	-2	-1
2958	287,474,437,305,221	0,0,0,1,0	139,116,123	0,0,0	-2	-1
2959	15,14,60,16,20	0,0,0,0,2	15,28,12	0,0,0	-2	-1
2960	59,47,85,31,45	90,101,128,91,96	28,19,33	30,32,37	-2	-1
2964	18,10,12,18,21	0,0,1,0,2	3,3,3	0,0,0	-2	-1
2965	228,189,244,157,176	0,0,0,0,0	120,156,149	0,0,1	-2	-1
2967	1384,1431,1521,1193,1178	0,0,0,1,0	1067,1192,1219	0,0,0	-2	-1
2971	0,1,1,0,0	2,3,9,17,2	0,0,0	0,4,8	-2	-1
2972	18,34,33,14,15	0,0,1,0,0	7,15,10	0,0,0	-2	-1
2973	8,3,13,10,7	19,7,24,19,3	2,4,2	2,2,1	-2	-1
2974	0,2,8,4,0	39,37,50,55,37	0,0,1	37,32,25	-2	-1
2975	50,76,104,98,39	0,0,0,2,0	21,11,13	1,0,0	-2	-1
2976	44,53,103,55,43	43,33,35,41,19	20,17,2	5,4,4	-2	-1
2977	42,34,60,46,38	11,10,11,5,4	20,26,21	1,2,1	-2	-1
2978	61,48,41,40,35	3,0,0,0,0	20,44,44	0,0,0	-2	-1
2982	5,2,14,6,3	0,1,2,0,0	8,2,11	0,2,2	-2	-1
2984	0,0,0,0,1	88,146,133,97,84	0,0,0	106,59,78	-2	-1
2987	0,0,0,0,0	0,0,0,2,0	0,1,0	1,1,0	-2	-1
2989	50,27,39,30,25	1,0,1,2,0	36,22,34	1,1,0	-2	-1
2990	21,17,32,10,26	165,90,181,110,83	13,12,16	115,96,90	-2	-1
2998	0,6,2,0,3	0,0,1,0,0	3,0,3	0,0,0	-2	-1
3000	0,0,2,0,0	0,6,2,0,3	0,0,0	3,0,3	-2	-1
3001	5,1,4,4,4	0,0,0,1,0	2,2,3	0,0,1	-2	-1
3002	0,0,0,1,0	8,8,13,6,8	0,2,2	2,4,1	-2	-1
3004	0,0,3,1,4	0,0,0,0,0	1,0,0	2,0,1	-2	-1
3006	309,413,342,279,263	0,1,0,3,0	201,178,192	0,0,0	-2	-1
3009	23,19,40,23,8	0,5,0,0,1	7,8,3	0,1,0	-2	-1
3011	0,2,2,3,4	6,4,11,4,7	1,1,0	5,9,2	-2	-1
3013	1,1,2,0,0	23,35,56,42,36	0,0,0	14,27,17	-2	-1
3014	20,20,30,17,18	0,0,0,0,0	12,14,17	0,1,0	-2	-1
3015	42,54,84,59,54	0,0,0,0,0	26,41,34	0,1,0	-2	-1
3016	1,0,0,1,0	28,14,34,47,20	0,0,0	17,9,5	-2	-1
3017	4,10,2,3,0	0,0,1,0,1	1,0,4	0,0,0	-2	-1
3018	116,153,147,131,96	27,32,36,32,15	58,68,50	24,13,15	-2	-1
3019	34,49,63,67,26	5,10,3,11,3	26,37,36	9,7,3	-2	-1
3022	178,131,267,157,116	0,0,0,0,0	129,115,103	0,1,0	-2	-1
3023	2,7,3,3,4	0,0,0,0,0	3,5,4	0,1,0	-2	-1
3024	4,0,4,2,2	17,9,18,23,4	1,2,4	7,13,7	-2	-1
3025	4,2,5,2,3	15,17,12,11,8	1,3,4	16,19,13	-2	-1
3026	17,11,19,23,5	15,17,12,11,8	7,14,7	16,19,13	-2	-1
3027	25,10,38,18,6	0,0,1,0,0	22,6,11	0,0,0	-2	-1
3028	2,1,1,1,0	30,3,14,10,8	0,0,0	3,1,4	-2	-1
3029	23,22,23,32,8	1,0,1,0,0	14,23,10	0,0,1	-2	-1
3030	12,13,19,6,7	8,1,4,5,4	8,8,11	1,5,4	-2	-1
3031	12,18,13,3,10	2,2,2,2,1	2,23,13	0,2,1	-2	-1
3034	19,10,8,21,6	0,0,0,0,0	5,2,6	0,0,1	-2	-1
3037	0,0,0,0,0	0,0,1,0,0	0,0,1	0,0,0	-2	-1
3039	34,13,26,13,10	0,0,0,0,0	16,4,5	1,0,0	-2	-1
3044	9,13,7,8,4	5,10,4,2,2	2,4,3	1,0,0	-2	-1
3047	78,108,85,70,54	0,1,0,3,0	53,19,32	0,0,0	-2	-1
3048	0,0,0,0,0	15,3,8,12,6	0,0,1	3,4,2	-2	-1
3052	0,0,0,1,0	6,9,4,1,3	0,3,0	3,6,5	-2	-1
3053	2,3,2,1,2	0,0,0,0,1	2,0,1	0,0,0	-2	-1
3054	2,3,2,4,0	0,0,0,1,0	0,0,9	0,0,0	-2	-1
3055	3,0,0,4,1	25,38,42,70,43	3,3,0	15,24,24	-2	-1
3056	9,6,11,2,3	1,1,7,0,0	1,3,1	1,2,0	-2	-1
3057	9,6,11,2,3	2,2,4,1,1	1,3,1	4,3,0	-2	-1
3058	1,1,7,0,0	2,2,4,1,1	1,2,0	4,3,0	-2	-1
3060	3,2,4,2,0	46,16,36,18,18	0,2,2	18,10,4	-2	-1
3061	23,24,30,20,27	1,0,0,0,0	20,18,14	0,0,0	-2	-1
3062	23,24,30,20,27	12,13,18,13,5	20,18,14	8,6,8	-2	-1
3065	15,6,15,10,2	24,13,43,29,21	8,11,17	20,28,21	-2	-1
3067	0,1,0,1,0	4,10,3,5,1	0,0,0	1,0,4	-2	-1
3068	0,0,0,0,0	4,1,5,7,0	0,0,2	6,0,2	-2	-1
3069	6,5,3,10,1	0,0,0,0,0	2,4,4	1,0,0	-2	-1
3071	6,6,14,10,11	0,1,1,0,0	7,7,6	0,0,0	-2	-1
3074	1,0,1,0,1	1,3,4,3,1	2,1,1	0,0,0	-2	-1
3075	4,3,5,1,3	3,2,1,3,0	3,6,12	3,2,4	-2	-1
3076	17,15,10,6,16	0,0,0,0,0	7,7,6	1,0,0	-2	-1
3078	6,1,3,2,5	5,0,5,3,1	6,7,1	2,1,4	-2	-1
3079	38,22,27,25,19	24,14,20,15,13	39,30,54	32,37,48	-2	-1
3080	4,0,2,0,0	42,17,43,32,32	1,1,2	15,13,8	-2	-1
3081	151,97,168,128,91	5,0,1,0,3	122,100,126	0,0,1	-2	-1
3082	1,0,0,0,0	0,1,4,0,2	0,0,0	0,6,5	-2	-1
3083	9,11,5,16,3	6,2,2,3,1	8,9,7	0,0,0	-2	-1
3084	9,2,6,6,3	0,2,0,0,1	0,8,6	4,1,3	-2	-1
3086	30,40,48,45,38	3,1,6,1,0	29,33,24	1,5,0	-2	-1
3087	0,2,0,2,0	14,22,23,18,15	2,1,0	7,13,7	-2	-1
3088	5,5,6,8,4	3,2,0,1,0	2,2,2	0,3,2	-2	-1
3089	2,0,2,0,0	20,6,10,18,26	0,0,0	9,17,8	-2	-1
3090	0,0,1,5,0	2,2,2,4,3	0,3,1	0,6,2	-2	-1
3091	18,49,26,22,31	0,0,0,0,0	7,18,13	0,2,0	-2	-1
3092	48,22,47,38,20	1,0,0,0,0	28,35,29	1,0,0	-2	-1
3094	17,11,37,17,11	0,0,0,1,1	19,11,1	0,1,0	-2	-1
3095	17,8,19,12,12	9,3,3,5,4	8,3,6	4,2,2	-2	-1
3096	5,15,21,20,12	1,2,3,2,3	6,7,5	1,1,2	-2	-1
3100	21,20,19,15,12	45,36,22,20,46	1,0,0	1,1,0	-2	-1
3101	76,99,95,63,70	2377,3115,2888,1945,2082	7,3,0	64,54,22	-2	-1
3102	13,4,16,10,12	62,27,43,41,29	8,17,10	32,45,42	-2	-1
3103	3,0,2,1,1	0,0,0,0,1	2,8,4	0,0,0	-2	-1
3104	2,0,4,2,2	17,12,11,10,5	4,4,3	13,4,10	-2	-1
3105	29,18,34,12,13	0,0,0,0,1	13,9,12	0,0,0	-2	-1
3106	20,14,9,20,10	16,24,28,40,18	6,3,1	18,14,6	-2	-1
3108	23,22,27,23,14	0,0,0,0,0	11,31,26	0,0,1	-2	-1
3112	6,0,4,5,3	10,7,20,10,8	2,4,6	13,15,6	-2	-1
3115	3,2,4,1,1	3,0,4,5,1	3,1,0	3,0,2	-2	-1
3116	9,2,8,5,9	3,0,4,5,1	4,3,0	3,0,2	-2	-1
3117	8,0,5,4,9	2,0,1,0,1	1,2,0	0,0,0	-2	-1
3118	23,23,37,15,18	0,0,0,1,0	20,6,14	0,0,0	-2	-1
3120	8,8,7,4,4	184,249,236,271,270	7,7,9	248,253,242	-2	-1
3121	133,110,169,132,121	0,0,0,0,0	85,88,80	0,1,0	-2	-1
3122	4,0,1,0,0	0,0,0,0,0	1,5,3	2,0,0	-2	-1
3125	0,0,0,2,0	5,2,5,3,3	0,0,0	3,0,3	-2	-1
3128	53,54,97,84,29	10,4,6,7,7	16,20,14	1,0,2	-2	-1
3129	38,21,42,43,18	0,0,0,0,0	51,55,42	2,0,1	-2	-1
3131	13,11,8,8,10	29,26,36,24,35	4,3,7	20,26,15	-2	-1
3132	22,33,36,34,32	1,1,2,0,1	10,19,16	0,0,1	-2	-1
3134	7,7,8,5,8	0,0,0,1,0	6,5,1	0,0,0	-2	-1
3138	0,0,0,1,0	2,2,2,4,3	0,0,0	3,1,4	-2	-1
3141	1,0,1,0,0	23,6,12,25,10	1,1,1	3,8,9	-2	-1
3142	3,0,2,0,1	24,8,8,18,6	1,4,0	4,15,2	-2	-1
3144	0,0,0,0,0	2,0,0,0,0	0,0,1	0,0,0	-2	-1
3147	0,5,4,2,4	153,152,179,110,133	3,2,3	65,57,41	-2	-1
3150	82,93,71,54,65	27,13,29,18,16	59,41,54	9,12,12	-2	-1
3157	2,1,4,8,2	7,7,6,3,4	0,1,0	0,6,4	-2	-1
3158	0,0,0,0,0	2,0,3,5,0	0,1,1	4,5,1	-2	-1
3161	1,1,1,7,0	6,9,4,5,7	0,1,1	3,1,2	-2	-1
3162	651,631,766,558,556	1,0,0,0,0	458,495,391	0,0,0	-2	-1
3168	3,0,1,1,0	5,1,9,9,10	0,0,2	3,2,6	-2	-1
3169	4,5,5,4,1	1,0,1,0,1	6,9,7	0,0,0	-2	-1
3174	5,0,8,2,5	0,0,1,0,0	8,3,1	0,0,0	-2	-1
3175	142,79,135,130,116	0,0,1,0,0	124,87,59	0,0,0	-2	-1
3177	13,33,19,27,21	9,7,13,20,11	13,26,12	6,24,13	-2	-1
3179	16,5,15,10,9	19,15,19,15,15	0,7,5	9,21,22	-2	-1
3180	17,8,30,12,6	1,0,4,1,0	16,10,8	0,0,0	-2	-1
3186	0,0,0,1,0	0,1,2,0,0	0,0,0	1,2,0	-2	-1
3189	18,3,10,10,4	2,1,0,0,0	6,15,7	0,0,3	-2	-1
3190	30,12,27,28,14	98,45,109,70,55	5,10,8	29,44,37	-2	-1
3192	49,40,75,47,47	7,13,16,27,18	28,15,19	13,8,6	-2	-1
3203	19,35,26,34,20	0,0,0,0,0	13,24,28	0,1,0	-2	-1
3215	0,0,0,0,0	1,0,0,0,0	1,0,0	0,0,0	-2	-1
3219	5,2,12,7,2	6,3,9,5,7	24,7,3	0,1,0	-2	-1
3220	34,35,61,41,36	0,0,1,0,0	23,14,22	0,0,0	-2	-1
3223	2,2,5,3,5	39,36,30,32,26	1,3,1	23,19,30	-2	-1
3229	37,28,32,45,24	7,3,4,9,3	18,21,29	0,2,2	-2	-1
3230	8,7,25,12,9	0,3,0,2,0	11,6,2	2,0,0	-2	-1
3232	12,13,14,14,18	1,0,2,1,0	1,12,22	1,0,0	-2	-1
3233	35,44,58,55,29	0,1,1,0,1	16,28,18	0,2,0	-2	-1
3235	3225,3725,3688,2917,2966	0,0,0,0,0	2620,2754,2623	1,0,0	-2	-1
3236	17,4,2,6,6	2,1,0,2,3	7,3,0	0,1,0	-2	-1
3239	7,3,12,9,7	13,16,13,24,10	7,1,5	2,8,10	-2	-1
3240	3,0,5,2,0	6,9,6,5,8	3,7,5	6,4,5	-2	-1
3241	11,13,14,11,6	23,13,27,6,4	5,2,12	13,4,2	-2	-1
3242	9,5,15,4,5	0,0,2,0,4	3,1,5	0,0,0	-2	-1
3246	1,10,3,6,1	1,5,6,5,4	1,0,7	7,6,3	-2	-1
3247	0,0,0,0,1	3,7,5,6,2	0,0,0	2,0,2	-2	-1
3251	63,102,75,82,68	0,0,0,0,0	55,34,32	1,0,0	-2	-1
3254	5,2,10,14,18	0,0,1,2,0	2,8,4	0,0,1	-2	-1
3255	27,9,12,23,15	12,19,32,16,18	13,6,6	17,9,18	-2	-1
3256	26,19,30,28,9	8,6,18,11,4	14,12,18	3,7,1	-2	-1
3258	2,10,4,5,3	3,11,10,6,2	8,7,1	5,11,4	-2	-1
3259	5,4,5,4,2	77,73,73,88,65	4,2,3	77,79,70	-2	-1
3261	134,175,145,175,136	0,4,0,0,1	91,111,77	0,0,0	-2	-1
3263	1,0,0,0,0	2,0,0,1,0	0,0,0	3,3,1	-2	-1
3264	5,1,10,9,12	5,1,8,12,5	9,0,1	4,1,4	-2	-1
3266	1429,877,1450,1189,947	22,18,35,20,15	541,186,206	8,1,7	-2	-1
3267	1550,1076,1609,1332,1045	63,106,96,65,49	596,326,317	35,78,51	-2	-1
3268	143,217,194,163,113	63,106,96,65,49	63,141,118	35,78,51	-2	-1
3272	5,1,0,2,0	0,0,0,0,0	4,3,10	0,1,0	-2	-1
3273	0,0,0,0,0	47,48,41,52,33	0,2,0	26,104,73	-2	-1
3274	14,9,21,30,16	0,2,0,0,0	6,0,9	0,0,0	-2	-1
3276	0,0,4,0,1	8,3,7,9,3	1,1,0	17,22,23	-2	-1
3277	8,2,8,3,2	37,39,53,43,32	5,6,4	24,30,35	-2	-1
3278	1,1,0,0,0	3,6,4,6,6	0,0,0	4,0,0	-2	-1
3279	19,8,11,18,12	0,5,0,1,0	5,4,7	0,0,0	-2	-1
3281	2,4,2,2,2	10,5,8,6,1	0,0,1	9,5,2	-2	-1
3282	0,0,0,0,0	35,24,35,29,33	1,0,0	36,14,20	-2	-1
3284	37,42,102,96,28	9,1,8,8,1	25,28,15	2,1,3	-2	-1
3286	1,1,3,0,0	166,130,195,135,119	3,5,2	90,117,115	-2	-1
3288	3,0,1,1,1	1,0,0,0,0	0,1,1	0,0,0	-2	-1
3290	14,8,13,9,17	50,58,54,33,28	11,11,13	65,28,46	-2	-1
3294	9,1,3,3,2	58,81,113,87,59	2,2,3	39,44,52	-2	-1
3296	33,10,30,21,7	0,0,0,0,0	92,37,44	3,1,1	-2	-1
3297	29,23,29,21,21	0,0,1,0,1	17,21,8	1,0,0	-2	-1
3303	50,85,93,77,68	29,26,34,38,8	44,24,26	11,12,7	-2	-1
3305	0,0,0,1,1	23,22,17,14,10	0,4,0	4,9,13	-2	-1
3307	27,26,30,26,21	4,1,5,5,2	13,13,31	1,4,3	-2	-1
3308	11,15,9,17,4	4,2,3,4,2	6,21,15	1,6,16	-2	-1
3309	2,4,5,5,5	0,0,0,1,0	1,3,0	0,0,0	-2	-1
3310	11,8,8,4,3	0,0,0,0,1	6,2,5	0,0,0	-2	-1
3311	15,13,20,12,16	66,43,82,56,56	9,7,7	30,28,17	-2	-1
3313	0,0,0,1,0	5,6,7,3,3	0,0,0	1,6,3	-2	-1
3314	0,0,0,0,1	3,3,6,2,0	2,0,1	1,8,8	-2	-1
3316	91,59,117,84,67	0,0,2,0,0	87,73,71	0,0,0	-2	-1
3317	2,2,7,7,0	49,29,55,56,23	0,4,2	41,82,74	-2	-1
3322	22,9,27,28,6	3,2,0,0,0	14,8,10	1,0,0	-2	-1
3324	9,2,2,4,3	0,0,0,1,1	0,2,0	1,0,0	-2	-1
3325	5,13,11,1,4	0,2,0,0,0	2,2,5	0,0,0	-2	-1
3326	0,1,0,0,1	7,14,8,13,5	0,1,0	4,6,9	-2	-1
3327	0,4,0,1,0	10,12,11,18,9	1,0,1	5,8,3	-2	-1
3328	0,0,0,0,0	20,13,28,14,16	0,1,0	2,7,9	-2	-1
3330	1,0,0,1,0	78,88,82,78,68	1,1,2	82,110,98	-2	-1
3332	0,1,0,0,0	1,0,3,4,1	0,0,0	2,0,2	-2	-1
3342	0,0,1,3,0	11,3,10,6,22	0,0,2	7,1,2	-2	-1
3343	47,44,58,29,31	1,3,2,2,1	35,17,35	3,1,2	-2	-1
