ID	IJC_SAMPLE_1	SJC_SAMPLE_1	IJC_SAMPLE_2	SJC_SAMPLE_2	IncFormLen	SkipFormLen
0	0,0,0,0,0	0,2,4,2,1	0,3,0	0,0,1	-2	-1
2	3,6,8,13,5	0,0,0,0,1	2,0,0	0,0,0	-2	-1
6	6,2,4,6,2	2,1,0,0,0	4,6,2	0,0,0	-2	-1
7	69,33,40,51,43	0,1,2,1,0	115,101,106	0,1,0	-2	-1
9	0,0,0,1,0	5,4,4,5,1	0,0,0	0,0,3	-2	-1
11	33,32,25,37,18	0,2,0,0,0	97,116,70	2,6,3	-2	-1
12	275,264,347,355,257	2,1,0,0,0	266,286,268	0,0,0	-2	-1
16	0,8,2,4,1	3,1,3,0,1	2,10,6	0,1,2	-2	-1
17	54,76,102,98,71	2,0,2,7,1	34,42,33	4,5,2	-2	-1
22	13,22,13,29,14	1,0,2,0,0	13,22,9	0,0,0	-2	-1
25	0,0,0,0,0	2,2,5,4,3	1,3,3	20,14,19	-2	-1
26	336,378,342,401,323	0,1,0,0,1	658,590,668	0,2,2	-2	-1
27	2,9,3,4,7	0,0,1,0,0	1,7,3	0,0,2	-2	-1
28	3,5,1,3,1	5,0,1,2,1	6,6,5	4,2,2	-2	-1
29	0,1,0,0,0	1,3,0,0,1	0,0,0	0,1,0	-2	-1
31	0,1,0,1,2	2,1,0,0,0	0,3,1	0,0,3	-2	-1
32	1,1,1,0,0	3,0,1,1,1	0,1,0	9,7,4	-2	-1
33	0,7,1,8,1	5,5,4,3,2	2,1,3	6,8,1	-2	-1
34	4,1,5,5,6	1,0,1,0,0	5,24,11	1,1,0	-2	-1
37	0,1,0,0,1	2,4,5,6,0	0,2,5	5,3,2	-2	-1
38	0,1,0,0,0	1,2,0,3,2	0,0,2	8,8,10	-2	-1
39	5,0,2,3,0	0,1,1,2,0	0,2,2	1,1,0	-2	-1
41	15,9,10,22,13	726,826,839,892,876	13,11,4	347,437,317	-2	-1
51	14,6,7,10,10	54,59,60,71,67	5,2,10	38,29,49	-2	-1
52	4,2,3,6,2	0,0,0,1,0	24,61,9	0,0,0	-2	-1
54	10,14,30,12,15	0,1,6,1,0	16,18,15	1,0,1	-2	-1
57	13,19,19,17,14	95,132,95,132,147	26,64,36	192,238,180	-2	-1
68	14,12,13,9,6	0,0,0,0,0	19,28,18	0,3,0	-2	-1
70	11,12,5,8,5	7,9,8,21,15	3,6,3	14,10,24	-2	-1
71	19,29,14,23,22	0,1,0,0,0	17,19,11	1,0,0	-2	-1
72	19,25,13,19,18	0,0,0,0,0	17,17,10	0,0,3	-2	-1
74	0,0,0,1,0	3,2,1,4,1	0,2,1	3,17,6	-2	-1
77	6,17,6,6,11	0,1,0,0,0	17,12,3	0,0,0	-2	-1
78	1487,1285,1700,1311,1434	0,0,0,2,0	1456,1341,1471	0,0,0	-2	-1
79	1,0,0,0,0	2,1,0,0,3	0,1,0	1,0,0	-2	-1
80	1,0,1,0,0	2,1,2,6,7	0,0,0	1,1,1	-2	-1
83	36,27,36,35,24	0,0,1,0,0	5,8,6	0,0,1	-2	-1
84	1,0,0,1,0	0,0,0,0,0	0,16,2	2,2,0	-2	-1
87	0,0,1,0,0	2,1,0,1,0	5,7,2	0,3,1	-2	-1
88	0,0,1,0,0	0,0,0,0,0	0,0,0	0,2,0	-2	-1
89	160,151,220,183,227	1,0,2,1,0	251,399,269	0,1,0	-2	-1
91	5,7,7,12,7	6,4,6,8,7	9,12,14	11,12,18	-2	-1
94	0,0,0,0,0	3,4,5,7,3	0,0,1	1,4,3	-2	-1
99	0,0,0,0,1	3,0,5,3,0	0,1,0	3,0,1	-2	-1
101	8,9,14,10,9	1,0,0,0,0	8,11,11	1,0,0	-2	-1
102	7,4,4,4,1	0,4,3,3,0	0,0,6	2,2,2	-2	-1
114	0,0,0,0,1	1,5,4,14,2	0,0,0	1,0,4	-2	-1
115	0,0,0,1,0	14,20,14,9,11	1,0,0	29,26,20	-2	-1
117	1,1,0,3,0	0,0,0,0,0	0,6,2	0,1,0	-2	-1
118	0,2,4,1,3	18,11,9,16,18	3,1,0	12,8,15	-2	-1
119	0,0,0,1,0	0,1,1,0,3	1,0,0	1,0,0	-2	-1
120	0,0,0,1,0	1,1,0,0,3	1,0,0	0,0,1	-2	-1
121	0,1,1,0,3	1,1,0,0,3	1,0,0	0,0,1	-2	-1
122	18,11,9,16,18	1,13,14,18,16	12,8,15	14,10,1	-2	-1
123	73,62,76,76,73	0,0,2,0,0	66,55,69	0,0,0	-2	-1
124	56,64,81,78,71	0,0,2,0,0	68,57,55	0,0,0	-2	-1
125	5,0,0,4,4	0,0,0,0,0	1,2,1	0,0,1	-2	-1
126	589,694,696,681,614	0,0,0,1,0	700,1074,656	0,0,1	-2	-1
127	17,20,14,14,15	194,240,193,207,202	31,44,27	292,428,273	-2	-1
132	4,3,1,0,4	0,0,0,1,0	8,18,15	0,0,0	-2	-1
133	0,1,0,0,0	0,0,0,0,1	0,0,0	2,3,2	-2	-1
137	3,6,4,1,2	55,46,57,52,49	0,5,0	44,52,37	-2	-1
138	10,9,3,13,11	4,4,3,6,3	18,12,11	2,2,11	-2	-1
139	0,0,0,1,0	3,11,8,6,13	0,2,0	9,16,6	-2	-1
140	3,2,1,5,0	1,2,2,0,0	4,13,2	1,0,0	-2	-1
144	1,0,0,1,0	0,4,1,2,0	1,0,0	0,4,0	-2	-1
146	3,7,5,5,2	0,0,1,0,0	9,52,16	0,0,0	-2	-1
148	12,7,18,14,10	10,11,13,19,11	27,21,22	11,15,14	-2	-1
149	7,5,15,5,9	9,6,3,11,11	13,9,13	13,10,18	-2	-1
150	26,29,22,39,25	3,1,1,2,5	29,19,26	3,1,2	-2	-1
153	0,0,0,1,0	0,2,0,1,0	0,0,0	2,2,0	-2	-1
154	0,0,0,0,2	0,0,0,0,0	0,0,0	0,1,0	-2	-1
156	23,21,29,21,11	0,1,0,0,0	20,25,30	0,0,0	-2	-1
157	2,3,0,3,0	8,15,11,13,17	2,0,2	11,16,15	-2	-1
160	5,5,5,2,6	10,10,24,15,25	2,2,3	28,26,27	-2	-1
161	1,0,1,0,1	111,114,129,152,125	0,4,3	111,131,127	-2	-1
166	22,15,11,27,15	5,13,9,13,7	57,86,46	17,26,11	-2	-1
169	0,1,0,0,0	24,12,26,27,19	1,1,2	9,14,6	-2	-1
170	22,15,16,22,19	0,0,0,0,0	15,10,9	0,1,0	-2	-1
171	1,0,2,2,2	5,2,3,3,6	2,1,2	3,11,2	-2	-1
182	53,46,49,85,22	7,8,1,1,6	18,63,19	5,1,5	-2	-1
188	6,2,4,2,3	0,2,1,0,0	3,7,0	0,2,2	-2	-1
191	29,36,10,32,21	2,0,0,0,0	32,31,26	0,0,0	-2	-1
192	0,0,0,0,0	0,1,0,2,1	4,3,2	6,13,3	-2	-1
194	0,0,2,0,0	4,2,2,4,1	0,0,3	5,9,9	-2	-1
196	36,23,42,39,35	1,2,0,1,1	20,35,34	0,0,1	-2	-1
200	0,3,0,2,2	31,30,30,41,32	2,0,9	23,24,31	-2	-1
204	0,0,2,0,0	3,9,9,7,8	0,1,0	31,32,24	-2	-1
205	0,0,0,0,0	0,2,1,1,2	1,0,0	0,3,2	-2	-1
207	6,6,1,2,2	0,0,0,2,0	6,13,5	0,0,0	-2	-1
211	50,68,75,68,55	110,106,128,107,116	40,45,33	49,57,46	-2	-1
212	12,25,37,28,22	1,2,2,2,0	12,17,5	0,0,1	-2	-1
213	112,117,103,142,83	23,25,22,32,36	80,87,86	7,10,7	-2	-1
216	24,23,30,37,19	0,0,2,0,0	51,45,23	0,0,0	-2	-1
218	36,35,38,32,31	17,17,11,12,10	30,33,21	2,9,7	-2	-1
227	0,0,1,2,0	1,1,2,0,1	2,0,0	0,0,0	-2	-1
228	4,6,6,5,6	5,3,3,8,1	9,7,4	8,2,3	-2	-1
232	0,0,0,0,0	3,4,4,2,0	1,0,2	6,8,3	-2	-1
240	1,4,4,9,4	0,0,0,0,0	4,1,8	2,0,0	-2	-1
246	0,0,0,0,0	0,0,1,0,0	7,2,1	0,0,1	-2	-1
249	1,0,0,0,0	67,65,62,67,55	0,0,0	57,103,77	-2	-1
251	67,65,62,67,55	0,0,0,2,0	57,103,77	0,0,0	-2	-1
252	3,4,1,2,1	35,33,48,51,23	10,3,12	47,97,63	-2	-1
253	0,0,1,2,0	59,59,42,42,54	3,0,0	37,20,32	-2	-1
255	0,0,0,0,0	6,4,4,8,10	0,0,5	2,2,1	-2	-1
256	0,0,0,0,1	6,6,6,6,2	0,0,0	1,2,0	-2	-1
260	2,3,2,5,2	3,6,7,3,7	0,2,1	3,3,3	-2	-1
261	1,0,0,0,0	0,1,0,0,2	0,3,2	0,2,0	-2	-1
262	1,0,0,3,1	8,13,9,6,19	0,2,0	13,58,20	-2	-1
263	0,0,0,0,0	13,7,7,20,8	0,4,0	14,33,19	-2	-1
265	135,136,148,119,135	84,98,138,120,135	97,84,76	103,130,95	-2	-1
271	4,6,13,8,3	2,7,1,1,1	4,12,3	1,2,3	-2	-1
272	0,0,1,3,1	3,11,16,8,15	1,0,0	3,3,4	-2	-1
275	1,2,0,5,0	0,0,0,0,0	9,18,7	0,0,1	-2	-1
276	4,11,7,12,8	0,2,1,2,2	17,4,21	5,0,0	-2	-1
277	61,45,65,47,49	11,16,24,20,9	39,42,30	3,5,5	-2	-1
278	34,17,24,19,15	2,3,4,6,11	6,5,14	4,1,2	-2	-1
281	0,0,0,1,0	67,59,64,76,56	0,0,0	50,55,35	-2	-1
282	1,1,0,1,1	1,0,0,0,0	0,2,2	3,2,0	-2	-1
297	12,11,13,12,8	22,28,11,21,28	4,13,2	23,22,11	-2	-1
298	0,0,0,0,0	0,1,2,0,0	0,1,0	3,9,2	-2	-1
300	0,0,2,0,0	16,8,14,16,9	0,2,0	10,34,11	-2	-1
301	6,3,1,8,2	7,6,14,12,11	5,7,0	14,22,16	-2	-1
303	0,6,8,2,3	1,1,1,0,1	4,5,6	0,1,0	-2	-1
310	1,0,1,1,0	27,17,22,22,25	0,1,1	18,18,13	-2	-1
311	0,0,0,0,0	3,0,1,9,0	0,1,0	0,3,1	-2	-1
315	0,0,1,0,0	5,4,6,6,8	0,0,0	3,5,12	-2	-1
316	0,1,1,0,0	0,0,0,0,0	0,2,3	0,1,0	-2	-1
320	1,0,1,0,0	4,1,0,4,1	3,6,2	4,8,6	-2	-1
321	3,1,0,1,2	0,0,0,0,0	5,7,9	10,8,1	-2	-1
322	4,2,0,1,2	0,0,0,0,0	5,14,14	10,8,1	-2	-1
323	1,1,0,0,0	0,0,0,0,0	1,8,5	1,1,0	-2	-1
325	1,6,3,6,4	0,0,1,0,0	7,11,9	0,0,0	-2	-1
326	0,1,0,1,3	0,0,0,0,0	5,7,1	0,1,0	-2	-1
329	4,7,4,8,9	1,2,1,1,0	4,5,6	0,3,2	-2	-1
330	0,0,0,1,0	9,8,5,4,1	0,0,0	13,19,10	-2	-1
332	81,82,67,70,80	0,2,2,1,0	45,81,52	2,2,0	-2	-1
333	1,1,0,0,0	1,4,0,0,1	1,3,0	6,2,2	-2	-1
334	6,6,12,6,2	14,10,11,15,5	2,12,7	17,5,8	-2	-1
343	4,1,0,3,0	0,0,1,0,0	1,10,2	5,7,6	-2	-1
344	7,7,5,11,2	0,0,0,3,1	23,39,26	0,1,0	-2	-1
345	5,0,6,8,3	8,1,0,3,0	8,9,6	3,13,2	-2	-1
346	0,0,0,0,0	7,8,6,7,3	0,1,3	14,22,18	-2	-1
348	1,3,0,0,0	0,0,3,2,0	1,2,2	2,5,2	-2	-1
352	4,1,2,2,6	22,16,16,25,23	0,4,1	9,16,18	-2	-1
354	11,5,5,6,10	186,187,168,193,185	7,5,9	114,156,104	-2	-1
356	7,10,7,14,1	19,10,10,13,2	8,6,5	3,11,2	-2	-1
361	178,205,228,262,285	10,13,15,14,18	187,116,206	15,13,14	-2	-1
364	0,0,1,0,1	2,0,1,1,2	3,0,0	7,7,4	-2	-1
370	8,12,12,16,8	1,6,5,8,3	7,9,16	11,12,12	-2	-1
372	1,0,0,0,2	2,12,7,27,18	0,0,1	5,4,7	-2	-1
374	1,0,1,0,0	2,5,5,2,4	1,0,0	11,6,3	-2	-1
375	25,29,47,52,46	0,0,0,1,0	8,20,19	1,1,2	-2	-1
376	23,34,32,32,40	0,0,0,0,1	22,10,15	0,0,0	-2	-1
377	4,2,1,2,8	22,33,32,32,38	5,0,3	21,10,15	-2	-1
379	2,1,1,0,1	1,2,2,2,2	3,5,4	2,3,1	-2	-1
380	7,10,8,9,4	0,2,0,2,0	7,4,6	5,3,1	-2	-1
381	10,7,11,16,3	1,0,1,0,0	9,13,7	0,0,0	-2	-1
386	2,0,3,2,0	0,0,0,1,0	0,2,0	0,0,0	-2	-1
390	1,0,1,1,1	2,1,0,4,1	3,10,2	3,5,6	-2	-1
391	5,2,0,4,4	2,0,2,1,1	7,24,9	8,9,2	-2	-1
392	0,0,0,0,0	7,6,13,7,2	1,0,0	25,36,21	-2	-1
396	0,4,1,2,0	38,45,43,47,56	0,0,3	12,15,15	-2	-1
399	2,5,2,5,0	57,65,80,71,74	2,6,4	69,105,81	-2	-1
401	7,2,3,1,5	14,13,14,14,4	2,3,4	10,7,11	-2	-1
402	0,0,1,0,0	3,5,0,3,5	0,0,1	9,8,3	-2	-1
403	0,0,1,0,0	11,8,12,4,14	2,1,0	28,34,15	-2	-1
404	0,1,2,0,1	4,6,4,7,0	1,1,2	1,4,2	-2	-1
405	0,0,0,0,2	1,0,0,0,0	0,0,0	0,1,0	-2	-1
406	5,5,3,8,9	4,4,2,2,2	8,12,3	0,8,2	-2	-1
408	9,18,13,12,5	85,132,128,127,91	9,14,4	70,61,64	-2	-1
409	7,14,11,10,5	0,0,0,0,0	7,12,4	1,0,0	-2	-1
412	17,11,14,11,20	0,0,0,4,0	25,21,9	0,0,1	-2	-1
414	4,3,3,2,7	141,122,149,131,159	3,12,8	134,243,202	-2	-1
418	1,0,0,0,0	1,4,1,2,3	0,1,0	2,11,3	-2	-1
419	37,29,32,29,17	1,1,0,0,0	16,32,17	1,1,2	-2	-1
420	16,34,12,31,34	16,38,26,46,37	10,26,18	26,34,16	-2	-1
421	1,0,0,0,0	0,0,0,0,0	1,2,0	0,0,1	-2	-1
423	0,1,0,0,0	1,2,2,0,2	0,0,0	2,0,2	-2	-1
424	0,0,0,0,0	0,0,0,1,0	0,2,0	0,0,0	-2	-1
425	2,0,2,0,0	29,32,44,43,38	0,1,0	34,49,32	-2	-1
428	61,83,78,71,83	1,8,6,13,5	40,55,51	5,2,10	-2	-1
431	0,2,1,0,3	14,5,9,10,9	3,5,1	22,35,26	-2	-1
432	0,0,1,0,0	28,43,44,44,45	0,0,1	46,62,42	-2	-1
435	35,28,30,34,27	3,5,3,6,4	36,40,34	7,12,5	-2	-1
437	26,17,26,23,21	26,33,29,41,39	23,15,13	13,37,36	-2	-1
438	0,0,0,0,1	19,21,26,22,20	0,2,0	54,120,39	-2	-1
440	119,127,125,129,124	7,14,10,11,13	117,90,128	5,11,11	-2	-1
444	1,1,6,2,3	27,13,30,24,16	6,2,3	20,24,21	-2	-1
447	7,0,3,3,0	2,0,2,2,2	0,0,0	4,8,1	-2	-1
448	0,0,1,0,0	2,0,2,2,2	0,0,0	4,8,1	-2	-1
450	39,47,32,56,42	3,2,3,1,1	52,56,57	2,4,2	-2	-1
454	0,0,0,0,1	1,2,5,0,3	0,0,0	4,4,6	-2	-1
457	195,167,212,199,176	1,0,1,3,1	209,198,157	0,1,0	-2	-1
460	0,0,0,1,0	3,3,2,4,2	0,0,0	2,10,2	-2	-1
465	0,0,0,0,1	2,4,1,3,1	2,1,2	3,5,2	-2	-1
468	0,0,0,0,0	4,0,0,0,1	0,1,0	2,1,0	-2	-1
470	0,0,0,0,0	4,3,3,4,1	4,15,8	5,7,7	-2	-1
471	5,7,11,5,2	0,0,0,1,0	10,13,14	0,0,0	-2	-1
473	4,3,2,3,0	3,1,0,0,4	0,0,0	0,1,0	-2	-1
478	27,25,29,23,19	0,0,0,0,0	20,20,27	1,1,0	-2	-1
481	0,0,0,0,0	0,0,1,0,0	0,1,0	1,1,4	-2	-1
485	14,23,21,22,10	1,0,1,0,0	14,14,14	0,0,0	-2	-1
488	12,8,7,2,0	0,0,1,0,0	9,19,5	1,0,1	-2	-1
489	3,3,3,8,1	0,0,0,1,0	5,7,6	0,1,0	-2	-1
491	0,4,7,4,2	0,0,0,0,0	1,6,3	0,1,0	-2	-1
492	1,0,0,0,0	0,0,0,0,0	0,0,0	0,1,0	-2	-1
493	7,2,1,3,0	0,1,2,1,0	4,6,2	0,2,0	-2	-1
494	0,3,0,0,1	15,8,6,11,10	0,0,0	7,8,6	-2	-1
501	7,10,7,6,1	18,7,11,5,12	5,2,4	6,21,6	-2	-1
502	5,3,3,6,3	13,15,8,28,14	2,4,4	11,18,14	-2	-1
504	8,21,12,8,10	0,1,0,0,0	0,1,3	0,0,0	-2	-1
510	0,0,0,0,0	50,49,66,65,47	0,0,1	70,51,47	-2	-1
511	4,1,0,2,0	0,2,5,6,0	0,0,0	2,5,3	-2	-1
513	69,79,86,84,87	2,3,1,0,4	47,82,39	1,1,0	-2	-1
519	4,1,3,1,3	0,1,2,0,1	2,8,7	1,2,0	-2	-1
520	10,12,16,16,3	0,1,1,0,0	60,75,46	0,0,1	-2	-1
530	69,58,57,47,50	0,0,0,3,0	135,211,127	1,1,3	-2	-1
532	4,0,3,0,3	26,28,15,22,32	6,2,2	35,19,44	-2	-1
533	16,19,33,24,40	3,3,5,5,1	10,9,18	0,0,1	-2	-1
534	22,26,15,22,35	0,0,0,0,0	55,122,60	0,1,0	-2	-1
535	1,0,0,2,1	8,6,10,6,0	3,2,4	0,10,3	-2	-1
540	1,0,0,1,0	0,0,0,1,0	10,31,4	0,0,0	-2	-1
541	0,2,0,2,1	0,0,0,0,0	4,5,4	1,0,0	-2	-1
545	0,1,0,0,0	0,1,0,1,0	0,0,1	0,17,0	-2	-1
547	1,0,3,1,1	0,0,0,0,0	40,59,24	0,0,1	-2	-1
551	0,0,0,0,0	1,2,2,4,0	1,0,0	1,9,3	-2	-1
552	0,0,0,0,0	9,5,8,10,0	0,1,0	8,25,3	-2	-1
553	3,2,1,3,1	6,8,7,9,12	0,1,0	5,23,10	-2	-1
557	2,1,1,2,0	2,1,2,3,3	2,0,2	6,7,7	-2	-1
563	10,9,6,11,6	134,157,165,157,231	8,6,8	169,120,378	-2	-1
564	1,0,1,1,1	2,6,1,1,1	0,0,1	2,1,0	-2	-1
569	11,6,7,2,7	32,38,40,35,50	4,1,8	26,22,50	-2	-1
571	0,1,7,1,3	0,0,0,0,0	0,0,3	0,1,0	-2	-1
576	0,1,0,0,0	18,28,24,23,32	0,0,0	12,10,14	-2	-1
577	12,4,3,4,6	3,0,0,2,0	9,20,8	0,1,0	-2	-1
578	0,1,2,3,1	3,8,7,3,8	1,1,0	8,12,5	-2	-1
581	14,27,47,29,29	0,0,2,1,0	16,15,12	0,0,0	-2	-1
583	9,10,5,7,1	0,0,3,1,0	10,11,19	2,4,1	-2	-1
584	0,0,1,0,3	52,69,54,73,71	2,0,0	26,16,28	-2	-1
589	36,36,25,33,27	9,7,20,17,24	14,14,14	8,18,4	-2	-1
590	60,66,99,66,75	58,96,103,104,85	45,33,25	35,28,45	-2	-1
592	0,0,0,0,0	0,0,0,0,1	3,1,1	5,19,4	-2	-1
594	20,31,34,35,42	0,0,0,1,2	41,27,47	0,1,0	-2	-1
597	5,12,20,16,19	0,0,0,0,0	27,25,21	0,0,1	-2	-1
598	7,4,3,2,2	37,39,42,32,48	0,0,0	46,48,34	-2	-1
601	0,3,3,1,2	0,1,0,0,0	4,3,2	1,0,0	-2	-1
603	0,1,0,0,1	1,1,0,0,2	0,0,1	2,4,0	-2	-1
605	229,227,244,302,270	274,344,319,328,368	92,137,143	130,165,175	-2	-1
608	0,0,1,0,0	1,1,0,0,0	0,0,0	0,1,0	-2	-1
610	0,0,0,0,2	1,1,0,0,0	0,0,0	0,1,0	-2	-1
611	0,1,0,0,0	1,1,0,0,0	0,0,0	0,1,0	-2	-1
613	2,2,2,0,0	2,2,3,0,1	0,0,0	3,3,3	-2	-1
615	1,4,12,3,4	2,2,1,2,2	3,3,3	3,2,1	-2	-1
616	0,0,1,0,0	1,0,1,2,2	0,1,0	1,0,0	-2	-1
617	0,2,0,2,1	10,5,11,8,1	0,0,0	14,11,6	-2	-1
618	0,0,0,0,1	0,4,0,2,2	0,0,0	3,0,2	-2	-1
620	0,0,1,1,1	15,6,5,6,6	0,3,1	5,11,8	-2	-1
621	4,0,1,4,4	0,0,0,1,0	11,3,5	0,0,1	-2	-1
622	1,0,2,5,3	0,0,0,2,0	3,3,3	0,0,1	-2	-1
623	27,27,25,29,27	0,0,0,2,1	39,40,24	0,0,1	-2	-1
624	24,27,26,30,26	1,0,0,1,0	31,40,22	0,0,0	-2	-1
625	0,0,0,2,0	3,0,0,0,0	0,0,0	4,3,3	-2	-1
626	2,1,3,4,2	0,1,1,0,2	6,3,3	0,1,5	-2	-1
627	0,0,1,0,1	0,1,0,0,0	0,0,1	6,14,2	-2	-1
632	12,6,16,16,17	16,5,15,8,12	7,2,3	5,7,3	-2	-1
633	7,11,6,13,8	5,2,4,6,5	7,9,4	4,3,5	-2	-1
634	2,0,0,0,0	1,14,17,5,4	3,0,1	17,15,7	-2	-1
635	18,23,22,17,17	11,13,7,5,7	19,51,17	4,4,2	-2	-1
636	192,227,221,234,215	13,13,9,3,7	178,216,198	2,3,5	-2	-1
638	0,0,0,0,0	0,0,0,1,0	0,2,0	0,0,0	-2	-1
646	0,0,0,3,0	4,0,0,0,0	0,0,0	1,0,0	-2	-1
649	4,5,6,2,10	0,0,0,0,0	2,3,3	0,1,0	-2	-1
650	2,0,1,0,0	7,9,13,7,5	0,4,1	4,9,10	-2	-1
652	0,0,0,0,0	19,10,11,4,8	2,0,0	14,10,15	-2	-1
653	5,5,0,0,7	45,55,33,47,72	7,2,1	45,52,49	-2	-1
654	50,31,31,25,37	1,0,0,0,0	46,33,43	0,0,0	-2	-1
658	0,0,0,0,0	0,0,0,0,3	0,1,0	0,2,0	-2	-1
661	0,4,2,3,4	0,0,0,0,0	12,11,7	0,2,1	-2	-1
662	0,4,0,0,1	26,30,18,33,11	1,1,1	32,52,40	-2	-1
664	3,4,2,6,3	7,14,17,20,13	3,4,4	5,11,6	-2	-1
669	1,0,0,0,0	3,5,0,0,0	0,1,0	2,1,1	-2	-1
672	0,0,3,0,0	0,1,0,0,5	0,3,1	5,1,3	-2	-1
676	4,2,6,10,7	0,0,0,1,0	20,68,14	0,0,0	-2	-1
679	52,52,51,53,34	5,1,3,0,4	46,36,36	3,0,1	-2	-1
681	0,0,0,0,0	2,1,1,2,1	0,1,0	2,14,4	-2	-1
684	1,1,1,2,0	7,6,7,9,4	0,1,0	15,16,3	-2	-1
687	172,238,186,196,188	4,4,13,9,2	179,149,219	7,9,9	-2	-1
688	167,199,198,184,196	9,6,6,2,2	264,291,284	9,14,7	-2	-1
691	0,2,1,2,1	15,12,29,13,18	0,3,5	4,6,7	-2	-1
692	2,5,0,1,0	0,1,0,0,0	0,0,2	1,0,0	-2	-1
699	1,0,0,0,0	5,4,2,5,3	0,1,0	7,13,8	-2	-1
702	3,1,8,5,2	9,22,12,16,22	0,1,1	6,6,1	-2	-1
705	16,28,20,14,14	84,74,93,76,86	25,18,17	81,62,53	-2	-1
706	0,0,0,0,0	9,5,7,9,3	0,4,0	22,94,30	-2	-1
707	3,0,1,4,2	0,1,0,0,0	2,0,0	0,0,0	-2	-1
709	2,1,1,3,5	0,1,0,0,0	27,44,24	0,0,0	-2	-1
710	0,0,1,2,0	16,16,18,18,20	0,1,0	21,24,15	-2	-1
712	3,0,4,2,1	0,0,0,0,2	1,3,2	1,0,0	-2	-1
714	4,8,1,1,0	10,8,2,5,1	3,3,0	10,22,3	-2	-1
715	2,0,0,1,2	92,74,61,89,61	5,0,2	57,69,65	-2	-1
717	48,42,38,33,46	35,27,22,28,25	19,20,14	15,17,15	-2	-1
718	55,45,40,36,49	7,8,9,7,13	23,21,19	4,3,4	-2	-1
719	42,30,24,31,28	7,8,9,7,13	19,18,20	4,3,4	-2	-1
720	3,1,1,2,3	2,2,1,3,3	7,8,1	5,7,4	-2	-1
723	0,0,0,0,2	13,7,23,26,15	0,0,0	7,10,14	-2	-1
724	0,0,0,0,0	0,0,0,1,0	1,1,1	0,0,0	-2	-1
725	28,27,33,40,50	0,0,0,0,0	17,22,22	1,0,0	-2	-1
727	0,0,2,1,0	7,4,5,11,9	0,0,0	6,9,7	-2	-1
728	0,0,4,2,0	8,8,7,11,14	1,0,1	8,22,20	-2	-1
734	0,1,3,4,2	0,0,0,0,0	1,0,3	1,0,1	-2	-1
736	0,1,0,0,0	3,2,1,0,3	1,1,1	3,1,4	-2	-1
737	0,0,1,1,0	0,0,1,0,1	0,0,1	1,2,1	-2	-1
744	0,0,0,6,2	6,8,9,7,2	1,3,1	10,6,7	-2	-1
749	1,0,1,2,2	0,0,0,0,0	2,1,1	2,0,1	-2	-1
751	7,2,0,0,2	0,0,0,0,0	10,24,12	2,2,2	-2	-1
754	0,1,0,0,0	0,1,0,0,0	0,0,1	1,3,1	-2	-1
757	3,0,2,3,1	5,4,5,1,5	2,0,2	6,4,6	-2	-1
765	22,42,54,61,57	0,1,0,0,2	27,18,19	0,0,1	-2	-1
766	7,6,6,8,4	16,17,24,40,19	28,60,25	55,125,39	-2	-1
767	1,1,0,1,5	5,4,5,2,3	0,2,0	2,8,4	-2	-1
768	8,4,5,11,6	8,5,4,7,3	4,11,9	3,10,1	-2	-1
769	8,4,6,12,6	0,0,0,0,0	4,10,10	0,1,0	-2	-1
770	0,0,0,0,0	10,12,11,3,7	0,2,0	49,69,58	-2	-1
771	327,371,318,381,308	0,0,0,0,1	327,395,334	0,0,0	-2	-1
773	0,0,0,1,0	3,1,0,0,0	15,9,5	5,7,12	-2	-1
774	0,0,0,0,0	0,0,0,1,0	8,5,3	1,5,5	-2	-1
778	2,2,2,6,3	58,41,60,53,35	11,9,6	62,109,43	-2	-1
779	120,103,129,132,151	2,4,6,1,3	60,77,86	0,2,1	-2	-1
782	10,0,5,3,1	2,0,0,2,0	5,14,5	0,0,0	-2	-1
783	1,2,0,0,2	10,4,22,21,3	1,1,0	7,10,5	-2	-1
784	531,590,627,665,654	0,0,0,0,0	343,243,371	0,0,1	-2	-1
787	0,0,0,0,0	9,5,7,7,4	0,0,1	4,18,9	-2	-1
788	2,0,0,0,0	20,17,25,24,8	0,0,0	7,13,16	-2	-1
790	57,41,49,37,54	0,0,1,0,0	21,22,17	0,0,0	-2	-1
791	37,32,33,30,41	0,0,0,2,0	24,30,23	0,0,0	-2	-1
793	74,93,112,104,135	0,0,0,0,0	95,74,82	0,0,1	-2	-1
794	1,0,1,0,0	0,0,0,0,0	0,1,0	1,1,0	-2	-1
799	0,0,0,1,2	8,1,1,4,2	0,0,0	2,16,7	-2	-1
800	14,10,3,11,14	0,0,0,2,0	18,59,19	1,1,0	-2	-1
801	0,0,0,1,1	19,18,14,17,29	0,0,1	7,5,11	-2	-1
809	3,3,3,8,3	0,0,0,0,0	2,3,3	0,1,0	-2	-1
810	6,6,11,8,5	0,1,0,1,0	2,2,2	0,0,0	-2	-1
811	2,0,1,1,0	1,3,0,2,2	1,3,3	1,0,0	-2	-1
812	4,2,4,3,6	10,7,0,14,5	5,3,2	2,2,2	-2	-1
814	0,0,1,0,0	0,0,0,0,0	1,1,0	1,2,0	-2	-1
816	2,0,0,2,0	0,0,0,0,1	0,0,1	0,1,0	-2	-1
818	0,2,1,1,2	8,25,19,12,13	0,1,1	27,29,20	-2	-1
819	6,2,1,8,1	0,0,0,1,0	4,5,8	1,0,0	-2	-1
821	16,15,12,16,15	0,0,1,0,0	23,19,11	0,0,0	-2	-1
823	0,0,0,1,0	5,14,8,9,6	0,0,0	20,12,31	-2	-1
824	10,4,5,14,2	1,1,1,1,0	8,15,3	0,1,0	-2	-1
825	6,9,13,3,0	35,41,27,49,24	2,4,5	31,33,23	-2	-1
826	2,0,0,4,0	3,5,12,8,2	2,0,0	11,11,7	-2	-1
828	3,5,3,2,5	0,0,0,0,0	9,0,7	1,0,0	-2	-1
829	0,0,0,3,0	0,0,0,1,0	1,0,3	1,4,0	-2	-1
832	5,8,2,1,4	4,3,2,4,5	3,1,10	13,12,9	-2	-1
833	0,3,4,0,2	6,4,5,6,3	5,6,5	11,17,10	-2	-1
834	0,0,0,0,0	0,0,0,1,0	0,0,1	0,5,1	-2	-1
835	0,2,1,0,0	0,0,0,1,2	3,20,3	6,3,1	-2	-1
836	3,0,0,3,1	81,83,92,86,96	0,0,3	82,99,79	-2	-1
838	0,0,0,0,0	6,5,9,13,5	0,0,1	6,9,4	-2	-1
839	0,0,0,0,0	0,0,1,0,2	0,0,1	3,3,4	-2	-1
840	1,6,4,2,3	17,25,18,13,30	2,4,2	17,24,19	-2	-1
841	2,1,2,1,2	36,34,29,29,21	3,2,0	40,16,30	-2	-1
843	5,2,6,4,3	13,17,20,18,15	3,2,6	7,10,8	-2	-1
845	16,18,11,7,12	208,238,221,201,227	16,17,26	184,226,203	-2	-1
855	1,1,0,0,0	7,0,5,12,1	3,5,1	22,46,22	-2	-1
856	7,18,9,19,3	0,0,0,0,0	13,13,11	3,2,0	-2	-1
862	220,141,219,169,184	2,2,4,3,2	226,181,254	3,0,1	-2	-1
863	18,7,14,10,9	2,6,2,0,3	15,8,16	4,1,4	-2	-1
864	0,0,4,6,7	0,0,1,0,0	0,0,1	0,0,0	-2	-1
868	0,0,3,0,2	0,0,3,0,5	3,0,1	0,2,0	-2	-1
870	11,17,12,13,15	204,264,262,247,394	2,6,10	298,190,351	-2	-1
871	6,2,5,0,9	0,0,0,0,0	2,1,6	1,0,0	-2	-1
872	6,5,4,11,3	0,1,1,0,0	15,11,11	0,0,0	-2	-1
875	26,15,19,21,11	4,8,1,5,2	23,16,13	5,2,5	-2	-1
879	0,1,0,1,0	0,0,0,1,0	4,7,7	2,1,1	-2	-1
882	0,2,0,3,0	10,18,18,13,18	1,5,4	11,3,12	-2	-1
887	1,2,3,2,3	16,17,23,30,43	52,54,90	547,667,789	-2	-1
888	1999,2679,3185,3303,3687	4,6,1,3,0	12988,11420,11596	10,6,9	-2	-1
890	3,3,4,2,8	22,29,20,22,23	1,1,2	11,22,13	-2	-1
891	45,35,43,40,38	1,3,5,2,2	24,25,19	3,3,1	-2	-1
892	50,40,44,47,45	0,3,0,0,2	31,30,21	2,4,2	-2	-1
893	6,8,6,9,9	0,3,0,0,2	10,8,3	2,4,2	-2	-1
894	5,5,1,7,9	2,1,5,2,2	8,6,2	3,3,0	-2	-1
896	4,0,0,1,0	0,1,0,1,1	4,5,4	0,20,4	-2	-1
897	63,65,84,99,65	1,0,0,0,0	40,36,30	0,1,0	-2	-1
898	26,28,29,25,18	15,9,15,19,9	12,29,7	6,9,9	-2	-1
899	5,1,8,4,1	0,0,0,0,0	12,27,13	0,1,0	-2	-1
900	0,0,0,0,0	1,0,0,2,0	2,0,0	5,34,9	-2	-1
903	0,1,0,0,3	0,0,2,1,0	0,2,0	0,4,0	-2	-1
905	0,0,0,0,0	0,1,0,0,0	0,8,0	0,1,2	-2	-1
907	8,9,7,3,3	3,5,3,13,3	7,16,10	3,13,2	-2	-1
909	11,11,14,19,8	3,1,4,1,3	24,40,20	9,7,4	-2	-1
910	1,9,2,2,3	19,10,10,18,15	3,4,2	26,21,22	-2	-1
916	0,0,0,0,0	3,0,0,2,0	1,5,0	13,48,9	-2	-1
920	43,46,29,40,50	0,0,0,0,0	23,22,30	0,1,0	-2	-1
921	0,0,1,0,1	43,46,29,40,50	0,1,0	23,22,30	-2	-1
923	0,0,0,3,2	0,0,0,2,0	2,3,3	5,4,0	-2	-1
924	7,13,12,18,8	28,28,47,48,40	12,13,10	48,72,41	-2	-1
925	6,1,5,4,1	1,3,5,7,4	7,15,5	19,27,24	-2	-1
926	16,13,8,12,6	0,0,0,0,0	11,8,2	0,1,0	-2	-1
928	6,10,8,12,7	9,8,9,16,17	9,10,13	17,38,18	-2	-1
930	3,0,0,0,1	4,9,7,10,9	1,1,3	11,30,12	-2	-1
931	4,0,0,0,1	89,69,93,95,68	0,1,0	60,50,63	-2	-1
934	16,31,19,22,30	0,2,0,0,0	16,21,14	0,0,0	-2	-1
936	0,4,2,5,4	27,43,49,28,56	2,2,1	33,33,36	-2	-1
937	14,29,27,36,12	1,0,0,0,0	22,34,28	0,0,0	-2	-1
939	8,1,8,7,3	1,0,1,0,0	7,9,3	0,0,0	-2	-1
940	0,0,0,0,0	0,0,1,0,0	5,0,0	1,0,0	-2	-1
941	0,0,1,0,0	1,3,2,1,0	1,0,0	3,0,2	-2	-1
945	10,7,14,6,15	0,1,0,0,0	7,2,0	0,0,0	-2	-1
950	0,2,2,4,1	26,25,35,25,34	3,1,1	23,22,26	-2	-1
957	0,1,0,0,0	14,29,10,9,13	0,0,0	4,9,6	-2	-1
960	0,1,2,4,2	0,1,1,2,2	0,1,3	1,2,0	-2	-1
965	22,31,26,37,18	1,0,1,1,0	25,38,25	0,4,0	-2	-1
966	0,0,0,0,0	1,0,1,0,0	0,1,2	1,3,0	-2	-1
967	8,20,26,12,16	0,0,0,1,0	21,23,20	0,0,0	-2	-1
968	4,1,9,4,0	37,50,54,38,48	2,2,2	49,71,28	-2	-1
970	13,9,8,17,5	20,28,36,23,25	5,9,4	8,20,15	-2	-1
971	15,6,11,8,8	0,0,0,0,1	13,41,21	0,0,1	-2	-1
973	5,7,6,6,3	82,79,93,73,78	6,1,5	52,56,52	-2	-1
974	5,0,1,3,1	1,0,0,0,5	22,36,15	6,6,1	-2	-1
980	0,0,0,0,0	0,0,0,2,0	0,0,2	0,1,0	-2	-1
986	1,0,2,4,0	1,4,2,3,3	2,3,0	4,9,7	-2	-1
989	0,0,0,0,0	0,0,0,1,3	0,3,0	4,6,1	-2	-1
990	125,112,121,135,166	0,0,0,0,0	159,130,117	0,1,0	-2	-1
994	0,0,0,2,0	1,3,2,3,0	0,0,1	6,4,7	-2	-1
997	218,229,217,209,247	1,0,0,0,0	98,121,86	1,0,1	-2	-1
998	2,0,0,1,0	1,2,4,1,0	0,0,0	0,3,1	-2	-1
999	96,82,92,74,143	0,0,0,1,0	32,58,47	0,0,2	-2	-1
1003	2,2,1,0,1	0,0,1,0,0	5,4,3	0,0,0	-2	-1
1004	0,0,0,0,1	0,0,1,0,0	0,1,0	0,0,0	-2	-1
1005	0,0,0,0,1	2,2,1,0,1	0,1,0	5,4,3	-2	-1
1007	4,6,3,4,9	0,2,0,0,0	11,18,12	2,1,1	-2	-1
1011	2,5,10,6,2	26,50,37,46,40	9,5,2	41,34,38	-2	-1
1014	4,9,17,16,8	0,0,0,0,1	10,11,1	0,0,1	-2	-1
1017	19,16,13,16,10	1,0,0,0,0	13,11,8	0,0,0	-2	-1
1018	0,0,0,0,0	38,35,31,31,34	1,1,1	31,74,73	-2	-1
1019	148,137,124,158,104	2,4,3,4,0	109,118,131	0,0,0	-2	-1
1020	31,35,50,44,39	0,0,1,0,0	17,5,10	0,0,0	-2	-1
1023	14,38,28,26,22	1,0,0,0,0	15,8,22	0,0,0	-2	-1
1024	19,12,14,25,26	246,286,258,306,252	43,33,21	495,475,410	-2	-1
1026	0,0,0,1,0	2,3,6,6,2	0,5,0	1,8,9	-2	-1
1027	12,18,14,14,18	2,1,4,1,2	8,34,23	1,2,2	-2	-1
1028	3,2,0,1,1	1,2,0,4,0	1,4,2	0,1,0	-2	-1
1029	254,242,282,305,288	0,0,0,0,1	556,662,560	0,0,1	-2	-1
1033	4,2,6,5,2	0,2,0,0,0	12,13,6	0,0,0	-2	-1
1034	0,0,0,1,0	3,1,4,0,2	0,0,0	1,0,2	-2	-1
1036	0,0,2,2,0	10,5,17,5,5	0,2,0	28,57,16	-2	-1
1037	0,0,0,0,0	299,305,273,301,264	0,0,1	80,61,76	-2	-1
1038	0,0,0,0,0	29,18,36,25,20	1,0,0	25,28,24	-2	-1
1040	19,32,39,33,21	1,0,3,3,1	6,14,20	1,0,3	-2	-1
1041	0,1,3,0,0	4,0,0,0,1	0,2,0	1,2,0	-2	-1
1046	0,0,0,3,0	0,0,0,1,0	1,0,0	1,1,0	-2	-1
1048	2,4,4,2,3	14,15,12,8,8	0,1,1	4,13,5	-2	-1
1050	0,0,0,0,0	21,25,20,23,23	0,0,1	61,125,42	-2	-1
1053	5,4,8,9,8	13,39,53,41,66	2,3,4	21,15,29	-2	-1
1054	55,74,65,61,68	0,2,0,0,4	42,45,62	0,0,0	-2	-1
1055	9,5,8,6,4	1,0,0,2,0	4,4,8	0,0,0	-2	-1
1056	0,0,0,0,1	0,0,0,2,0	0,3,4	1,2,1	-2	-1
1059	0,1,0,0,0	0,0,0,0,0	0,0,0	5,0,0	-2	-1
1062	2,2,0,3,1	1,3,1,2,1	0,1,0	0,1,1	-2	-1
1064	7,9,6,6,8	683,720,669,728,826	10,8,9	445,672,627	-2	-1
1068	1,0,0,1,0	2,5,2,0,0	3,0,1	1,4,2	-2	-1
1072	265,215,210,216,233	164,129,129,142,106	316,336,278	187,190,175	-2	-1
1073	265,215,210,216,233	17,6,8,6,10	316,336,278	17,17,14	-2	-1
1074	17,6,8,6,10	164,129,129,142,106	17,17,14	187,190,175	-2	-1
1075	66,33,40,53,34	0,0,0,1,1	52,43,47	0,1,0	-2	-1
1076	0,0,0,0,0	8,3,1,5,7	0,1,0	23,28,18	-2	-1
1078	0,2,1,0,0	1,0,0,0,2	2,8,2	1,3,0	-2	-1
1079	0,1,1,2,1	2,1,5,3,1	2,2,2	0,1,1	-2	-1
1080	1,0,0,2,0	1,2,1,4,0	2,1,0	3,6,0	-2	-1
1083	0,1,0,0,0	6,3,4,2,7	0,0,0	17,50,13	-2	-1
1085	0,1,0,3,1	13,19,27,46,26	0,0,2	17,36,32	-2	-1
1086	1,0,0,0,0	2,5,1,8,0	0,0,0	0,3,0	-2	-1
1088	3,1,3,4,1	18,18,15,11,8	3,5,3	18,34,17	-2	-1
1091	26,28,44,39,21	0,0,0,0,1	37,40,34	0,0,0	-2	-1
1092	0,0,0,0,0	3,0,0,0,0	1,0,0	4,0,1	-2	-1
1093	0,0,0,0,0	1,2,0,0,4	1,0,1	1,2,0	-2	-1
1094	15,27,17,26,20	0,0,0,0,0	17,26,16	0,0,1	-2	-1
1095	0,6,4,3,2	0,1,0,0,0	5,23,12	1,0,2	-2	-1
1097	0,0,0,0,0	1,9,0,2,2	0,2,0	6,13,5	-2	-1
1110	2,0,0,5,0	0,0,0,1,0	0,1,0	0,0,0	-2	-1
1113	2,0,0,3,1	22,22,23,31,25	5,1,0	18,24,15	-2	-1
1122	3,1,2,5,1	0,0,0,1,2	0,4,4	0,0,0	-2	-1
1123	1,1,2,3,5	0,0,0,0,0	10,13,12	0,1,0	-2	-1
1124	0,0,0,0,0	32,32,29,52,40	0,2,0	18,22,18	-2	-1
1127	4,2,0,2,0	19,14,18,22,23	4,10,5	46,115,82	-2	-1
1128	2,6,5,7,4	0,1,0,0,0	2,8,7	1,0,1	-2	-1
1139	0,1,0,0,0	56,52,66,44,69	0,0,0	26,21,32	-2	-1
1144	0,0,0,1,0	7,9,11,9,5	0,0,0	3,8,5	-2	-1
1146	7,11,3,13,7	5,10,2,3,7	13,25,15	11,21,21	-2	-1
1147	7,11,3,13,7	8,8,2,5,2	13,25,15	11,13,13	-2	-1
1148	7,11,3,13,7	1,2,0,1,2	13,25,15	6,6,6	-2	-1
1149	5,10,2,3,7	8,8,2,5,2	11,21,21	11,13,13	-2	-1
1150	5,10,2,3,7	1,2,0,1,2	11,21,21	6,6,6	-2	-1
1151	8,8,2,5,2	1,2,0,1,2	11,13,13	6,6,6	-2	-1
1152	55,82,60,64,101	526,537,546,574,697	29,34,52	298,223,323	-2	-1
1154	6,1,3,4,1	16,18,26,12,21	2,1,1	15,16,9	-2	-1
1158	87,87,65,89,57	0,0,0,1,0	103,138,76	3,0,0	-2	-1
1161	2,0,1,1,0	3,4,3,0,3	0,1,0	8,9,3	-2	-1
1164	0,0,3,0,0	2,0,0,1,2	1,4,3	1,3,1	-2	-1
1165	0,0,0,0,0	0,3,0,0,2	0,1,0	0,2,2	-2	-1
1169	22,19,20,30,7	30,38,28,36,24	20,15,15	20,20,38	-2	-1
1171	3,3,0,6,3	17,35,45,34,33	0,2,1	15,12,17	-2	-1
1172	4,6,5,7,5	0,1,2,2,0	3,8,4	0,3,0	-2	-1
1173	3,7,6,10,11	0,4,1,1,0	5,9,10	0,1,2	-2	-1
1181	2,2,0,0,1	0,0,0,1,1	0,1,1	0,0,0	-2	-1
1187	6,3,2,6,9	35,45,26,45,41	2,9,4	56,100,67	-2	-1
1191	0,0,0,0,0	2,5,4,10,6	2,4,0	5,11,7	-2	-1
1192	1,0,0,7,0	1,3,1,4,1	5,10,8	7,8,10	-2	-1
1202	18,18,28,22,22	25,22,21,10,19	19,22,20	17,12,15	-2	-1
1203	34,69,66,54,61	0,0,0,1,2	35,30,33	0,0,0	-2	-1
1205	1624,1917,2185,1990,2353	0,0,1,0,0	1312,952,1427	0,0,0	-2	-1
1206	0,0,0,3,3	26,35,26,24,31	1,1,1	63,105,58	-2	-1
1207	0,1,0,2,0	2,5,1,1,0	0,0,0	1,3,0	-2	-1
1208	34,38,43,41,28	2,5,1,1,0	29,70,48	1,3,0	-2	-1
1209	34,38,43,41,28	0,1,0,2,0	29,70,48	0,0,0	-2	-1
1210	18,12,24,15,29	34,49,40,54,36	8,12,13	44,41,31	-2	-1
1211	1,0,0,0,1	10,12,5,7,10	2,7,1	15,45,21	-2	-1
1212	0,0,0,2,0	0,0,0,0,0	1,5,0	1,0,0	-2	-1
1213	0,0,1,0,0	2,6,3,6,10	1,0,0	9,8,7	-2	-1
1217	0,5,5,2,1	53,57,75,72,75	16,17,12	49,90,82	-2	-1
1223	48,35,65,43,36	1,0,3,2,0	21,47,33	0,0,0	-2	-1
1224	6,1,5,4,3	12,10,6,14,12	0,7,2	10,15,7	-2	-1
1227	13,8,4,5,6	170,141,149,179,146	7,5,9	157,257,158	-2	-1
1229	0,0,0,0,0	1,3,6,1,4	0,2,0	8,2,3	-2	-1
1230	2,0,1,1,1	16,24,13,32,14	6,3,4	26,54,30	-2	-1
1232	0,7,1,1,5	1,2,2,2,4	7,12,5	8,21,1	-2	-1
1238	1,0,0,0,1	2,0,3,1,0	2,0,0	5,9,2	-2	-1
1242	3,1,3,1,1	5,0,0,0,0	2,4,1	0,0,0	-2	-1
1244	2142,2505,2498,2440,2899	0,1,2,1,3	1532,988,1906	2,1,3	-2	-1
1245	0,0,0,1,0	1,1,5,0,1	0,0,1	7,12,8	-2	-1
1247	44,29,48,51,35	17,9,14,14,8	19,30,26	10,2,7	-2	-1
1248	44,29,48,51,35	5,3,5,2,6	19,30,26	1,0,1	-2	-1
1249	17,9,14,14,8	5,3,5,2,6	10,2,7	1,0,1	-2	-1
1251	25,16,15,25,11	0,0,0,0,0	88,214,75	0,2,0	-2	-1
1255	4,5,6,6,2	0,0,0,0,0	8,11,4	0,1,0	-2	-1
1257	0,0,1,0,0	54,46,40,38,55	0,0,2	97,204,118	-2	-1
1258	0,2,1,2,1	1,0,4,1,0	2,1,1	6,2,5	-2	-1
1259	0,6,1,3,0	15,22,21,15,14	6,3,2	26,24,19	-2	-1
1261	0,0,1,3,0	2,6,3,9,5	1,2,6	6,3,11	-2	-1
1262	0,0,1,5,0	3,1,0,2,0	0,2,5	2,1,2	-2	-1
1265	0,0,0,3,3	0,1,0,0,0	1,1,1	0,1,0	-2	-1
1266	6,1,5,2,3	0,0,0,0,0	6,53,7	2,11,1	-2	-1
1267	6,5,7,3,2	1,0,3,0,0	2,6,3	0,0,1	-2	-1
1268	2,2,0,1,2	94,85,113,87,99	0,1,1	53,43,60	-2	-1
1271	1,0,0,0,1	2,2,0,0,1	0,0,1	3,0,7	-2	-1
1272	7,8,5,7,2	19,20,31,17,14	6,10,8	15,19,24	-2	-1
1275	0,1,2,1,0	0,0,0,0,0	1,0,1	0,3,2	-2	-1
1276	0,0,0,0,0	1,1,1,1,2	4,2,0	4,5,2	-2	-1
1277	3,6,7,8,12	0,0,0,0,0	61,135,49	0,0,1	-2	-1
1278	12,12,16,4,6	438,481,500,393,517	5,5,1	297,237,540	-2	-1
1280	194,155,172,213,185	0,0,0,0,1	155,104,116	0,0,0	-2	-1
1282	8,7,2,5,8	16,16,16,14,14	0,1,4	13,21,10	-2	-1
1283	0,0,0,0,0	1,2,1,0,4	1,0,0	1,0,1	-2	-1
1284	2,2,9,1,4	39,40,30,48,51	3,5,10	38,41,33	-2	-1
1285	5,3,5,7,4	24,18,20,36,35	7,2,3	46,31,40	-2	-1
1286	0,1,2,0,0	5,0,4,3,0	0,0,0	6,11,13	-2	-1
1289	5,10,7,6,9	1,0,0,4,2	1,3,0	7,0,2	-2	-1
1300	1,1,6,5,2	1,0,0,0,0	1,5,0	0,0,0	-2	-1
1301	6,4,3,9,0	2,2,0,0,0	0,9,0	0,0,0	-2	-1
1305	3,2,1,2,0	0,0,0,0,1	1,3,2	0,2,1	-2	-1
1306	1,1,0,1,0	0,0,0,0,2	2,5,0	4,6,0	-2	-1
1308	4,0,1,2,1	18,17,22,18,11	0,1,3	3,8,6	-2	-1
1309	3,2,2,7,2	0,0,1,2,0	11,17,7	0,2,1	-2	-1
1312	5,4,3,4,0	151,133,175,135,140	11,4,2	247,219,275	-2	-1
1313	0,1,0,0,0	23,8,6,17,8	3,1,1	21,9,21	-2	-1
1314	81,101,108,124,111	1,0,1,0,0	84,52,99	0,1,0	-2	-1
1316	12,29,19,19,9	6,8,10,9,2	11,18,12	8,20,15	-2	-1
1317	0,0,0,0,0	0,0,1,1,1	1,5,1	2,1,2	-2	-1
1321	0,1,1,1,3	0,0,0,1,0	0,1,0	0,0,0	-2	-1
1322	23,10,18,19,12	1,0,0,0,0	4,8,6	0,0,0	-2	-1
1325	0,0,1,0,3	0,1,0,0,0	1,0,0	0,0,0	-2	-1
1326	15,12,15,20,10	0,0,0,3,0	1,14,10	0,0,0	-2	-1
1328	91,68,48,60,55	0,0,0,0,1	95,100,87	0,0,0	-2	-1
1329	0,0,0,0,0	0,1,0,0,0	1,0,0	0,0,0	-2	-1
1330	0,0,5,0,3	0,0,0,0,0	2,5,3	1,0,1	-2	-1
1331	0,0,0,3,4	0,0,0,0,0	4,1,1	0,2,1	-2	-1
1334	2,0,1,1,0	0,0,1,0,0	1,11,3	1,3,2	-2	-1
1338	5,7,7,5,8	0,4,1,1,0	5,10,10	0,0,1	-2	-1
1341	2,1,2,0,1	19,28,27,16,33	0,6,0	19,9,30	-2	-1
1342	3,2,2,3,10	26,24,25,36,28	0,4,4	19,25,21	-2	-1
1357	2,0,0,0,0	8,1,1,6,2	0,1,1	7,10,12	-2	-1
1358	1,1,0,0,0	2,3,3,0,3	1,0,0	1,6,7	-2	-1
1359	9,8,5,17,9	0,0,0,0,0	16,31,11	0,1,0	-2	-1
1361	0,0,0,0,0	0,0,1,0,0	2,0,0	0,0,0	-2	-1
1365	1,0,0,0,0	2,0,0,0,1	0,0,0	0,3,0	-2	-1
1369	0,0,0,0,0	1,0,0,0,0	0,0,2	0,2,0	-2	-1
1371	0,0,0,0,0	2,0,1,0,1	0,2,0	1,3,2	-2	-1
1373	0,0,0,0,0	8,3,5,4,2	0,5,0	42,64,31	-2	-1
1377	0,0,0,0,0	3,6,7,2,3	0,1,1	7,8,11	-2	-1
1378	0,0,0,1,0	0,0,0,0,0	0,1,0	3,1,0	-2	-1
1379	0,0,0,1,2	7,3,9,9,11	3,2,0	7,6,7	-2	-1
1380	44,41,40,34,47	0,0,0,1,0	37,42,33	0,0,0	-2	-1
1384	4,2,0,1,0	0,0,0,0,3	5,7,1	0,2,0	-2	-1
1385	2,0,0,0,0	0,0,0,0,0	6,5,3	2,0,1	-2	-1
1386	9,4,8,3,1	5,0,1,0,0	16,40,8	1,4,0	-2	-1
1387	71,55,34,72,63	18,5,6,4,10	59,89,64	6,18,10	-2	-1
1388	4,4,8,10,9	1,0,0,0,0	5,9,1	6,1,1	-2	-1
1391	8,2,3,6,2	78,81,54,67,57	1,5,1	79,86,33	-2	-1
1392	0,1,0,0,0	0,0,0,1,4	1,0,0	0,1,1	-2	-1
1393	0,0,0,0,0	7,11,9,7,17	0,0,1	8,14,3	-2	-1
1394	6,5,12,7,7	5,10,5,11,2	20,40,15	4,28,9	-2	-1
1399	3,1,0,2,3	72,54,73,60,78	3,2,2	43,45,58	-2	-1
1401	53,54,61,53,67	0,0,0,2,3	43,42,48	1,1,1	-2	-1
1403	0,0,2,0,1	0,0,1,0,0	1,3,2	0,0,0	-2	-1
1405	56,34,37,50,25	0,2,1,0,0	42,74,60	2,0,3	-2	-1
1407	4,1,3,4,1	3,2,3,7,6	3,1,2	4,3,2	-2	-1
1409	130,119,103,148,130	0,0,3,0,0	131,118,169	0,0,0	-2	-1
1411	14,23,21,44,26	51,35,36,31,30	10,6,12	26,22,25	-2	-1
1417	6,4,0,3,1	0,0,0,0,0	12,41,2	1,0,0	-2	-1
1419	49,58,59,69,48	0,0,0,0,0	26,32,21	0,2,0	-2	-1
1422	1,1,6,9,2	0,1,1,1,0	2,3,4	2,0,1	-2	-1
1423	2,7,6,6,4	1,2,1,5,1	0,1,0	0,1,0	-2	-1
1424	21,19,16,15,17	29,18,30,26,23	18,17,21	16,12,22	-2	-1
1425	1,0,0,0,11	0,1,6,4,8	11,5,7	0,9,5	-2	-1
1426	0,2,1,1,0	1,3,1,2,4	0,0,0	3,1,0	-2	-1
1430	0,3,1,0,3	0,0,2,4,5	0,0,3	1,2,0	-2	-1
1431	1,0,1,1,3	0,0,0,0,0	3,2,4	0,1,1	-2	-1
1432	0,3,4,2,1	0,0,3,2,3	7,15,8	11,27,17	-2	-1
1433	59,72,74,66,54	3,3,0,7,2	52,39,65	1,1,1	-2	-1
1438	4,3,2,4,4	0,0,0,0,0	1,0,0	0,1,0	-2	-1
1439	55,93,99,80,98	2,9,5,6,1	52,30,45	1,2,0	-2	-1
1444	0,1,0,0,1	0,0,1,0,0	0,0,0	1,0,0	-2	-1
1445	0,2,2,1,1	0,0,0,0,0	10,19,1	3,4,0	-2	-1
1447	12,6,7,12,8	0,0,0,1,0	4,3,9	0,1,0	-2	-1
1449	47,48,43,50,41	0,1,0,0,1	14,34,32	0,0,0	-2	-1
1450	5,0,2,4,2	92,83,103,98,80	4,5,3	58,42,78	-2	-1
1452	3,0,2,2,1	6,13,9,9,7	0,2,1	5,24,8	-2	-1
1455	2,3,3,6,2	0,0,4,1,0	5,2,0	0,0,0	-2	-1
1458	1,0,0,0,0	2,0,1,0,1	0,5,0	0,0,0	-2	-1
1460	137,121,120,137,120	0,0,2,0,0	133,203,184	3,0,1	-2	-1
1463	6,9,1,7,1	1,5,5,4,1	4,10,5	4,3,5	-2	-1
1464	11,11,13,9,12	2,0,1,2,0	8,8,19	0,0,0	-2	-1
1465	17,14,11,10,7	0,2,3,3,0	11,10,15	0,2,0	-2	-1
1466	1214,1173,1312,1152,1491	0,0,0,0,2	506,386,474	0,0,0	-2	-1
1468	0,3,0,4,2	0,0,0,0,1	2,1,4	1,2,1	-2	-1
1469	0,0,0,0,0	1,0,3,0,2	0,0,1	0,3,3	-2	-1
1470	4,2,2,3,1	43,79,67,50,80	1,2,3	34,49,27	-2	-1
1471	7,10,5,2,6	0,0,1,0,0	19,56,16	0,0,2	-2	-1
1472	9,13,7,14,3	10,6,11,9,6	40,59,43	24,34,23	-2	-1
1473	9,13,13,15,18	0,0,0,0,1	6,3,6	0,0,0	-2	-1
1474	3,4,3,2,2	13,12,11,8,7	16,23,12	35,42,23	-2	-1
1475	10,8,14,3,6	210,205,252,205,186	18,13,13	180,198,235	-2	-1
1476	0,0,0,0,2	4,0,0,2,0	0,3,0	19,24,13	-2	-1
1477	1,0,0,1,0	72,46,54,43,51	0,0,1	28,84,52	-2	-1
1478	7,8,12,8,7	0,0,1,0,1	7,6,7	0,1,0	-2	-1
1479	0,0,0,0,0	92,102,129,122,128	0,1,0	86,55,73	-2	-1
1482	0,0,0,1,2	0,1,1,3,0	2,0,0	0,1,2	-2	-1
1485	17,12,5,9,5	27,23,18,16,20	8,2,4	32,48,27	-2	-1
1486	65,84,51,65,61	0,2,1,1,0	107,116,99	0,0,0	-2	-1
1487	154,164,130,141,121	0,2,1,1,0	228,242,163	0,0,0	-2	-1
1488	155,167,132,148,124	65,84,51,65,61	233,245,165	107,116,99	-2	-1
1489	49,45,29,47,16	0,0,0,0,0	38,36,24	2,0,0	-2	-1
1490	170,169,155,170,146	9,3,5,7,3	104,162,87	7,8,3	-2	-1
1494	0,1,0,1,0	32,28,38,52,34	0,0,0	21,35,25	-2	-1
1495	0,1,1,0,0	1,3,0,1,2	1,0,2	2,8,0	-2	-1
1504	2,0,3,3,0	0,0,0,3,0	0,3,0	0,0,0	-2	-1
1506	69,58,97,99,69	1,1,1,4,2	70,57,70	0,1,3	-2	-1
1507	0,0,0,0,0	0,0,0,1,0	0,1,0	0,0,0	-2	-1
1509	0,0,0,2,0	1,0,0,5,1	0,0,2	1,8,1	-2	-1
1510	1,3,1,2,2	0,0,0,0,0	3,8,0	0,1,0	-2	-1
1513	0,0,1,0,0	4,3,0,8,10	1,0,0	20,24,20	-2	-1
1515	2,2,0,1,0	0,0,0,0,0	17,37,12	0,0,1	-2	-1
1516	3,5,2,3,2	0,0,0,0,0	9,19,1	0,4,0	-2	-1
1517	37,31,26,36,37	3,4,5,4,3	26,23,13	4,1,2	-2	-1
1520	16,7,9,6,3	0,0,2,2,0	3,12,9	0,0,0	-2	-1
1521	3,3,5,2,6	13,11,2,10,3	1,1,4	9,9,13	-2	-1
1525	16,21,20,25,22	0,0,0,0,1	17,14,13	0,0,0	-2	-1
1526	2,2,0,2,1	3,1,0,7,3	1,2,0	1,2,3	-2	-1
1527	7,9,3,2,13	0,0,0,0,0	10,28,3	0,1,0	-2	-1
1529	0,0,3,0,0	16,17,27,16,26	1,1,0	30,30,33	-2	-1
1530	190,198,190,178,179	0,1,0,4,1	128,110,131	0,0,1	-2	-1
1531	81,101,112,141,105	197,169,202,184,161	36,30,47	95,101,88	-2	-1
1532	282,275,318,340,279	3,0,2,4,1	121,118,110	0,0,2	-2	-1
1533	49,56,51,58,60	0,0,1,2,0	98,145,74	2,1,4	-2	-1
1535	0,1,1,0,1	0,0,0,0,0	0,0,0	0,1,0	-2	-1
1536	1,3,3,2,1	28,37,27,37,20	0,2,1	23,25,18	-2	-1
1537	0,0,0,0,0	6,10,7,9,7	0,0,1	16,17,9	-2	-1
1540	2,8,6,7,6	0,0,0,0,0	20,37,13	1,2,0	-2	-1
1541	4,4,6,3,4	1,1,0,0,0	5,52,9	1,3,1	-2	-1
1544	8,10,3,13,6	0,0,0,1,0	15,14,11	0,0,0	-2	-1
1545	1,2,1,2,1	10,19,11,14,20	1,1,0	7,5,3	-2	-1
1546	0,0,1,0,0	0,1,0,2,0	1,0,0	1,1,0	-2	-1
1552	6,15,15,8,6	0,1,0,0,0	6,0,5	0,0,0	-2	-1
1553	8,16,22,10,8	0,0,2,3,1	7,1,6	1,0,0	-2	-1
1554	2,2,7,2,2	0,0,2,3,1	1,1,1	1,0,0	-2	-1
1555	0,0,0,0,0	3,0,2,1,0	1,24,3	4,27,7	-2	-1
1556	6,3,1,3,0	48,81,62,54,58	2,2,1	71,52,77	-2	-1
1558	0,0,0,0,0	0,0,3,1,3	0,0,1	0,2,4	-2	-1
1559	0,0,0,0,0	0,0,3,2,0	1,0,0	2,7,0	-2	-1
1565	0,0,0,0,0	29,20,19,23,26	0,0,1	52,55,29	-2	-1
1568	0,5,1,1,0	29,29,22,23,30	0,0,3	28,24,22	-2	-1
1570	0,0,0,2,0	1,4,8,5,5	1,0,0	8,4,8	-2	-1
1571	0,0,0,2,0	0,0,0,2,0	1,1,0	0,0,0	-2	-1
1572	1,4,8,5,5	0,0,0,2,0	8,5,8	0,0,0	-2	-1
1574	7,15,11,9,12	9,12,12,19,12	11,20,19	13,5,15	-2	-1
1578	1,4,4,3,6	44,50,42,57,33	4,7,2	41,44,51	-2	-1
1579	40,53,46,40,42	0,0,0,0,2	42,52,41	0,0,4	-2	-1
1580	321,272,269,318,266	1,1,0,2,0	424,548,447	2,1,0	-2	-1
1581	0,0,0,0,2	2,1,1,7,1	0,0,0	2,0,0	-2	-1
1584	7,19,18,19,8	2,3,2,0,0	36,51,23	1,0,2	-2	-1
1587	11,10,9,10,10	54,83,102,92,62	15,6,6	45,77,53	-2	-1
1588	0,0,0,0,4	3,8,4,5,1	0,0,0	10,13,9	-2	-1
1589	52,31,47,63,81	354,201,187,237,539	15,30,7	37,113,57	-2	-1
1590	5,2,3,4,6	5,8,1,1,2	1,4,2	5,5,4	-2	-1
1593	1,0,3,1,3	0,1,1,0,0	2,6,0	1,0,0	-2	-1
1595	1,4,2,5,0	3,7,13,3,3	5,3,4	15,10,6	-2	-1
1599	2,5,1,2,6	86,105,97,93,124	1,2,1	45,48,44	-2	-1
1600	2,5,1,3,6	86,105,97,93,124	2,2,1	45,48,44	-2	-1
1604	0,0,0,0,0	1,4,2,0,0	1,0,2	11,2,1	-2	-1
1606	1,4,2,0,0	0,0,0,0,0	11,2,1	1,1,0	-2	-1
1607	0,0,0,0,0	1,0,0,0,0	0,0,1	1,2,1	-2	-1
1608	0,0,0,0,0	6,5,1,2,2	0,2,0	1,2,5	-2	-1
1613	39,50,60,56,75	2,2,1,4,4	42,42,50	8,2,2	-2	-1
1615	10,11,10,13,4	5,5,0,3,7	11,13,6	4,2,2	-2	-1
1618	0,0,0,1,0	1,0,0,0,0	1,5,0	2,0,0	-2	-1
1619	56,68,69,92,85	416,371,415,417,363	184,185,183	850,833,905	-2	-1
1621	1,0,1,0,1	47,57,60,48,74	2,5,0	114,192,103	-2	-1
1623	13,16,11,15,9	0,0,0,0,0	69,155,48	0,0,1	-2	-1
1624	1,2,0,4,1	18,11,15,18,12	1,2,0	9,7,12	-2	-1
1626	10,10,15,13,3	2,0,0,2,0	11,15,8	2,2,2	-2	-1
1629	3,0,0,0,0	33,32,28,33,19	0,1,0	10,12,16	-2	-1
1631	1,2,1,1,0	0,0,1,1,0	2,1,2	0,0,0	-2	-1
1633	3,3,5,1,4	0,0,1,0,0	9,7,3	1,2,1	-2	-1
1644	1,0,1,2,0	20,16,17,15,17	0,2,1	12,10,4	-2	-1
1646	5,4,1,2,1	3,1,0,0,0	0,2,1	0,0,0	-2	-1
1648	0,3,0,3,0	7,8,5,8,2	1,0,2	8,7,13	-2	-1
1657	5,7,10,5,4	0,1,0,2,1	5,22,3	3,4,2	-2	-1
1658	0,0,2,1,0	0,0,0,1,0	2,4,0	2,0,0	-2	-1
1659	0,2,1,4,0	0,1,0,0,0	1,3,0	1,0,0	-2	-1
1660	9,13,2,8,13	0,0,0,0,0	18,23,13	0,0,1	-2	-1
1661	5,0,1,5,6	1,14,4,5,6	1,2,4	9,16,4	-2	-1
1662	1,3,2,2,2	0,0,0,1,3	12,13,3	1,0,1	-2	-1
1663	24,21,24,26,25	8,4,3,6,3	41,48,58	6,11,13	-2	-1
1665	557,573,554,598,420	0,0,1,0,0	491,928,560	0,0,0	-2	-1
1666	6,5,3,6,1	1,0,0,0,0	4,1,0	0,1,1	-2	-1
1667	2,5,4,0,1	0,0,0,1,0	0,1,0	0,0,0	-2	-1
1668	5,5,5,7,4	3,1,1,1,0	6,5,2	0,0,0	-2	-1
1669	18,14,10,12,18	0,0,0,1,0	25,12,14	0,0,0	-2	-1
1670	4,2,2,1,5	383,405,455,352,442	6,6,5	429,424,715	-2	-1
1671	1,3,4,2,4	1,4,0,0,1	5,2,2	4,0,0	-2	-1
1672	19,20,32,22,12	17,17,16,20,9	39,14,28	10,17,6	-2	-1
1674	0,1,0,3,1	0,0,0,0,0	1,6,0	1,0,0	-2	-1
1676	15,18,19,27,17	0,0,1,0,0	16,26,19	0,0,1	-2	-1
1677	19,35,50,50,24	3,4,11,7,8	42,31,24	4,6,4	-2	-1
1678	4,9,1,8,5	1,0,0,0,0	13,47,14	1,2,0	-2	-1
1679	30,19,34,32,26	0,1,2,0,3	93,129,90	0,3,2	-2	-1
1680	2,0,0,0,0	1,0,0,0,0	0,1,0	0,0,0	-2	-1
1681	0,0,0,0,0	3,6,6,5,5	0,3,0	24,45,23	-2	-1
1685	106,122,119,131,107	2,0,1,3,1	128,180,126	1,1,2	-2	-1
1688	95,78,37,73,48	2,0,0,0,2	49,58,46	0,0,0	-2	-1
1690	5,2,1,0,0	2,1,2,0,1	6,15,4	1,7,1	-2	-1
1691	0,0,0,0,0	5,3,3,3,2	0,0,2	2,0,2	-2	-1
1692	23,23,19,13,17	0,0,1,0,0	7,12,12	0,0,0	-2	-1
1694	1,0,1,1,3	4,2,1,5,4	2,2,3	6,16,3	-2	-1
1696	35,18,19,17,9	18,25,23,15,13	6,5,5	1,3,5	-2	-1
1697	931,1123,1223,1218,1232	2,4,3,2,1	733,748,819	0,0,5	-2	-1
1698	59,46,34,86,14	0,1,0,0,0	74,206,94	0,0,0	-2	-1
1699	0,1,0,0,2	7,6,5,11,0	0,2,1	3,2,9	-2	-1
1701	1,0,3,1,2	1,0,2,2,1	1,0,0	2,2,2	-2	-1
1702	0,0,0,1,2	1,1,1,0,0	1,1,0	0,1,0	-2	-1
1705	0,2,0,1,2	5,0,1,3,3	2,3,2	4,1,3	-2	-1
1706	2,4,4,7,10	0,1,3,2,1	3,7,0	2,2,3	-2	-1
1709	4,6,3,3,1	0,0,1,0,1	5,10,4	0,1,0	-2	-1
1711	0,5,2,6,5	0,2,1,1,8	15,31,7	6,9,11	-2	-1
1714	0,0,0,1,0	14,19,18,29,15	0,1,0	12,40,23	-2	-1
1715	10,12,11,7,6	0,0,0,0,0	13,17,5	1,3,0	-2	-1
1716	269,332,292,311,383	0,0,0,1,1	78,98,71	0,1,0	-2	-1
1717	0,0,3,4,1	20,21,14,27,21	0,0,0	9,9,13	-2	-1
1719	36,35,30,45,22	11,16,17,10,13	47,98,48	15,43,23	-2	-1
1722	65,38,21,62,42	53,30,43,55,30	30,87,20	43,92,40	-2	-1
1724	1,0,0,0,0	87,82,110,83,75	1,0,0	89,73,80	-2	-1
1725	6,12,12,5,3	0,0,0,0,0	5,12,11	0,5,1	-2	-1
1728	12,12,9,13,13	3,10,3,6,3	38,70,42	24,38,25	-2	-1
1732	135,131,152,158,173	0,2,1,0,0	77,66,82	0,0,0	-2	-1
1739	21,14,6,13,9	1,0,1,4,0	14,13,15	0,0,0	-2	-1
1740	58,42,47,48,60	3,2,3,5,7	32,56,32	3,6,1	-2	-1
1742	8,8,12,4,14	2,1,0,0,0	5,10,6	1,3,0	-2	-1
1745	1,1,0,1,0	23,19,15,16,21	0,0,0	17,27,22	-2	-1
1751	1,2,3,1,1	5,1,7,2,0	2,4,0	5,10,8	-2	-1
1757	144,159,152,162,169	6,14,8,5,9	105,103,99	9,4,8	-2	-1
1758	562,644,649,675,692	0,0,0,0,0	1802,2283,1669	0,3,0	-2	-1
1763	11,5,1,9,2	0,0,0,0,0	12,15,6	3,4,0	-2	-1
1765	2,0,1,2,4	1,0,0,0,0	2,8,7	0,0,0	-2	-1
1773	2,7,4,3,3	7,4,2,1,2	11,33,18	20,31,16	-2	-1
1784	0,0,0,2,1	0,0,0,0,1	0,1,0	0,0,0	-2	-1
1787	1,0,1,0,0	30,44,64,52,54	0,0,1	8,12,13	-2	-1
1791	2,8,2,3,2	0,0,0,0,0	5,6,1	2,0,0	-2	-1
1792	2,9,3,4,2	0,0,0,0,1	5,9,2	4,3,0	-2	-1
1793	0,1,1,1,0	0,0,0,0,1	2,3,1	4,3,0	-2	-1
1795	5,9,6,17,7	16,15,20,20,16	4,3,10	40,64,40	-2	-1
1800	8,5,3,12,7	0,0,0,0,0	2,43,5	2,2,1	-2	-1
1801	1,0,0,0,0	0,0,1,0,0	0,0,0	1,0,0	-2	-1
1803	9,11,11,8,10	1,11,5,2,8	5,26,7	2,1,0	-2	-1
1805	36,36,30,59,46	2,2,0,1,2	22,22,27	0,0,0	-2	-1
1808	5,6,5,10,4	0,0,3,0,1	12,10,5	1,0,2	-2	-1
1811	0,1,0,0,0	28,26,41,35,27	1,1,0	42,35,26	-2	-1
1812	1,0,4,1,2	1,0,0,1,0	4,14,11	0,2,2	-2	-1
1814	3,3,0,5,1	0,0,0,0,0	10,21,3	1,0,0	-2	-1
1818	11,10,3,10,9	280,213,261,260,253	5,5,3	236,150,244	-2	-1
1819	910,554,421,450,662	6,5,0,6,8	225,188,322	2,1,1	-2	-1
1826	0,2,5,2,0	1,0,0,0,1	0,5,7	1,6,2	-2	-1
1829	9,6,2,7,2	9,9,8,19,2	13,13,3	13,21,4	-2	-1
1831	14,7,9,13,19	6,4,2,10,3	15,20,11	0,4,2	-2	-1
1836	33,41,70,60,33	117,103,100,111,74	36,23,35	65,62,61	-2	-1
1837	12,10,3,12,13	117,103,100,111,74	14,4,17	65,62,61	-2	-1
1839	0,0,1,0,0	3,4,2,5,1	0,2,1	1,5,1	-2	-1
1840	62,54,87,93,67	0,0,1,0,0	37,63,55	0,1,0	-2	-1
1841	2,6,7,6,14	3,0,3,3,2	1,8,3	4,0,1	-2	-1
1842	0,1,1,1,0	5,4,8,3,3	3,10,0	9,5,6	-2	-1
1846	6,7,2,4,1	143,132,181,161,188	6,9,3	245,383,227	-2	-1
1847	4,1,5,4,2	123,125,119,142,141	3,10,17	256,361,241	-2	-1
1848	4,0,3,0,0	11,6,13,5,3	0,0,0	5,8,7	-2	-1
1850	0,0,0,1,1	88,92,70,124,80	0,0,0	215,408,190	-2	-1
1851	0,0,0,1,0	0,6,3,5,5	2,12,1	5,20,5	-2	-1
1852	0,1,0,0,1	1,0,0,1,1	0,0,1	0,0,0	-2	-1
1853	4,9,3,0,5	170,213,209,214,240	1,1,0	33,55,41	-2	-1
1856	3,1,4,3,7	0,0,0,0,1	8,20,5	0,1,2	-2	-1
1863	20,19,19,18,12	1,0,1,2,1	13,9,9	8,5,6	-2	-1
1864	104,123,152,104,153	1911,2171,2276,2178,2526	147,73,242	1666,865,2095	-2	-1
1865	0,2,0,0,0	0,0,1,0,0	4,7,2	1,2,0	-2	-1
1866	13,15,11,12,14	1,0,0,0,0	9,23,24	0,0,0	-2	-1
1871	0,0,1,0,0	7,10,12,14,8	0,0,0	19,18,18	-2	-1
1872	4,5,5,5,5	1,0,0,2,0	9,22,7	4,2,3	-2	-1
1873	1,0,0,1,0	4,4,8,1,2	6,3,2	9,24,14	-2	-1
1874	4,1,2,0,0	17,5,5,7,5	3,2,1	6,12,9	-2	-1
1877	0,0,4,1,0	6,3,7,7,6	0,0,1	29,49,28	-2	-1
1878	22,29,19,31,25	1,5,2,4,1	36,30,28	3,0,2	-2	-1
1879	1,5,2,4,1	0,0,0,1,0	3,0,2	0,0,0	-2	-1
1880	0,0,1,0,0	2,5,3,7,6	1,0,0	11,92,21	-2	-1
1881	13,14,17,22,15	0,1,0,0,0	6,7,13	0,0,0	-2	-1
1884	0,1,0,1,1	2,1,0,3,6	3,4,3	1,6,2	-2	-1
1887	0,0,0,1,0	5,13,10,8,13	0,0,0	15,7,16	-2	-1
1888	0,0,0,0,2	2,0,2,4,1	0,0,0	1,4,3	-2	-1
1889	0,1,0,0,0	10,13,12,14,6	0,0,1	19,45,23	-2	-1
1895	2,0,1,4,3	2,0,0,0,0	3,0,0	0,0,0	-2	-1
1899	0,4,7,0,2	0,0,0,0,1	0,4,2	1,0,0	-2	-1
1900	0,0,0,1,2	29,26,35,17,13	0,1,1	14,19,22	-2	-1
1901	1,2,1,4,2	1,0,0,0,2	4,2,2	0,0,0	-2	-1
1902	1,1,1,2,1	1,0,0,0,2	0,0,1	0,0,0	-2	-1
1908	13,5,8,9,15	41,36,52,56,45	9,11,7	46,45,42	-2	-1
1909	13,5,8,9,15	0,0,0,2,0	9,11,7	2,0,0	-2	-1
1910	41,36,52,56,45	0,0,0,2,0	46,45,42	2,0,0	-2	-1
1911	2,4,5,4,0	2,1,2,4,3	1,4,1	3,0,3	-2	-1
1912	2,3,5,2,1	1,0,4,1,0	4,4,1	0,0,0	-2	-1
1913	4,8,5,13,7	0,0,0,0,0	117,754,148	0,2,1	-2	-1
1914	0,2,0,0,0	38,57,49,50,60	0,0,0	24,28,6	-2	-1
1915	2,2,3,1,5	0,1,1,1,4	2,2,2	0,0,0	-2	-1
1916	10,15,16,19,11	4,9,13,5,3	9,31,11	2,4,3	-2	-1
1918	13,9,14,15,20	1,3,0,0,3	9,8,11	0,0,0	-2	-1
1921	10,15,10,3,4	2,4,1,3,0	1,4,5	0,0,0	-2	-1
1923	2,1,12,4,4	0,0,0,0,2	3,7,3	1,0,0	-2	-1
1924	0,1,0,0,1	1,0,0,0,0	2,2,1	0,0,0	-2	-1
1927	10,16,4,8,4	27,9,5,5,4	1,4,7	13,16,5	-2	-1
1928	0,0,0,0,0	0,0,0,1,0	1,2,0	0,0,0	-2	-1
1931	1,0,0,0,0	0,0,0,0,0	0,1,0	2,3,0	-2	-1
1934	0,2,1,1,0	10,2,6,13,5	1,3,1	19,16,21	-2	-1
1935	0,0,0,0,0	0,1,0,5,0	0,1,0	0,0,0	-2	-1
1941	4,4,4,7,2	0,0,0,0,0	10,12,10	0,0,2	-2	-1
1942	5,3,8,12,8	0,0,0,0,1	25,31,19	0,0,0	-2	-1
1949	24,26,15,29,38	4,0,4,3,5	7,4,13	0,0,1	-2	-1
1951	0,0,0,0,0	6,9,7,6,14	0,1,0	2,4,4	-2	-1
1955	1,7,5,4,0	44,54,41,65,50	4,8,4	66,68,47	-2	-1
1956	173,175,181,177,233	0,0,0,0,1	126,54,206	0,0,1	-2	-1
1957	2,0,1,4,3	0,0,2,0,0	11,6,5	0,0,0	-2	-1
1960	34,43,35,29,38	0,0,0,3,2	23,19,24	2,1,2	-2	-1
1961	806,800,867,707,887	0,0,0,1,0	602,791,649	0,0,0	-2	-1
1962	23,19,35,15,23	338,368,363,324,321	7,18,18	313,357,349	-2	-1
1963	3839,2773,2462,3009,3436	0,0,1,1,0	114,48,335	0,0,0	-2	-1
1965	2,3,1,1,1	20,24,19,27,21	0,0,1	8,6,4	-2	-1
1966	22,14,29,23,12	127,172,162,168,148	9,6,11	57,88,90	-2	-1
1969	1,0,0,0,0	0,0,2,0,0	0,0,0	1,1,0	-2	-1
1970	1,0,0,1,0	4,1,2,3,1	2,3,5	9,11,3	-2	-1
1972	5,1,5,7,12	2,11,2,5,9	7,2,8	12,13,3	-2	-1
1973	0,0,0,1,0	0,0,2,0,0	2,0,0	0,0,0	-2	-1
1974	46,37,45,41,33	12,8,14,7,11	60,84,37	11,12,15	-2	-1
1976	0,0,0,0,0	9,3,5,10,3	1,0,3	8,12,6	-2	-1
1977	28,33,25,25,17	0,1,2,0,0	28,34,31	2,0,1	-2	-1
1984	0,1,0,1,0	17,9,14,8,10	0,0,0	4,2,2	-2	-1
1988	105,87,83,91,107	0,0,1,0,0	61,37,63	0,0,0	-2	-1
1989	8,7,2,9,1	0,0,0,0,0	33,51,48	0,1,0	-2	-1
1994	0,0,0,0,1	0,0,0,0,0	1,2,4	1,0,0	-2	-1
1995	5,4,1,10,4	9,6,8,9,7	4,8,0	9,11,9	-2	-1
1996	1,2,2,0,0	0,0,0,0,0	2,11,2	0,1,0	-2	-1
1998	1,4,0,1,1	5,5,13,7,3	0,0,0	1,7,4	-2	-1
2006	18,22,18,22,10	0,1,1,0,2	31,42,33	0,0,0	-2	-1
2007	2,0,0,0,0	0,0,0,0,0	0,0,0	0,1,0	-2	-1
2014	8,6,15,3,8	1,1,3,0,1	1,6,1	0,1,0	-2	-1
2017	7,7,3,7,5	3,4,1,17,9	14,27,18	9,48,12	-2	-1
2018	5,1,0,2,2	98,105,112,100,77	1,2,2	126,144,91	-2	-1
2019	5,4,8,7,4	0,0,0,0,0	11,35,6	2,2,1	-2	-1
2020	0,0,0,0,0	2,0,0,1,0	1,0,0	3,2,3	-2	-1
2021	0,0,0,2,2	0,0,1,1,0	1,0,1	2,1,0	-2	-1
2027	7,11,5,11,16	0,0,0,0,0	27,41,13	0,1,0	-2	-1
2028	2,4,3,1,1	0,1,1,0,1	3,5,3	0,0,0	-2	-1
2033	206,258,263,267,302	0,0,3,2,2	283,225,308	1,1,1	-2	-1
2034	0,2,2,1,7	4,8,9,13,10	2,1,0	20,14,17	-2	-1
2037	5,2,1,3,1	6,8,3,5,5	1,0,0	1,3,1	-2	-1
2039	21,12,18,15,8	0,0,1,2,1	27,17,23	2,0,0	-2	-1
2040	88,87,124,94,71	0,0,1,2,1	133,103,105	2,0,0	-2	-1
2041	67,75,106,81,63	0,0,0,2,0	106,86,84	0,0,2	-2	-1
2044	1,2,1,4,0	4,0,4,1,2	3,3,1	2,0,1	-2	-1
2047	1,0,0,0,0	0,1,0,0,1	0,2,0	0,1,0	-2	-1
2051	0,0,0,0,1	25,27,22,10,20	0,0,0	7,3,4	-2	-1
2053	0,0,0,0,0	40,40,45,63,38	1,0,0	31,59,23	-2	-1
2056	4,3,6,5,5	1,0,0,0,2	4,7,5	0,0,2	-2	-1
2057	0,0,0,0,2	0,0,0,0,0	2,1,3	0,1,0	-2	-1
2063	0,0,2,0,0	6,2,5,2,6	0,1,0	1,7,3	-2	-1
2064	9,13,6,3,3	3,3,1,0,3	6,20,8	1,2,1	-2	-1
2071	0,0,0,0,1	1,0,0,0,0	0,0,0	0,1,0	-2	-1
2075	1,1,0,1,0	0,0,0,2,0	0,1,1	0,6,0	-2	-1
2077	1,0,0,0,0	0,0,0,2,0	0,0,0	0,6,0	-2	-1
2080	0,1,2,0,0	0,0,0,0,0	0,0,1	1,1,0	-2	-1
2082	1,0,2,0,0	10,9,5,14,10	1,1,1	45,65,24	-2	-1
2084	31,30,16,25,17	0,2,0,0,2	43,31,30	3,2,0	-2	-1
2085	35,23,44,40,57	2,2,2,2,6	115,258,131	1,1,1	-2	-1
2089	3,0,2,1,0	0,1,0,0,2	0,1,0	1,0,0	-2	-1
2091	4,9,10,1,12	33,22,32,23,15	2,2,6	16,22,17	-2	-1
2092	2,4,5,2,1	0,0,0,0,1	5,3,5	0,1,0	-2	-1
2093	2,0,0,2,0	0,2,0,0,0	0,0,1	0,1,0	-2	-1
2094	2,0,0,0,0	0,0,0,0,0	0,0,0	0,0,1	-2	-1
2096	0,0,0,1,0	0,1,1,0,1	1,2,0	0,1,1	-2	-1
2099	15,17,17,27,18	168,174,160,212,172	21,9,10	131,151,153	-2	-1
2101	77,54,44,63,48	0,1,0,0,0	99,119,77	0,0,0	-2	-1
2104	0,2,0,0,1	377,386,408,464,475	1,0,0	169,140,146	-2	-1
2106	0,0,0,0,0	4,17,9,2,11	0,0,1	9,14,12	-2	-1
2107	5,6,4,10,13	20,16,24,14,12	18,12,10	7,9,11	-2	-1
2108	5,3,9,3,5	0,0,0,1,1	5,19,12	0,2,2	-2	-1
2109	44,35,55,54,45	0,0,0,0,0	56,67,44	0,0,1	-2	-1
2110	0,0,3,2,6	2,4,4,1,2	1,0,0	0,0,0	-2	-1
2111	3,2,1,4,1	0,0,0,0,0	0,5,3	0,1,0	-2	-1
2112	1,4,0,13,5	0,1,0,1,0	4,3,3	0,1,0	-2	-1
2115	24,20,23,12,19	1,2,4,2,1	38,33,29	5,0,1	-2	-1
2119	5,12,6,5,5	4,5,9,8,9	12,7,3	14,21,12	-2	-1
2120	17,21,18,19,29	60,90,82,74,69	12,18,18	35,55,53	-2	-1
2121	0,3,2,3,1	0,0,0,0,0	0,2,2	0,1,0	-2	-1
2125	0,2,0,0,0	1,2,1,0,0	0,4,0	0,7,1	-2	-1
2127	4,3,0,0,5	5,14,6,12,3	0,0,2	0,0,3	-2	-1
2128	33,40,40,58,54	0,0,0,0,1	45,40,38	0,0,0	-2	-1
2129	33,40,40,58,54	0,0,0,0,1	45,40,38	0,0,0	-2	-1
2131	51,74,54,55,64	1,2,0,2,1	53,58,60	0,0,0	-2	-1
2132	10,13,7,1,8	10,2,5,12,5	6,7,8	6,7,5	-2	-1
2133	1,2,13,1,13	43,44,53,52,54	4,4,4	21,14,30	-2	-1
2134	4,0,2,5,2	5,6,6,16,5	1,2,1	2,3,5	-2	-1
2135	0,0,0,1,0	26,43,39,45,52	1,0,0	11,16,31	-2	-1
2136	43,42,38,53,30	9,13,11,11,6	41,14,25	3,6,4	-2	-1
2139	0,0,1,4,0	2,4,5,1,1	5,7,1	13,49,7	-2	-1
2140	111,117,89,118,56	10,5,5,13,10	201,305,146	8,6,6	-2	-1
2141	7,8,6,14,4	10,5,5,13,10	18,24,15	8,6,6	-2	-1
2142	7,8,6,14,4	111,117,89,118,56	18,24,15	201,305,146	-2	-1
2144	94,128,97,107,80	0,0,1,0,0	88,99,86	0,0,0	-2	-1
2147	0,1,6,2,1	0,0,0,0,1	0,3,2	0,1,0	-2	-1
2148	5,4,1,4,3	8,12,7,4,6	1,11,3	10,6,5	-2	-1
2149	5,1,1,4,3	0,0,0,0,0	1,10,1	0,0,1	-2	-1
2153	26,41,38,15,24	1,0,0,0,1	20,19,27	0,0,0	-2	-1
2154	0,1,0,0,0	29,20,35,22,36	0,0,0	25,28,23	-2	-1
2158	2,0,1,1,0	6,9,6,5,9	1,4,0	7,12,12	-2	-1
2159	2,2,2,1,0	3,0,2,4,2	0,0,2	3,4,6	-2	-1
2160	5,8,6,9,6	0,1,1,2,1	5,9,5	0,0,0	-2	-1
2161	0,0,3,0,1	0,0,2,5,0	0,0,1	0,0,0	-2	-1
2163	4,9,11,7,15	0,0,2,5,0	10,14,5	0,0,0	-2	-1
2164	0,3,0,0,0	0,0,3,0,1	0,0,0	0,0,1	-2	-1
2165	4,9,11,7,15	0,0,3,0,1	10,14,5	0,0,1	-2	-1
2166	4,9,11,7,15	0,3,0,0,0	10,14,5	0,0,0	-2	-1
2167	50,56,66,73,74	201,237,210,204,207	21,10,15	71,63,107	-2	-1
2168	61,57,54,83,56	0,0,0,2,0	41,43,53	0,0,0	-2	-1
2169	0,0,0,0,0	36,39,48,56,30	1,0,0	47,63,37	-2	-1
2171	1,1,6,2,4	60,38,51,59,66	1,0,4	10,24,15	-2	-1
2172	12,10,9,10,7	0,0,1,3,1	12,26,24	1,4,1	-2	-1
2174	0,2,2,0,2	146,152,158,167,167	0,0,0	115,70,121	-2	-1
2175	15,26,19,17,19	0,0,1,0,0	17,7,4	0,0,0	-2	-1
2176	7,17,7,11,12	0,0,0,0,0	5,5,6	0,0,1	-2	-1
2177	223,188,180,191,161	13,16,14,8,5	182,194,184	7,5,5	-2	-1
2181	0,4,0,1,0	12,7,10,14,6	0,0,1	5,8,10	-2	-1
2182	0,0,0,0,0	1,1,1,4,3	0,0,1	0,1,0	-2	-1
2183	11,22,17,17,14	0,0,0,1,1	12,19,14	0,1,0	-2	-1
2184	4,6,5,13,0	0,0,0,1,0	11,16,6	1,2,0	-2	-1
2185	1,1,0,0,0	0,2,0,1,0	1,1,1	0,0,0	-2	-1
2188	76,72,80,101,81	0,0,0,1,0	80,72,84	0,0,0	-2	-1
2189	21,45,43,37,37	0,1,0,1,0	27,47,47	0,0,0	-2	-1
2193	0,0,1,0,0	0,0,0,0,0	1,2,3	0,1,0	-2	-1
2194	35,41,54,66,43	0,0,0,1,0	35,48,34	0,0,0	-2	-1
2197	0,0,1,0,0	1,0,0,3,0	0,3,0	1,3,2	-2	-1
2199	0,1,0,0,0	39,74,54,42,42	0,0,0	32,34,21	-2	-1
2200	2,1,3,0,4	0,0,0,1,0	4,4,0	0,0,1	-2	-1
2205	49,49,46,49,43	0,3,2,4,2	38,47,28	3,1,3	-2	-1
2210	0,0,0,0,0	3,1,0,8,1	0,0,1	6,10,6	-2	-1
2211	0,0,0,1,0	23,25,21,24,10	0,0,0	9,17,12	-2	-1
2212	0,0,0,0,1	1,0,2,2,0	0,0,0	1,3,4	-2	-1
2213	0,1,0,0,0	0,0,0,0,0	0,0,0	1,0,0	-2	-1
2214	89,75,88,74,78	2,1,2,3,5	108,163,89	4,4,4	-2	-1
2215	20,7,11,26,10	0,0,0,1,0	27,26,13	0,2,4	-2	-1
2216	3,8,13,4,7	0,0,0,0,0	7,14,13	0,1,0	-2	-1
2217	221,224,260,239,276	0,0,0,0,0	116,124,110	2,0,0	-2	-1
2218	0,0,0,0,0	44,37,30,31,27	0,3,0	39,32,62	-2	-1
2219	0,2,0,2,1	2,2,1,3,0	0,0,0	2,1,0	-2	-1
2220	9,5,6,12,8	97,89,101,84,94	15,11,8	69,40,73	-2	-1
2221	6,4,7,6,2	0,0,0,0,0	1,7,8	0,2,0	-2	-1
2222	1,0,0,1,0	0,0,1,0,0	1,1,2	1,1,3	-2	-1
2224	3,0,0,0,0	4,3,3,3,4	1,2,1	2,1,4	-2	-1
2225	40,37,39,35,41	9,8,14,25,14	20,13,10	2,5,11	-2	-1
2228	33,33,14,36,25	9,6,4,4,3	13,28,14	5,2,2	-2	-1
2229	0,0,0,0,0	0,0,0,1,1	3,0,0	1,5,3	-2	-1
2236	0,0,0,0,0	1,0,0,0,0	0,1,0	0,0,0	-2	-1
2237	0,0,0,0,1	2,0,0,2,0	2,0,0	2,3,1	-2	-1
2238	2,0,0,0,0	11,18,16,21,20	1,4,1	32,83,32	-2	-1
2239	0,0,0,0,1	2,1,0,0,0	0,1,0	0,1,0	-2	-1
2240	2,0,0,0,0	0,1,1,0,3	0,0,0	0,1,0	-2	-1
2241	24,25,28,35,32	34,34,20,26,32	37,79,23	47,84,38	-2	-1
2244	0,2,3,5,0	0,0,2,0,0	5,2,0	0,0,0	-2	-1
2248	3,4,1,5,4	2,1,4,3,5	0,1,0	4,2,1	-2	-1
2249	33,19,20,21,18	17,40,26,31,34	28,30,11	32,49,37	-2	-1
2250	0,0,0,0,1	7,10,13,9,7	0,0,1	24,54,20	-2	-1
2255	1,0,2,1,1	2,1,1,0,0	0,0,0	2,0,0	-2	-1
2256	12,21,32,14,19	0,0,0,0,2	12,8,16	1,0,2	-2	-1
2257	0,2,0,0,2	2,3,6,4,0	1,0,0	3,3,2	-2	-1
2258	117,110,125,130,95	0,0,3,0,0	108,87,118	0,1,1	-2	-1
2259	4,4,0,3,4	2,2,2,3,2	3,5,7	5,9,5	-2	-1
2260	1,2,0,1,1	1,10,4,7,6	0,0,5	6,8,5	-2	-1
2262	67,88,100,79,115	0,1,0,0,1	37,30,32	3,0,0	-2	-1
2264	127,107,71,148,78	0,5,2,2,0	162,125,75	5,4,0	-2	-1
2265	1,1,0,2,2	19,12,12,14,15	0,1,0	45,78,56	-2	-1
2269	0,0,0,1,0	9,8,4,9,5	0,0,0	6,5,7	-2	-1
2273	0,3,0,0,0	3,0,1,2,5	0,0,1	1,2,1	-2	-1
2276	0,0,1,0,0	2,0,0,0,0	0,0,0	1,2,2	-2	-1
2280	61,80,87,90,54	0,2,3,2,2	23,20,28	0,0,1	-2	-1
2281	27,24,21,23,25	0,2,0,0,0	15,21,11	0,0,0	-2	-1
2283	0,0,2,0,0	1627,1651,1682,1631,1685	0,0,0	615,467,717	-2	-1
2285	2,3,3,0,1	28,35,44,35,35	3,5,2	28,34,30	-2	-1
2289	9,8,3,4,5	74,84,69,102,77	4,3,1	28,61,35	-2	-1
2290	0,0,2,1,0	4,5,3,7,12	0,2,2	9,13,6	-2	-1
2293	2,1,0,2,0	44,43,47,32,50	2,0,1	47,50,59	-2	-1
2294	2,2,0,1,0	0,0,0,0,0	2,2,3	2,0,0	-2	-1
2295	28,36,21,38,20	0,0,0,0,0	68,141,67	0,1,0	-2	-1
2296	0,0,0,0,0	7,12,13,20,6	7,2,2	9,34,17	-2	-1
2299	5,5,6,10,11	53,77,56,78,74	3,0,1	45,45,48	-2	-1
2303	42,40,33,49,46	1,0,0,0,1	36,39,43	0,0,0	-2	-1
2306	0,0,0,2,2	0,0,0,1,0	3,6,1	0,1,1	-2	-1
2307	9,10,20,8,13	0,0,0,0,3	6,9,6	0,0,0	-2	-1
2310	1,0,0,0,0	18,9,5,15,6	0,0,0	1,13,7	-2	-1
2314	0,0,0,0,0	22,32,39,46,30	0,1,0	21,34,16	-2	-1
2317	0,0,0,1,0	1,5,5,0,3	5,0,0	3,3,7	-2	-1
2318	0,1,1,2,0	0,0,0,2,3	1,3,1	1,0,0	-2	-1
2328	0,0,4,2,1	196,208,206,209,216	0,1,2	139,211,127	-2	-1
2329	151,171,165,169,181	0,0,0,1,0	112,162,100	0,0,0	-2	-1
2330	152,171,164,169,183	1,0,0,0,1	112,162,100	2,0,0	-2	-1
2331	152,174,169,171,184	0,2,4,1,3	112,166,107	0,2,0	-2	-1
2332	282,322,358,337,309	1,0,2,6,2	240,278,234	2,1,1	-2	-1
2333	152,171,166,168,183	1,0,1,0,0	112,162,100	0,0,0	-2	-1
2336	14,15,15,13,13	1,3,1,6,0	10,23,17	0,3,1	-2	-1
2337	4,8,10,7,3	0,0,0,0,0	17,14,12	2,0,0	-2	-1
2338	80,65,87,82,59	0,0,1,0,0	82,93,60	0,0,0	-2	-1
2339	0,6,0,0,0	2,0,1,4,0	2,2,0	5,4,6	-2	-1
2341	4,5,6,13,12	0,0,0,2,0	5,8,1	0,0,0	-2	-1
2343	17,9,8,15,10	0,0,2,0,0	61,148,66	0,4,0	-2	-1
2344	0,0,0,1,0	0,0,0,0,0	0,0,0	0,1,0	-2	-1
2345	85,83,64,67,63	0,0,0,0,1	36,44,27	0,0,0	-2	-1
2346	1,4,0,2,0	0,0,0,0,0	14,7,5	2,0,0	-2	-1
2350	362,411,446,552,299	21,32,12,28,7	173,127,145	9,2,7	-2	-1
2351	0,1,2,0,0	7,8,10,9,10	0,0,0	10,18,4	-2	-1
2352	0,0,0,0,0	0,0,1,0,0	10,3,2	0,0,0	-2	-1
2359	5,0,0,0,0	8,2,3,3,3	2,0,0	0,1,2	-2	-1
2361	1,0,0,0,0	0,0,0,1,0	0,0,0	3,11,1	-2	-1
2363	21,31,19,31,19	1,0,0,1,0	77,115,47	0,5,0	-2	-1
2364	0,0,0,2,0	2,0,4,7,5	0,0,1	2,0,3	-2	-1
2366	0,2,0,0,0	0,0,0,0,1	0,4,0	0,0,0	-2	-1
2368	46,59,87,52,40	7,4,2,3,0	13,30,22	0,0,0	-2	-1
2370	0,0,1,1,0	0,2,0,2,0	0,0,0	1,1,0	-2	-1
2371	105,98,80,111,52	2,0,1,3,3	92,142,100	4,7,1	-2	-1
2372	105,98,80,111,52	0,1,0,0,1	92,142,100	1,3,4	-2	-1
2373	2,0,1,3,3	0,1,0,0,1	4,7,1	1,3,4	-2	-1
2377	1,1,0,0,0	0,1,0,0,0	1,1,1	0,0,1	-2	-1
2378	0,0,0,0,0	1,0,0,2,0	0,1,0	2,5,5	-2	-1
2379	7,6,3,8,2	0,0,0,0,0	2,11,7	4,0,0	-2	-1
2381	0,3,0,5,2	1,0,0,0,0	7,14,6	0,0,0	-2	-1
2386	5,3,1,3,4	1,2,1,0,1	1,3,1	1,1,0	-2	-1
2388	0,0,0,0,0	1,0,0,0,0	0,0,1	0,0,0	-2	-1
2389	2,1,0,0,0	0,3,1,0,0	1,0,0	0,3,0	-2	-1
2391	1,2,3,3,0	1,0,0,0,0	0,4,2	1,1,0	-2	-1
2396	0,0,2,0,0	38,31,37,51,29	0,0,1	24,41,26	-2	-1
2397	0,0,0,0,1	1,3,6,1,1	0,0,0	0,1,1	-2	-1
2401	5,0,1,3,6	1,0,1,9,4	1,5,0	1,7,2	-2	-1
2403	0,0,1,2,0	4,0,1,3,3	4,10,1	5,41,7	-2	-1
2404	57,44,57,62,43	8,4,11,14,2	33,35,43	3,3,11	-2	-1
2406	8,3,5,10,5	5,4,1,5,2	5,2,3	1,9,3	-2	-1
2408	2,1,0,1,1	12,10,14,11,14	0,0,0	3,13,4	-2	-1
2409	0,1,1,0,3	0,1,3,1,0	5,3,2	0,0,1	-2	-1
2410	28,36,38,31,24	0,0,0,0,0	104,214,49	1,0,0	-2	-1
2413	18,5,6,14,5	0,0,1,0,0	14,27,19	0,0,0	-2	-1
2415	18,22,22,22,14	1,1,4,4,1	49,141,78	3,2,2	-2	-1
2416	0,1,0,0,2	9,11,4,6,3	0,0,0	5,14,6	-2	-1
2427	0,1,3,2,2	0,1,2,1,0	1,0,1	0,1,0	-2	-1
2429	7,6,4,6,6	0,0,4,0,3	1,1,3	0,1,5	-2	-1
2434	1,1,0,1,0	4,5,0,1,1	0,2,3	0,0,1	-2	-1
2435	26,15,27,27,21	56,53,54,49,62	51,36,32	46,26,36	-2	-1
2437	1,2,0,0,0	19,26,27,11,16	1,4,2	10,49,17	-2	-1
2438	32,33,15,28,13	15,16,12,11,5	25,44,35	18,23,16	-2	-1
2440	0,0,1,1,1	3,1,0,1,0	6,11,8	0,1,0	-2	-1
2441	0,0,0,3,1	0,0,0,0,0	1,2,0	0,1,0	-2	-1
2442	0,3,3,1,3	1,2,0,0,0	0,10,2	0,2,0	-2	-1
2445	0,2,1,3,4	878,1033,1124,1144,1187	0,0,1	462,393,518	-2	-1
2446	0,2,0,2,0	0,0,1,1,0	0,2,0	0,0,0	-2	-1
2447	1,0,3,1,0	9,5,4,5,1	0,0,0	4,6,3	-2	-1
2450	0,0,0,0,0	11,1,6,4,0	0,1,0	0,0,0	-2	-1
2457	9,5,8,5,13	0,2,1,1,1	12,21,8	3,0,0	-2	-1
2461	9,7,15,8,4	1,0,0,0,0	19,47,14	1,1,0	-2	-1
2468	0,1,0,0,0	0,0,0,0,0	0,0,0	1,0,1	-2	-1
2469	5,6,1,6,0	0,0,0,1,0	5,11,7	4,0,1	-2	-1
2474	3,0,0,0,0	1,3,0,3,3	0,1,0	5,1,2	-2	-1
2475	0,1,0,0,2	0,0,0,0,0	0,2,1	0,0,1	-2	-1
2478	0,0,1,0,0	1,3,3,4,2	0,0,0	5,12,1	-2	-1
2481	0,0,0,0,0	0,0,1,1,3	0,1,0	1,8,1	-2	-1
2482	96,136,147,163,150	0,0,0,0,1	75,65,52	0,0,0	-2	-1
2484	4,3,2,1,1	0,0,1,0,0	0,0,3	0,0,1	-2	-1
2485	81,59,76,94,67	0,1,1,2,0	41,36,40	1,0,1	-2	-1
2486	85,62,78,95,67	0,0,0,0,1	41,36,43	0,0,0	-2	-1
2487	4,4,3,3,0	0,0,0,0,1	1,0,4	0,0,0	-2	-1
2488	0,0,1,3,0	31,25,36,26,30	2,3,2	32,29,31	-2	-1
2490	22,20,20,18,20	1,0,2,8,2	20,22,16	5,4,3	-2	-1
2492	0,0,2,0,3	21,21,10,37,25	0,0,0	15,9,15	-2	-1
2493	23,30,29,51,15	8,11,17,24,16	17,28,30	10,12,12	-2	-1
2494	10,2,8,16,3	0,0,1,1,1	5,5,10	0,0,0	-2	-1
2495	0,0,0,0,3	0,0,0,2,0	1,4,2	3,7,3	-2	-1
2498	9,9,9,12,8	0,0,1,0,0	8,7,7	0,0,0	-2	-1
2504	19,16,18,24,14	26,34,26,33,18	24,22,20	51,47,37	-2	-1
2506	0,0,0,0,0	10,9,8,9,13	0,1,0	2,3,0	-2	-1
2507	2,2,5,2,2	0,1,0,0,0	6,1,1	0,0,0	-2	-1
2508	8,7,11,10,13	0,1,0,0,0	11,6,3	0,0,0	-2	-1
2509	7,5,7,10,11	1,0,1,2,0	5,5,2	0,0,0	-2	-1
2510	0,1,1,0,1	0,0,0,0,1	3,2,2	0,0,0	-2	-1
2511	1,1,3,1,4	1,1,3,3,3	1,1,1	0,2,2	-2	-1
2512	0,0,0,0,0	0,0,1,0,1	0,1,0	0,0,1	-2	-1
2514	0,0,0,0,2	5,5,8,13,10	1,0,0	21,22,10	-2	-1
2518	47,49,36,40,39	49,41,28,54,41	17,16,31	17,16,19	-2	-1
2521	439,567,622,613,586	0,0,0,3,8	290,246,288	0,0,1	-2	-1
2522	0,0,0,1,0	15,20,21,17,19	0,0,0	24,27,26	-2	-1
2524	19,31,17,25,19	10,6,11,12,6	11,20,7	1,9,4	-2	-1
2525	21,9,15,31,7	11,16,6,11,5	6,20,6	8,15,6	-2	-1
2526	19,18,12,30,12	72,61,51,93,74	20,7,21	74,40,79	-2	-1
2528	24,35,22,28,31	2,6,1,1,1	23,36,22	2,5,4	-2	-1
2529	1,1,0,0,1	8,12,6,11,13	0,6,0	12,18,17	-2	-1
2530	0,1,0,1,0	15,7,3,11,6	2,0,0	2,7,6	-2	-1
2531	13,12,11,3,11	0,3,0,2,0	18,28,13	2,1,1	-2	-1
2533	0,0,0,0,0	2,0,1,5,5	2,4,1	5,22,5	-2	-1
2536	0,1,0,0,2	3,11,5,6,3	1,0,1	6,3,6	-2	-1
2537	182,230,198,247,197	0,1,0,1,0	412,458,338	0,0,2	-2	-1
2541	2,1,0,2,1	0,0,0,0,0	1,4,3	0,7,1	-2	-1
2542	0,0,0,0,0	0,2,0,0,1	0,4,0	0,4,0	-2	-1
2543	1,1,0,0,0	0,0,0,0,1	2,4,5	0,6,1	-2	-1
2544	4,3,2,4,4	12,14,7,11,4	8,15,3	63,127,41	-2	-1
2546	122,134,162,128,106	1,0,0,0,0	172,179,155	0,0,0	-2	-1
2549	1,3,1,0,0	53,48,41,52,44	2,2,2	76,102,104	-2	-1
2556	315,354,347,383,351	2,5,1,0,3	241,156,201	1,0,0	-2	-1
2557	0,0,0,0,0	0,0,1,1,0	2,2,0	1,2,1	-2	-1
2560	1,0,1,2,4	6,7,12,10,7	2,2,1	10,18,12	-2	-1
2563	0,0,0,2,2	2,4,3,5,1	0,1,0	5,9,10	-2	-1
2564	0,1,3,0,2	8,6,19,5,6	1,2,1	3,47,3	-2	-1
2566	6,7,10,10,4	5,7,8,12,3	8,9,6	7,10,12	-2	-1
2569	3,5,12,12,26	0,2,0,0,0	1,8,4	0,0,1	-2	-1
2572	78,78,98,61,88	1,2,1,4,1	77,126,104	3,0,1	-2	-1
2573	35,31,48,38,35	0,3,0,5,0	53,64,44	7,0,0	-2	-1
2574	0,1,0,0,0	16,25,19,23,18	0,1,0	53,63,31	-2	-1
2576	76,89,80,75,89	0,0,0,1,0	74,45,67	0,0,0	-2	-1
2582	0,0,0,0,2	1,0,1,1,0	0,3,2	0,1,0	-2	-1
2583	4,5,1,2,0	1,0,0,0,0	6,10,7	1,3,2	-2	-1
2586	5,6,4,11,3	0,0,0,0,0	13,19,15	1,0,0	-2	-1
2588	0,0,0,0,0	9,16,16,11,20	0,1,0	10,16,5	-2	-1
2589	5,5,4,7,4	95,92,78,93,87	7,12,11	191,176,124	-2	-1
2594	1,0,0,0,0	1,3,2,3,1	0,0,0	3,5,9	-2	-1
2595	211,211,202,205,157	2,0,5,3,0	624,762,561	9,5,5	-2	-1
2596	2,0,2,0,0	8,2,3,1,4	6,11,5	6,17,8	-2	-1
2597	1,5,0,1,4	4,0,0,0,0	7,7,6	0,2,2	-2	-1
2598	8,8,12,10,4	1,0,0,0,0	4,11,6	1,0,1	-2	-1
2601	0,1,0,0,0	0,0,0,2,0	4,6,1	1,0,2	-2	-1
2602	2,4,3,0,0	9,2,2,4,7	0,3,2	9,22,8	-2	-1
2603	32,33,50,26,56	10,8,11,10,8	4,8,7	0,2,0	-2	-1
2604	21,17,31,24,17	11,15,28,16,18	19,24,24	17,29,19	-2	-1
2605	2,6,3,3,0	22,36,53,36,26	6,16,6	20,32,30	-2	-1
2609	18,21,27,25,15	0,1,0,0,0	65,101,69	0,0,0	-2	-1
2610	4,6,5,8,5	10,12,22,24,19	10,10,5	34,19,16	-2	-1
2611	0,1,0,1,0	51,68,46,44,52	0,0,1	50,37,44	-2	-1
2614	10,13,10,9,13	30,36,64,48,61	15,16,4	40,75,46	-2	-1
2615	2,0,0,0,0	39,46,38,41,39	0,1,0	67,68,48	-2	-1
2618	0,2,0,2,0	1,2,7,3,6	0,0,0	1,3,0	-2	-1
2623	2,1,1,4,1	1,0,0,0,0	1,2,1	0,0,0	-2	-1
2625	10,10,7,5,11	41,52,58,58,56	3,1,6	21,18,14	-2	-1
2628	13,20,30,20,12	0,0,0,1,0	14,28,15	0,0,0	-2	-1
2630	5,6,19,14,13	0,0,1,0,0	21,30,17	0,1,2	-2	-1
2632	0,0,0,0,0	1,3,1,2,10	6,0,0	0,5,2	-2	-1
2633	6,3,3,1,5	2,3,0,0,0	4,9,1	0,0,3	-2	-1
2634	2,2,3,2,4	43,54,48,37,30	3,0,4	18,14,20	-2	-1
2635	62,58,68,75,35	3,0,4,3,2	35,15,36	1,0,0	-2	-1
2638	0,0,0,1,0	6,6,3,4,3	0,1,0	5,2,2	-2	-1
2645	14,13,31,31,18	1,2,8,0,1	7,6,3	1,1,1	-2	-1
2646	37,20,35,50,37	0,0,0,0,0	145,169,63	2,2,1	-2	-1
2648	1,3,0,1,2	2,3,7,7,9	0,0,0	1,1,5	-2	-1
2649	1,0,0,2,0	9,14,22,19,23	2,0,0	7,8,19	-2	-1
2650	0,0,0,0,0	16,11,7,6,16	0,1,1	9,10,18	-2	-1
2652	0,0,0,1,0	2,10,3,8,2	0,0,0	15,19,5	-2	-1
2653	5,2,4,0,3	1,2,4,2,1	11,6,0	6,5,4	-2	-1
2664	0,1,3,1,2	1,0,0,0,0	0,1,0	0,0,1	-2	-1
2665	0,0,0,0,0	0,0,0,0,1	1,1,0	0,0,0	-2	-1
2667	9,8,6,6,8	0,0,0,0,1	9,9,31	0,0,0	-2	-1
2669	5,1,2,0,6	0,0,0,1,0	2,5,1	0,0,0	-2	-1
2676	0,1,2,3,0	114,138,199,191,100	0,0,0	21,48,71	-2	-1
2677	66,105,87,84,107	2,6,2,0,3	8,17,15	0,0,0	-2	-1
2678	0,0,0,0,2	6,4,2,1,4	0,0,1	0,3,1	-2	-1
2681	10,9,8,13,10	2,0,0,2,1	4,7,11	0,0,0	-2	-1
2683	0,0,0,0,0	1,0,0,0,0	0,0,1	0,0,1	-2	-1
2684	0,0,0,0,0	3,5,2,3,0	0,0,1	4,1,2	-2	-1
2685	0,0,0,0,0	1,0,0,0,0	1,0,0	0,0,1	-2	-1
2686	0,0,0,0,0	3,5,2,3,0	1,0,0	4,1,2	-2	-1
2687	1,0,0,0,0	3,5,2,3,0	0,0,1	4,1,2	-2	-1
2689	18,18,20,19,14	6,0,5,13,0	0,1,2	0,0,0	-2	-1
2692	52,41,46,35,36	0,0,0,3,0	105,152,95	5,4,1	-2	-1
2696	0,0,0,2,0	0,1,0,0,0	0,4,2	0,1,5	-2	-1
2699	1,1,2,0,0	2,1,2,4,0	0,3,0	5,22,8	-2	-1
2701	0,1,0,0,0	1,2,3,2,1	0,0,0	1,4,0	-2	-1
2702	2,5,8,2,2	0,0,0,0,0	0,1,0	0,0,1	-2	-1
2706	69,59,30,101,402	0,0,0,1,0	22,67,28	0,0,0	-2	-1
2709	0,2,1,2,0	0,0,0,0,0	0,5,0	0,1,0	-2	-1
2710	6,0,0,0,0	0,0,1,0,0	0,18,0	0,1,0	-2	-1
2713	1,1,0,2,1	1,3,1,1,1	1,1,1	7,11,8	-2	-1
2714	5,4,6,0,2	1157,1215,1300,1210,1364	3,2,3	973,679,1246	-2	-1
2715	1,4,1,5,2	0,2,3,6,8	2,6,2	2,9,6	-2	-1
2720	1,3,1,3,1	0,0,0,3,0	5,4,0	0,0,0	-2	-1
2722	3,1,0,1,0	0,0,0,0,0	0,4,1	0,1,1	-2	-1
2723	4,3,3,2,0	10,1,3,7,0	1,1,4	3,12,2	-2	-1
2724	2,3,0,1,4	15,15,10,11,16	0,0,1	11,24,19	-2	-1
2726	96,69,64,80,31	21,12,11,19,6	101,132,118	23,34,17	-2	-1
2727	7,9,1,2,2	0,0,0,0,0	3,12,5	1,2,0	-2	-1
2730	0,1,1,4,1	0,0,0,0,0	16,31,6	0,3,1	-2	-1
2731	7,12,11,7,3	0,0,0,0,0	33,65,14	2,4,1	-2	-1
2732	21,22,19,12,27	33,53,43,67,52	9,10,8	11,16,9	-2	-1
2733	0,0,0,0,0	6,31,23,18,19	1,0,1	31,51,28	-2	-1
2734	0,0,0,1,0	1,0,0,1,0	0,1,2	1,3,1	-2	-1
2735	0,1,1,2,1	0,0,0,0,0	0,2,5	0,1,0	-2	-1
2736	0,0,0,0,0	0,1,0,0,0	0,1,0	0,0,0	-2	-1
2739	0,0,0,0,0	1,1,1,0,1	0,1,0	2,1,3	-2	-1
2740	1,0,2,3,0	1,0,0,0,0	1,4,0	1,7,0	-2	-1
2741	23,26,31,27,22	14,9,8,12,2	26,46,45	6,7,7	-2	-1
2742	1,2,1,2,0	0,0,0,0,0	11,51,10	1,2,0	-2	-1
2744	3,2,6,3,2	6,14,10,18,6	3,4,8	12,20,22	-2	-1
2745	0,0,0,0,0	2,1,2,2,2	1,1,1	6,17,7	-2	-1
2747	0,2,3,4,1	50,35,44,42,67	0,3,1	29,31,42	-2	-1
2748	0,0,0,0,0	2,4,1,0,1	0,0,1	0,0,1	-2	-1
2750	18,16,20,21,9	0,0,1,2,0	11,23,17	2,0,0	-2	-1
2751	2,1,0,0,3	12,12,17,25,26	1,0,0	18,12,8	-2	-1
2752	26,38,32,35,26	0,1,0,0,0	21,31,23	0,0,0	-2	-1
2753	0,1,1,4,0	0,0,0,0,1	2,10,2	2,1,2	-2	-1
2755	41,47,54,71,47	12,28,17,11,24	7,9,17	2,7,6	-2	-1
2756	0,0,0,0,0	2,0,0,0,0	0,8,1	0,1,0	-2	-1
2758	0,0,0,0,1	0,0,0,0,0	0,1,3	2,1,0	-2	-1
2759	0,0,0,0,0	34,34,41,31,35	2,0,0	40,47,74	-2	-1
2762	1597,1608,1599,1727,1350	2,0,0,1,1	1208,1905,1369	1,1,4	-2	-1
2764	17,17,16,24,12	0,1,0,0,0	50,71,38	0,0,0	-2	-1
2774	2,4,3,2,1	14,17,19,17,12	8,2,2	22,37,16	-2	-1
2776	4,2,3,2,0	0,0,0,0,0	0,6,4	2,0,0	-2	-1
2778	0,0,0,0,0	0,0,1,0,1	0,3,0	0,0,1	-2	-1
2783	0,0,1,0,0	10,8,20,19,28	0,0,0	7,10,16	-2	-1
2784	1,0,1,6,0	5,8,11,14,8	2,0,1	8,9,10	-2	-1
2787	0,3,2,3,0	1,0,2,1,4	2,0,1	2,0,2	-2	-1
2789	4,2,4,2,3	32,21,21,35,26	7,3,2	19,10,26	-2	-1
2790	17,21,26,29,18	32,21,21,35,26	22,14,21	19,10,26	-2	-1
2791	1,1,3,1,1	32,21,21,35,26	1,3,6	19,10,26	-2	-1
2792	2,3,3,2,0	32,21,21,35,26	10,6,3	19,10,26	-2	-1
2793	17,21,26,29,18	4,2,4,2,3	22,14,21	7,3,2	-2	-1
2794	1,1,3,1,1	4,2,4,2,3	1,3,6	7,3,2	-2	-1
2795	2,3,3,2,0	4,2,4,2,3	10,6,3	7,3,2	-2	-1
2796	1,1,3,1,1	17,21,26,29,18	1,3,6	22,14,21	-2	-1
2797	2,3,3,2,0	17,21,26,29,18	10,6,3	22,14,21	-2	-1
2798	2,3,3,2,0	1,1,3,1,1	10,6,3	1,3,6	-2	-1
2799	0,0,0,2,3	8,15,8,23,12	1,2,0	8,12,10	-2	-1
2800	11,3,1,5,2	21,12,4,21,12	1,3,1	13,18,15	-2	-1
2805	7,4,3,9,5	0,0,1,1,0	6,5,2	0,0,0	-2	-1
2811	48,71,56,78,40	3,4,0,2,5	56,18,66	3,2,0	-2	-1
2816	0,1,1,1,0	0,4,1,0,1	3,3,0	7,13,3	-2	-1
2818	0,3,2,0,1	1,0,0,0,2	1,0,2	0,1,0	-2	-1
2824	21,27,40,40,21	0,0,1,0,0	24,29,27	0,0,0	-2	-1
2829	99,124,114,91,97	315,269,309,279,352	42,30,64	90,79,102	-2	-1
2833	0,0,0,0,0	0,0,1,0,1	0,1,0	2,2,4	-2	-1
2834	20,18,14,19,15	31,12,19,25,24	26,38,22	40,47,36	-2	-1
2837	9,11,6,10,3	36,40,45,67,28	11,7,7	80,70,46	-2	-1
2839	32,18,39,35,18	20,40,51,28,26	11,7,8	7,13,8	-2	-1
2840	2,0,0,0,0	0,0,1,1,1	0,0,0	2,0,0	-2	-1
2841	1,1,1,3,0	31,36,41,32,26	0,2,1	25,19,29	-2	-1
2844	0,1,3,0,0	2,4,1,0,1	1,6,3	1,1,3	-2	-1
2846	30,17,36,19,19	14,13,18,16,7	15,19,24	11,11,6	-2	-1
2849	19,11,16,14,13	0,2,0,0,0	8,4,6	1,0,0	-2	-1
2850	3,0,2,2,0	13,13,20,20,17	3,7,0	19,10,12	-2	-1
2851	33,23,54,39,36	0,1,1,1,0	26,19,19	0,0,0	-2	-1
2856	24,6,19,16,17	1,0,0,0,0	14,36,10	0,0,0	-2	-1
2860	43,38,39,33,27	0,0,0,0,0	22,18,23	3,0,2	-2	-1
2862	0,0,2,1,0	5,2,0,2,4	0,3,0	1,12,6	-2	-1
2863	15,20,18,8,13	1,0,0,0,0	27,23,27	0,0,0	-2	-1
2864	16,8,20,12,4	1,1,0,0,0	20,20,21	2,1,0	-2	-1
2865	24,29,24,31,23	4,4,4,8,4	30,25,24	3,3,4	-2	-1
2867	5,6,8,4,3	0,0,0,0,0	3,4,8	1,1,0	-2	-1
2868	3,0,1,6,0	2,2,2,5,1	2,2,1	2,3,1	-2	-1
2869	0,5,9,2,5	2,2,2,5,1	3,4,4	2,3,1	-2	-1
2870	0,5,9,2,5	3,0,1,6,0	3,4,4	2,2,1	-2	-1
2871	5,2,2,5,1	0,2,1,0,0	2,0,3	0,2,0	-2	-1
2875	370,451,426,468,566	0,0,0,1,3	232,225,238	0,0,1	-2	-1
2877	0,0,1,0,0	19,16,12,16,15	2,2,1	27,39,32	-2	-1
2878	1,3,0,1,2	23,24,7,31,13	1,5,3	72,45,63	-2	-1
2879	0,0,0,1,0	7,8,8,2,5	1,1,0	1,8,5	-2	-1
2885	122,112,128,146,139	1,3,3,7,3	55,64,55	7,3,2	-2	-1
2893	0,0,1,5,1	0,0,0,1,1	0,0,0	0,3,0	-2	-1
2894	1,2,3,1,0	0,1,0,1,1	1,4,0	0,0,0	-2	-1
2895	80,69,82,82,74	0,2,1,0,4	81,82,53	5,3,0	-2	-1
2897	0,6,2,1,1	10,9,11,10,5	3,2,2	12,7,4	-2	-1
2901	15,12,4,6,6	2,3,4,1,1	14,7,7	6,2,3	-2	-1
2902	1,2,0,0,1	0,2,6,7,13	1,0,0	0,2,1	-2	-1
2903	6,3,0,3,4	17,18,11,16,20	1,0,1	17,16,20	-2	-1
2907	1,1,0,0,0	20,9,5,12,5	3,2,1	17,21,16	-2	-1
2908	1,0,0,2,0	0,0,0,0,0	0,6,0	0,1,0	-2	-1
2914	48,35,36,45,33	0,0,0,1,0	97,189,81	0,1,0	-2	-1
2916	0,2,5,1,9	0,0,0,0,0	3,18,4	1,4,0	-2	-1
2919	65,61,73,63,50	0,0,0,0,0	92,132,126	0,0,1	-2	-1
2920	1,3,2,4,9	10,9,17,18,7	1,3,2	7,15,2	-2	-1
2923	68,57,67,72,57	0,0,0,0,0	92,120,104	1,0,0	-2	-1
2924	3,0,1,1,1	2,1,0,2,1	4,18,3	1,14,7	-2	-1
2925	0,1,0,0,0	1,1,0,0,4	0,0,0	2,4,1	-2	-1
2926	0,0,0,0,0	18,20,9,22,7	1,1,0	22,28,19	-2	-1
2929	3,1,3,0,1	178,195,193,179,176	1,1,1	123,88,139	-2	-1
2930	0,1,0,1,0	2,2,3,2,1	0,2,0	1,8,2	-2	-1
2931	13,14,15,16,20	1,0,0,0,1	15,43,17	0,0,0	-2	-1
2932	25,33,26,46,23	63,69,81,87,42	25,36,28	47,47,54	-2	-1
2937	128,138,130,156,160	0,0,0,0,1	136,131,134	0,0,0	-2	-1
2943	18,13,17,30,16	0,0,0,0,0	23,21,19	0,0,1	-2	-1
2944	18,21,23,18,18	28,28,25,18,24	5,5,3	6,5,7	-2	-1
2945	3,0,1,3,1	29,34,44,46,45	3,2,1	47,53,50	-2	-1
2947	2,1,4,4,2	6,3,5,3,1	5,32,15	4,19,4	-2	-1
2948	10,12,6,13,10	4,3,1,2,0	13,18,9	2,2,0	-2	-1
2949	51,73,49,48,60	0,0,0,0,0	45,50,51	0,1,0	-2	-1
2952	0,0,0,0,0	31,40,43,45,30	1,0,0	16,30,35	-2	-1
2953	5,11,6,5,9	2,3,0,0,2	12,10,4	1,3,1	-2	-1
2954	0,0,0,0,0	4,5,7,7,3	0,2,0	1,12,2	-2	-1
2960	29,40,39,42,36	0,1,1,0,0	28,50,43	0,0,0	-2	-1
2961	5,0,2,1,0	15,8,4,14,8	2,13,4	22,108,20	-2	-1
2973	0,0,0,1,0	1,0,0,0,0	0,0,1	2,4,3	-2	-1
2975	1,0,0,0,0	0,1,2,0,0	0,0,0	0,1,0	-2	-1
2977	560,577,618,671,567	1,0,1,0,0	301,166,378	0,0,1	-2	-1
2980	20,30,39,26,22	0,0,2,0,1	3,9,18	4,1,0	-2	-1
2981	1,1,3,0,2	4,2,12,7,6	0,1,1	9,6,3	-2	-1
2982	0,1,3,3,3	0,0,0,0,0	3,6,7	1,0,0	-2	-1
2983	1,2,1,0,0	22,19,30,18,28	0,0,0	18,16,20	-2	-1
2986	1,0,0,1,0	22,23,35,28,24	0,0,0	22,18,22	-2	-1
2988	60,69,71,78,55	11,5,10,5,6	57,63,51	14,9,7	-2	-1
2989	8,5,10,9,0	1,2,0,0,0	15,44,15	2,5,2	-2	-1
2992	28,13,16,23,14	0,0,0,0,0	61,149,69	0,0,2	-2	-1
2994	21,13,13,24,14	0,0,0,1,1	10,20,8	0,0,0	-2	-1
2995	3,1,0,0,1	1,1,6,9,6	1,0,1	6,8,5	-2	-1
2996	4,2,0,0,1	7,4,1,4,4	2,0,1	12,12,5	-2	-1
2997	2,2,6,9,6	7,4,1,4,4	7,8,5	12,12,5	-2	-1
2999	0,0,0,0,2	1,0,0,1,2	0,0,0	4,6,1	-2	-1
3000	4,5,1,5,6	0,1,1,0,0	27,16,3	0,0,0	-2	-1
3001	0,0,2,3,0	3,2,0,0,0	3,19,4	0,7,4	-2	-1
3002	6,9,5,7,10	1,3,0,1,2	11,4,23	0,2,2	-2	-1
3005	17,12,17,12,16	0,1,0,1,0	3,11,4	0,0,0	-2	-1
3007	0,0,1,0,0	0,0,0,0,0	0,0,0	0,2,0	-2	-1
3012	22,23,25,26,19	0,3,0,0,0	18,26,24	0,0,1	-2	-1
3016	8,11,15,7,10	3,8,2,7,9	7,2,4	0,1,1	-2	-1
3019	164,159,171,188,221	3,0,0,0,0	44,60,77	0,0,0	-2	-1
3020	94,66,84,89,72	0,0,1,0,0	71,50,87	1,0,0	-2	-1
3028	1,7,5,4,3	35,34,65,50,38	2,2,2	33,37,34	-2	-1
3029	0,1,0,0,0	0,2,0,0,0	1,2,1	0,0,0	-2	-1
3030	0,1,0,0,0	2,0,0,0,0	1,2,1	0,0,0	-2	-1
3033	1,0,0,0,0	1,4,2,9,3	0,2,3	2,27,4	-2	-1
3034	11,9,4,12,9	5,8,5,3,3	13,28,13	8,17,10	-2	-1
3036	1273,1319,1478,1395,1588	0,0,0,0,0	844,330,920	1,0,0	-2	-1
3038	5,3,2,1,2	6,8,5,3,5	8,16,9	14,35,19	-2	-1
3039	0,1,0,0,4	0,0,0,1,0	3,0,3	0,0,0	-2	-1
3040	0,0,1,0,0	1,3,1,5,1	0,0,0	2,3,4	-2	-1
3043	7,6,24,9,20	0,0,0,0,0	26,48,38	2,0,0	-2	-1
3045	2,2,0,3,1	0,0,0,0,0	4,4,1	0,0,2	-2	-1
3046	36,22,24,25,22	0,0,1,0,0	17,8,17	0,0,0	-2	-1
3049	0,1,3,1,2	0,0,0,0,0	2,8,1	1,4,2	-2	-1
3050	6,4,0,4,3	0,0,0,0,0	4,10,1	1,0,0	-2	-1
3052	10,7,3,18,10	4,7,6,16,6	5,2,11	6,13,9	-2	-1
3053	9,10,11,9,11	8,6,4,6,5	27,60,24	20,42,27	-2	-1
3054	4,3,1,8,6	105,98,110,98,86	1,2,1	26,27,40	-2	-1
3055	13,15,26,21,11	0,0,0,0,1	56,145,43	2,0,0	-2	-1
3057	12,8,7,8,3	1,0,2,3,0	12,15,8	0,0,0	-2	-1
3058	3,1,3,9,2	1,3,1,0,0	1,7,5	2,1,0	-2	-1
3060	13,19,21,19,17	0,3,0,3,1	15,24,14	0,0,1	-2	-1
3062	4,1,3,1,0	1,0,1,0,1	0,8,6	0,2,1	-2	-1
3063	0,0,0,2,0	4,6,9,7,1	1,0,1	1,16,1	-2	-1
3064	0,1,0,0,0	0,2,2,1,0	0,1,0	0,5,1	-2	-1
3065	22,12,6,17,7	0,1,0,0,0	14,14,16	0,0,0	-2	-1
3066	35,26,31,39,42	0,0,0,0,4	24,30,17	0,0,0	-2	-1
3068	1,0,4,2,0	0,0,0,0,0	4,8,2	0,2,1	-2	-1
3069	0,3,0,2,3	0,1,0,0,0	3,8,7	0,7,1	-2	-1
3070	9,8,3,8,6	6,2,2,2,3	6,9,8	2,1,0	-2	-1
3071	0,0,0,1,0	1,3,0,0,0	1,2,0	3,1,0	-2	-1
3074	7,14,6,8,15	0,2,0,0,0	6,13,13	0,0,0	-2	-1
3076	13,13,15,15,11	35,50,22,33,54	0,0,3	1,0,10	-2	-1
3077	61,78,88,73,61	1908,1893,1898,1892,1753	2,2,9	51,47,331	-2	-1
3078	13,12,15,15,13	105,100,110,65,92	0,0,3	2,7,29	-2	-1
3079	8,2,5,8,1	38,25,22,26,14	10,15,10	35,49,22	-2	-1
3081	3,0,2,1,0	5,0,1,4,0	1,6,1	4,18,6	-2	-1
3082	2,4,8,5,9	0,0,1,0,0	0,16,7	0,0,0	-2	-1
3083	15,26,24,17,10	44,60,62,53,33	15,10,11	23,8,18	-2	-1
3085	0,1,2,1,0	0,0,0,0,0	6,1,7	0,1,2	-2	-1
3086	5,8,6,9,9	0,0,0,0,0	19,25,13	0,1,0	-2	-1
3089	35,30,24,35,22	0,1,0,0,0	24,17,19	0,0,0	-2	-1
3090	5,0,3,2,0	8,10,8,12,2	3,4,5	11,14,12	-2	-1
3091	5,0,3,2,0	0,0,0,0,0	3,4,5	0,0,1	-2	-1
3092	8,10,8,12,2	0,0,0,0,0	11,14,12	0,0,1	-2	-1
3093	0,2,0,0,0	7,0,4,3,1	0,4,0	0,2,1	-2	-1
3094	0,2,0,0,0	7,0,4,3,1	0,2,3	0,2,1	-2	-1
3098	7,10,5,6,8	302,356,398,308,435	4,7,10	254,145,272	-2	-1
3099	150,166,164,169,136	1,0,0,0,0	125,116,136	0,0,0	-2	-1
3100	0,0,0,0,0	1,0,0,0,0	4,6,5	0,0,0	-2	-1
3103	1,0,0,1,0	6,16,15,10,8	0,0,0	1,3,1	-2	-1
3104	97,66,88,109,87	0,0,0,0,0	190,183,146	0,2,0	-2	-1
3107	33,31,40,39,38	0,2,2,2,5	18,32,23	1,0,2	-2	-1
3108	20,22,20,27,11	1,0,0,0,0	110,94,81	0,0,0	-2	-1
3110	10,33,17,19,10	66,84,74,96,62	6,2,13	35,28,29	-2	-1
3111	25,25,45,54,26	0,0,0,1,2	10,24,21	0,0,2	-2	-1
3114	0,0,0,0,0	0,1,0,0,0	1,0,0	0,0,0	-2	-1
3118	0,0,0,0,0	1,0,1,0,0	0,2,0	2,1,0	-2	-1
3119	1,1,1,6,1	15,13,8,16,18	1,0,0	20,4,14	-2	-1
3120	1,0,3,3,1	22,22,8,28,14	0,0,0	5,16,11	-2	-1
3124	0,0,0,1,3	93,116,78,96,101	2,3,0	57,81,55	-2	-1
3127	133,131,132,138,141	43,26,32,33,30	76,83,115	27,22,28	-2	-1
3134	0,1,0,0,0	0,0,2,4,1	3,0,1	0,5,2	-2	-1
3135	0,1,0,0,0	3,0,1,4,3	0,1,3	1,2,1	-2	-1
3138	0,1,0,0,0	3,0,2,0,5	0,0,3	2,3,0	-2	-1
3139	197,250,254,256,212	0,2,0,0,0	493,628,391	0,0,0	-2	-1
3144	5,4,2,1,4	2,0,0,0,0	7,10,3	0,0,0	-2	-1
3149	14,5,10,11,14	0,0,1,2,1	7,7,6	2,0,0	-2	-1
3150	174,173,199,202,178	0,0,1,2,1	133,124,116	2,0,0	-2	-1
3151	160,168,189,193,165	0,0,0,2,1	126,117,111	0,0,1	-2	-1
3152	19,7,1,7,6	9,1,4,5,5	11,29,8	7,8,7	-2	-1
3154	3,2,3,0,1	6,18,5,2,6	0,3,6	6,22,13	-2	-1
3155	14,5,10,13,14	1,3,1,2,0	3,9,5	0,0,3	-2	-1
3163	0,0,1,0,0	12,3,2,2,2	0,0,1	1,6,0	-2	-1
3164	10,11,5,16,7	0,0,0,0,0	4,13,8	5,0,0	-2	-1
3165	15,10,9,13,3	54,58,44,76,55	14,16,13	54,72,72	-2	-1
3167	22,25,25,35,20	10,2,5,5,2	53,55,33	6,19,7	-2	-1
3173	6,12,7,16,4	0,0,0,1,0	10,7,13	0,0,0	-2	-1
3194	7,10,8,5,4	2,0,5,3,3	2,19,5	1,5,1	-2	-1
3196	42,54,33,45,42	0,1,0,0,0	39,29,36	0,0,0	-2	-1
3197	5,2,2,8,3	0,1,0,0,0	3,2,4	0,0,0	-2	-1
3198	5,2,2,8,4	20,22,22,38,35	3,3,4	17,37,20	-2	-1
3203	12,24,6,25,9	1,1,9,6,5	19,32,16	0,3,4	-2	-1
3204	0,0,0,1,0	0,1,0,0,0	2,9,6	0,0,0	-2	-1
3206	3,1,2,3,2	0,0,1,1,0	12,14,6	0,1,2	-2	-1
3207	8,10,4,4,2	0,1,0,0,0	23,33,15	0,1,0	-2	-1
3209	0,0,0,3,2	0,0,2,0,0	1,0,0	1,3,0	-2	-1
3212	10,6,8,7,5	10,6,12,11,11	10,11,4	3,3,3	-2	-1
3213	0,0,0,1,0	0,0,0,4,0	2,9,0	6,4,1	-2	-1
3214	2,0,0,3,1	1,1,0,0,2	5,3,5	8,22,5	-2	-1
3215	2,2,0,3,1	0,0,0,0,0	0,4,4	0,1,0	-2	-1
3219	3,5,6,10,3	3,10,5,9,6	6,7,5	14,8,9	-2	-1
3226	2,4,1,4,3	0,1,0,0,0	4,5,4	1,0,0	-2	-1
3227	7,7,6,8,9	6,5,13,11,11	18,11,5	24,21,4	-2	-1
3228	3,1,1,0,1	0,1,2,1,0	9,14,4	0,8,2	-2	-1
3230	0,2,1,0,0	0,1,0,5,1	4,6,0	2,4,0	-2	-1
3231	5,0,0,3,1	17,34,34,32,23	2,5,2	78,91,68	-2	-1
3233	249,292,260,277,324	0,0,0,0,0	181,174,178	1,0,0	-2	-1
3234	250,293,295,278,334	1,0,0,0,1	210,170,206	0,0,0	-2	-1
3237	3,6,1,6,1	2,1,5,1,2	4,2,11	3,4,1	-2	-1
3239	742,637,531,666,666	15,15,9,10,13	468,447,420	9,1,10	-2	-1
3240	816,699,609,722,731	54,61,50,40,52	510,535,486	40,57,49	-2	-1
3241	89,77,87,66,78	54,61,50,40,52	51,89,76	40,57,49	-2	-1
3246	0,2,1,1,2	51,55,42,49,49	0,1,1	59,56,83	-2	-1
3247	145,131,155,151,151	0,0,0,0,0	92,104,115	0,1,0	-2	-1
3248	9,6,10,12,9	0,0,0,0,0	19,13,15	4,0,0	-2	-1
3250	0,0,0,0,0	0,0,0,1,1	1,5,0	9,30,9	-2	-1
3251	1,0,0,0,0	5,2,7,12,4	5,7,4	13,21,10	-2	-1
3255	1,0,0,0,1	4,3,6,4,5	0,0,2	4,6,5	-2	-1
3258	9,13,22,10,21	0,5,0,2,0	11,30,18	0,3,1	-2	-1
3260	1,6,1,3,1	107,115,131,116,122	3,3,3	111,105,126	-2	-1
3264	2,3,5,6,3	16,19,9,10,15	12,10,8	28,76,37	-2	-1
3268	1,2,3,0,5	25,24,32,21,26	1,4,5	57,82,47	-2	-1
3271	13,6,10,13,11	2,0,0,1,0	50,74,0	2,3,0	-2	-1
3272	25,36,37,30,19	4,1,0,0,0	28,19,26	0,0,0	-2	-1
3278	83,71,70,86,48	11,19,11,22,15	23,20,38	13,17,13	-2	-1
3280	0,0,0,1,2	16,20,19,19,9	0,2,0	6,10,5	-2	-1
3282	1,5,4,4,5	0,2,0,1,2	10,25,7	0,2,5	-2	-1
3283	5,2,0,0,0	0,0,0,0,2	4,10,0	7,9,2	-2	-1
3284	6,3,9,6,10	0,1,0,0,0	1,5,1	0,0,0	-2	-1
3285	0,2,0,1,0	0,0,0,0,0	1,4,2	0,0,1	-2	-1
3286	8,2,4,1,0	12,6,9,10,2	8,7,4	16,38,15	-2	-1
3288	0,0,1,0,0	6,8,7,9,5	0,0,0	5,2,7	-2	-1
3289	0,1,1,1,2	1,4,2,4,2	0,0,0	1,2,7	-2	-1
3290	13,5,14,12,5	0,2,0,0,0	16,13,8	1,2,0	-2	-1
3291	1,0,1,1,0	3,3,0,10,0	3,2,0	15,59,14	-2	-1
3296	4,5,4,11,18	1,0,0,0,0	5,9,10	2,1,0	-2	-1
3297	0,0,0,0,0	1,0,1,1,0	1,3,0	0,1,1	-2	-1
3299	6,1,2,8,1	0,0,0,0,0	8,26,12	1,0,0	-2	-1
3300	0,1,0,0,0	5,2,8,3,1	0,1,0	5,8,10	-2	-1
3301	1,0,1,0,0	2,6,13,3,1	0,1,1	7,4,13	-2	-1
3302	3,0,0,0,0	22,12,12,9,9	0,0,0	7,11,11	-2	-1
3304	0,0,0,1,0	8,9,9,5,8	1,4,0	29,139,39	-2	-1
3307	0,4,3,3,0	2,0,1,0,0	1,2,1	0,0,0	-2	-1
3308	1,4,3,2,0	0,0,0,0,0	1,2,1	0,0,2	-2	-1
3318	4,1,0,1,0	6,8,7,7,3	2,3,0	9,6,3	-2	-1
3319	39,37,31,23,28	1,1,3,5,0	39,51,43	4,2,3	-2	-1
3321	0,0,2,0,0	1,1,0,0,0	1,0,1	1,0,0	-2	-1
