ID	IJC_SAMPLE_1	SJC_SAMPLE_1	IJC_SAMPLE_2	SJC_SAMPLE_2	IncFormLen	SkipFormLen
0	2,0,0,0,0	0,0,0,0,0	0,1,0	0,1,0	2129	-1
2	4070,4578,4284,5050,4599	94,154,250,115,130	3951,4909,2448	52,35,62	537	-1
4	3,10,9,7,6	28,24,40,37,33	8,1,1	20,15,21	86	-1
5	0,0,1,0,0	0,1,3,0,0	1,0,0	2,0,0	1673	-1
10	0,0,0,0,0	0,0,0,0,2	1,0,0	2,1,1	962	-1
11	1,0,1,0,1	10,14,13,17,10	2,2,0	15,11,5	858	-1
14	1,1,1,0,0	1,2,3,1,1	0,0,0	1,2,2	241	-1
17	3,1,1,0,0	160,176,176,219,157	1,0,1	180,194,173	72	-1
18	22,34,26,45,9	0,1,5,3,3	12,7,5	0,0,1	3116	-1
22	0,0,0,0,1	53,54,48,47,56	0,0,2	53,71,55	1960	-1
23	2,1,0,3,0	4,1,1,3,3	1,7,3	4,9,5	1734	-1
27	69,76,87,116,79	20,13,21,16,27	37,48,40	10,12,5	189	-1
28	0,5,4,2,0	23,41,30,33,33	0,2,1	55,62,38	75	-1
29	1,4,1,3,0	18,20,23,13,29	3,1,4	13,21,18	111	-1
30	5,10,6,12,7	92,105,114,102,131	5,5,10	75,78,80	114	-1
31	5,11,13,15,13	50,62,64,52,87	2,6,6	37,43,51	82	-1
33	0,1,0,0,0	218,148,318,247,237	0,0,0	217,89,352	77	-1
34	0,0,0,0,0	0,1,0,0,0	1,2,0	1,1,4	72	-1
35	0,0,0,0,0	0,3,0,0,0	0,0,1	4,4,5	89	-1
36	0,0,0,0,0	2,3,2,5,0	0,1,0	8,11,2	408	-1
37	0,0,0,0,0	44,31,37,47,66	0,2,0	184,777,222	103	-1
38	2,3,1,0,0	3,3,2,10,1	2,1,0	6,4,2	119	-1
40	9,6,7,11,8	10,9,10,13,16	3,1,2	6,2,10	807	-1
42	2,0,0,0,0	6,2,9,5,1	1,0,0	2,7,7	282	-1
43	0,0,1,1,0	27,15,26,19,18	4,1,1	94,150,145	84	-1
44	0,0,0,0,0	139,132,114,140,83	0,0,1	383,486,354	79	-1
45	0,0,0,0,0	199,181,193,239,131	0,0,1	381,387,359	401	-1
46	22,23,27,29,19	336,378,342,401,323	33,36,39	658,590,667	238	-1
52	3,5,1,3,0	42,17,18,27,10	3,0,0	23,37,28	83	-1
53	2,0,1,3,0	0,5,1,2,0	9,4,0	2,0,0	3328	-1
54	0,0,2,0,0	23,26,29,19,17	0,4,0	39,37,27	491	-1
55	1,7,8,3,6	44,55,50,50,40	3,6,4	52,52,54	88	-1
56	2,2,5,6,1	152,203,171,228,223	2,3,1	76,47,84	298	-1
57	0,0,0,1,2	129,214,173,180,167	0,0,0	92,53,87	106	-1
59	0,0,0,2,0	46,35,17,51,24	0,3,1	171,170,205	252	-1
63	0,2,0,0,2	0,1,6,2,5	0,0,0	2,3,0	1161	-1
66	0,1,0,2,1	3,4,3,6,6	1,3,0	4,9,3	161	-1
67	8,16,8,17,16	69,66,78,73,66	11,5,9	57,45,56	79	-1
69	1,0,1,0,0	10,7,11,8,3	0,0,0	4,7,4	1435	-1
72	0,0,1,2,1	454,504,538,459,566	0,0,0	213,299,595	268	-1
73	7,1,4,4,2	15,21,15,11,12	6,10,4	14,41,30	1167	-1
77	9,1,4,3,1	54,59,60,71,67	3,1,1	38,29,49	148	-1
78	9,1,4,3,1	14,6,7,10,10	3,1,2	5,2,10	122	-1
79	0,0,0,0,0	2,0,0,0,0	0,0,1	0,0,0	1163	-1
83	0,0,0,0,0	8,5,3,3,5	0,3,3	4,14,6	974	-1
86	0,0,1,0,0	5,14,12,5,1	0,0,0	10,21,7	1675	-1
88	0,1,1,0,0	4,6,3,1,6	0,3,1	5,17,7	1284	-1
90	3,12,16,9,5	0,1,4,5,3	20,10,10	3,2,0	212	-1
91	1,2,4,2,3	142,148,187,195,181	4,2,2	166,112,122	206	-1
94	2,0,2,0,0	6,9,11,9,6	0,0,0	1,2,3	665	-1
97	6,3,9,2,4	115,133,187,173,199	1,0,7	115,84,105	81	-1
98	1,0,6,3,5	2,1,3,2,2	16,22,12	6,7,5	408	-1
105	2,0,0,0,0	41,41,36,40,46	0,0,0	24,23,19	72	-1
106	4,1,1,3,3	13,19,21,21,25	1,2,1	9,10,11	345	-1
107	5,6,2,1,4	19,25,13,19,18	3,0,0	17,17,10	100	-1
108	2,4,2,4,4	0,1,0,0,0	0,2,1	1,0,0	491	-1
109	6,12,1,9,4	23,26,16,18,31	0,4,2	29,11,13	325	-1
110	6,8,0,5,0	0,0,0,0,1	0,2,1	0,0,0	527	-1
111	12,12,11,15,7	0,0,0,2,1	7,10,10	0,1,0	148	-1
112	2,0,0,0,0	8,8,6,4,3	0,0,0	13,16,5	96	-1
122	0,0,0,0,0	4,1,0,0,1	3,0,0	2,6,2	307	-1
123	0,0,0,0,0	11,8,4,13,2	1,0,0	11,8,8	466	-1
126	15,8,14,26,24	154,184,165,201,211	13,17,24	216,269,253	92	-1
128	0,1,1,3,4	0,1,0,0,0	2,8,5	0,2,0	56	-1
131	23,19,13,11,10	1,0,2,1,0	21,26,41	0,1,0	341	-1
132	0,3,1,0,0	137,135,208,172,219	0,0,0	230,373,228	189	-1
139	0,1,3,3,0	3,12,7,5,4	2,1,0	8,10,7	1595	-1
141	3,0,0,0,0	0,1,1,1,2	4,2,0	0,6,0	108	-1
143	0,0,0,1,0	0,1,0,0,0	0,1,0	3,1,0	866	-1
144	0,0,0,1,0	1,0,0,4,0	0,1,0	4,4,0	884	-1
152	0,0,0,1,0	1,0,1,0,2	0,2,0	0,4,1	211	-1
155	2,0,3,4,3	53,52,36,36,58	5,2,6	80,75,90	81	-1
157	1,0,1,5,0	7,1,2,2,0	0,2,0	3,5,1	728	-1
159	7,8,3,9,7	112,121,124,130,95	1,1,3	57,82,39	77	-1
161	14,20,49,32,37	0,1,1,0,3	9,16,11	1,0,0	1028	-1
163	55,36,41,34,30	395,399,435,375,398	29,34,27	540,733,571	72	-1
174	0,0,0,2,0	4,0,0,0,0	0,0,0	3,5,1	72	-1
180	0,0,0,1,0	166,177,201,152,136	1,0,0	122,141,141	119	-1
182	0,0,1,0,0	1,2,1,4,0	1,0,0	6,2,6	378	-1
190	0,0,1,0,0	2,1,5,1,0	0,1,0	0,2,2	1451	-1
191	1,1,5,0,0	14,15,19,9,3	3,4,2	6,8,12	109	-1
192	0,0,1,0,2	7,7,5,2,1	0,0,7	4,7,9	94	-1
196	2,0,1,2,1	31,26,28,27,38	1,2,2	44,31,39	116	-1
200	0,0,0,0,0	0,0,1,0,0	1,4,0	1,3,5	116	-1
204	0,0,2,2,0	2,3,5,2,0	2,2,0	1,4,1	2172	-1
205	0,1,2,0,1	3,5,1,5,3	1,1,0	3,5,3	1055	-1
208	0,2,0,0,0	1,4,1,0,2	0,0,0	0,1,3	83	-1
216	0,0,1,1,0	4,4,2,8,7	1,3,0	18,78,9	1003	-1
219	0,0,0,0,0	19,26,23,28,5	0,0,1	23,34,28	143	-1
224	21,18,24,36,25	382,406,503,460,480	2,5,3	117,127,135	870	-1
226	0,0,2,4,0	7,8,6,7,2	0,0,0	3,0,1	79	-1
229	4,2,2,2,0	51,82,64,77,52	6,6,5	93,153,90	316	-1
238	0,0,1,2,5	5,1,5,6,0	1,0,0	1,1,3	1039	-1
239	0,1,1,3,0	10,4,12,8,13	0,0,0	1,10,5	701	-1
240	0,0,1,0,0	2,5,8,6,3	0,2,0	6,7,6	244	-1
243	15,15,20,13,20	124,69,122,150,16	4,3,5	16,90,6	177	-1
244	0,0,2,0,0	0,0,2,3,0	0,0,0	0,1,0	162	-1
249	8,2,9,10,0	28,36,38,51,13	0,2,1	5,31,9	119	-1
250	11,2,13,15,0	7,8,1,1,6	2,4,1	5,1,5	376	-1
251	3,0,4,5,0	45,44,40,75,22	2,2,0	18,61,18	126	-1
256	4,6,12,5,9	0,2,0,0,0	10,15,6	0,0,0	93	-1
257	0,3,0,0,0	25,36,22,22,39	1,0,0	19,31,31	81	-1
259	1,1,0,1,0	43,40,44,36,30	1,1,1	41,31,22	70	-1
266	0,1,2,0,0	12,9,5,6,13	0,0,0	3,7,9	105	-1
267	11,14,20,18,20	39,46,33,28,46	2,1,2	18,8,14	402	-1
268	30,30,50,42,50	22,8,9,11,15	12,10,10	2,1,3	443	-1
270	36,31,19,24,30	154,196,180,221,293	5,6,12	105,93,111	2279	-1
273	1,5,3,0,2	659,726,891,698,895	6,2,1	758,358,769	214	-1
274	4,8,3,7,3	224,234,266,251,255	0,5,2	149,158,207	91	-1
275	0,0,0,0,0	234,267,249,276,223	0,1,0	153,134,141	115	-1
276	21,17,14,8,21	174,121,173,140,181	15,12,9	118,119,125	590	-1
277	3,0,0,0,0	3,7,1,3,3	0,0,0	3,4,6	82	-1
278	6,7,10,4,3	5,10,6,4,4	7,7,6	11,9,7	196	-1
279	2,2,1,0,1	12,22,13,13,17	1,0,2	11,18,10	86	-1
282	6,4,10,3,7	16,18,15,21,7	6,5,5	26,23,35	425	-1
287	2,2,0,0,0	2,2,5,1,0	0,0,0	4,1,1	101	-1
288	0,7,2,10,0	18,18,27,33,14	2,0,4	16,25,25	130	-1
289	0,3,0,2,2	31,30,30,41,32	2,0,7	23,24,31	210	-1
294	0,0,0,0,1	78,74,62,73,34	3,0,2	59,83,65	2127	-1
297	3,3,0,1,0	0,0,0,2,0	1,1,0	0,0,0	391	-1
298	0,3,0,0,1	13,23,23,27,16	2,0,2	24,26,29	1520	-1
302	43,55,65,73,54	1,0,0,1,3	31,59,57	2,2,0	128	-1
304	4,6,3,3,2	28,30,13,29,18	5,11,2	41,106,50	85	-1
306	2,10,10,11,9	179,150,171,191,198	5,2,3	105,101,131	119	-1
307	0,0,0,1,0	0,0,2,1,0	0,0,0	2,1,1	247	-1
310	6,6,4,4,0	9,9,15,21,11	3,1,1	17,28,17	242	-1
311	2,1,5,1,1	20,18,28,26,13	3,4,2	45,29,22	84	-1
313	0,0,2,0,0	6,13,2,10,7	1,1,0	5,18,12	90	-1
314	0,0,2,0,0	171,183,197,195,199	1,1,0	263,333,253	70	-1
317	1,0,1,3,1	89,71,98,75,76	0,1,2	50,57,56	248	-1
325	0,0,1,0,0	3014,3059,3880,3665,4173	0,0,0	1487,1313,1700	91	-1
326	0,0,1,0,1	2468,2675,3157,3045,3510	0,0,0	1641,1086,1687	205	-1
329	0,1,0,0,0	5,3,3,8,1	0,0,0	8,2,3	157	-1
330	0,1,0,0,0	4,6,6,5,6	0,0,0	9,7,4	97	-1
331	1,2,0,0,0	31,17,12,20,26	2,1,1	18,35,14	1198	-1
332	0,0,0,0,0	3,1,5,7,1	1,0,0	2,2,7	80	-1
333	2,1,0,2,0	15,23,21,10,5	2,1,1	26,29,16	1957	-1
341	6,0,0,4,0	9,14,7,7,6	2,7,1	43,70,23	2058	-1
347	2,0,0,0,0	90,75,76,98,67	1,0,0	71,81,61	512	-1
352	0,2,0,0,0	0,0,0,0,0	2,1,0	0,0,2	568	-1
353	3,6,1,2,1	35,33,48,51,23	12,4,10	47,97,63	632	-1
354	5,1,8,5,8	343,360,430,346,526	5,0,2	269,129,489	103	-1
365	1,1,0,4,0	3,6,7,3,7	0,0,0	3,3,3	878	-1
370	1,0,0,0,0	34,33,29,44,29	0,1,0	11,1,5	421	-1
371	1,0,0,0,0	2,2,7,7,7	0,1,0	1,4,5	402	-1
372	1,0,0,0,0	3,4,6,6,3	0,1,0	0,3,3	380	-1
373	11,10,5,17,8	149,160,212,171,171	6,6,3	107,118,116	184	-1
377	0,1,1,0,0	2,8,7,3,4	2,2,0	3,11,6	67	-1
378	0,1,1,0,3	3,11,16,8,15	1,0,0	3,3,4	97	-1
379	0,1,0,0,2	0,0,0,3,0	1,0,0	1,0,0	92	-1
400	0,0,0,0,0	89,131,132,136,124	0,2,0	104,117,127	80	-1
407	0,0,0,0,1	6,4,5,0,3	0,0,0	0,5,3	199	-1
412	10,9,23,23,15	28,26,43,86,110	46,47,31	57,69,42	1301	-1
413	8,13,9,6,16	210,254,203,115,409	4,2,1	70,77,71	599	-1
415	4,1,5,1,2	6,20,8,11,14	2,0,1	3,12,9	526	-1
419	3,2,3,6,4	38,52,34,49,72	2,2,7	27,46,35	96	-1
423	2,0,4,5,2	34,59,48,83,32	2,0,0	23,40,28	182	-1
426	0,0,0,0,0	5,9,6,2,6	1,0,0	7,9,9	86	-1
429	1,0,0,0,0	205,182,207,353,7	0,0,0	347,762,283	137	-1
433	4,7,5,6,2	11,18,26,28,16	2,0,2	9,10,10	201	-1
436	0,1,0,0,2	1,2,0,2,0	1,1,0	0,0,0	858	-1
438	0,0,0,0,0	13,14,12,13,21	0,0,5	20,36,17	1631	-1
444	0,0,0,0,0	9,5,2,4,2	0,0,1	7,18,7	104	-1
445	3,5,4,2,1	178,242,279,273,268	0,0,0	116,86,139	2403	-1
449	0,0,2,2,0	2,2,1,1,0	1,1,1	6,0,2	125	-1
450	0,0,0,0,0	1,3,4,6,2	0,1,0	0,0,1	425	-1
459	1,0,1,0,0	485,569,702,537,692	1,0,0	641,574,872	80	-1
464	0,0,1,0,0	0,1,2,3,3	0,0,0	3,0,4	883	-1
466	0,0,0,0,2	42,44,50,56,33	0,0,0	19,35,25	200	-1
468	2,4,6,2,2	28,40,21,29,36	3,2,3	15,28,23	865	-1
469	3,5,2,7,4	3,2,4,8,3	9,9,3	6,17,8	101	-1
472	0,0,0,1,0	3,5,8,10,3	1,0,0	3,0,0	1131	-1
473	2,0,0,0,0	1,1,1,1,2	0,1,0	2,5,3	200	-1
488	25,41,46,36,33	7,4,4,4,8	32,63,52	4,2,7	259	-1
489	29,42,47,38,35	186,187,168,193,185	35,66,54	114,156,104	288	-1
492	0,1,0,0,0	5,1,2,4,2	1,5,3	7,39,7	1582	-1
495	0,1,0,1,1	229,283,306,292,273	0,0,0	253,183,258	73	-1
496	3,5,11,7,5	32,47,49,48,34	12,13,5	80,108,75	1017	-1
504	1,0,0,0,0	31,20,38,30,35	0,0,0	50,91,50	70	-1
505	1,0,0,0,0	27,28,18,32,56	0,0,0	38,59,33	108	-1
506	10,3,3,3,9	54,43,60,46,55	3,1,1	66,69,42	81	-1
507	3,0,0,1,0	12,7,10,17,6	0,1,0	4,10,7	1979	-1
508	0,0,1,0,0	15,29,36,20,21	0,0,2	9,13,12	141	-1
511	1,0,4,1,1	1,11,11,18,14	0,0,4	7,5,13	289	-1
513	1,1,2,2,1	1,1,0,2,2	4,3,0	7,3,3	736	-1
514	4,7,3,5,4	14,14,9,11,12	4,4,4	13,6,9	1116	-1
515	4,3,10,3,2	0,2,1,4,2	11,4,6	0,0,0	2293	-1
516	5,8,9,1,5	18,27,41,32,21	2,1,2	21,24,17	197	-1
517	0,3,8,2,6	14,15,33,17,14	2,1,3	13,18,14	836	-1
518	1,1,0,0,2	21,37,40,30,39	1,0,0	22,11,19	250	-1
519	4,1,1,2,6	22,33,32,32,38	3,0,2	21,10,15	1447	-1
520	1,2,0,2,1	11,9,15,7,7	4,5,4	26,36,29	537	-1
521	0,0,2,0,0	9,4,4,8,5	1,1,4	23,38,25	915	-1
522	2,0,0,0,0	12,5,7,12,5	3,2,1	28,28,24	630	-1
523	0,0,0,0,0	2,1,0,0,2	1,2,0	2,6,2	1018	-1
526	0,0,0,0,0	2,0,0,0,0	0,1,0	2,0,0	199	-1
531	0,0,1,0,0	8,12,22,9,8	0,0,0	11,26,5	2080	-1
533	4,2,1,1,1	5,8,5,11,8	0,6,1	8,17,11	155	-1
541	0,2,0,0,1	139,141,145,169,172	0,1,1	156,157,147	79	-1
545	24,13,10,15,16	187,247,174,151,138	14,41,4	175,260,238	102	-1
546	5,4,7,5,4	25,19,21,17,8	4,3,5	23,20,14	550	-1
547	5,6,7,5,5	4,1,5,9,1	8,5,9	5,3,3	2340	-1
548	0,2,1,0,1	0,0,0,2,2	4,2,4	0,1,1	1663	-1
549	2,2,0,4,2	103,119,127,128,164	2,3,2	73,47,71	687	-1
553	0,0,0,0,0	0,0,0,1,0	0,0,1	6,2,2	294	-1
558	1,1,0,2,4	8,13,10,13,13	0,0,0	4,3,5	84	-1
559	0,0,0,2,0	3,16,17,11,7	0,0,0	4,3,4	92	-1
560	4,12,7,14,12	4,6,6,4,1	4,5,3	2,2,3	220	-1
562	4,3,3,2,7	141,122,149,131,159	3,12,8	134,243,202	233	-1
564	0,0,4,3,0	13,22,28,13,15	0,0,0	7,25,4	263	-1
568	0,0,0,1,0	48,56,66,78,49	0,0,0	20,23,38	71	-1
569	0,0,0,1,0	26,36,33,39,38	0,0,0	16,22,14	65	-1
570	2,0,3,3,2	40,38,43,42,38	0,2,1	19,32,11	78	-1
571	2,6,4,1,3	28,35,47,27,45	1,0,2	25,35,22	72	-1
572	2,0,1,1,0	25,26,21,29,15	0,1,0	20,31,20	72	-1
579	1,0,0,0,0	2,4,4,3,4	0,0,0	2,7,7	97	-1
583	0,0,0,0,2	9,8,6,14,2	3,0,0	5,8,2	179	-1
590	0,0,0,1,0	1,4,4,1,6	0,0,0	2,0,0	198	-1
592	1,0,0,0,2	0,0,1,2,0	0,0,0	4,5,2	87	-1
594	0,0,0,0,0	7,6,6,5,4	1,1,0	2,6,2	882	-1
596	3,4,3,3,3	2,6,3,1,3	2,1,0	3,5,2	308	-1
597	4,2,8,10,2	34,46,26,41,23	8,7,5	25,17,39	318	-1
598	12,7,9,14,4	62,48,73,55,67	10,11,14	52,46,56	213	-1
599	1,1,2,7,2	1,0,0,0,0	3,8,6	0,0,0	114	-1
601	45,62,60,48,80	609,751,1055,854,982	13,15,26	250,156,326	109	-1
604	1,2,1,1,2	45,51,66,45,57	3,1,2	70,76,50	83	-1
609	1,0,0,0,0	2,2,3,2,0	0,0,0	10,19,11	85	-1
614	0,0,0,0,1	88,133,127,115,126	0,0,0	54,51,59	75	-1
622	0,0,0,0,0	17,10,11,9,11	0,1,0	8,22,16	87	-1
624	3,0,0,0,5	0,2,0,0,0	1,3,1	2,0,0	206	-1
625	3,0,0,0,5	15,22,21,34,21	1,3,1	12,9,14	232	-1
627	5,2,2,3,3	3,2,3,1,1	7,4,9	2,4,2	229	-1
628	0,0,0,0,0	49,76,127,94,82	0,0,1	13,85,58	71	-1
631	2,1,4,4,3	31,30,29,31,18	3,9,5	62,68,60	693	-1
632	0,0,0,0,0	13,17,8,20,13	0,1,3	21,27,18	139	-1
633	0,1,0,2,0	2,1,4,2,0	1,1,0	3,6,5	2702	-1
641	0,3,0,0,0	14,16,15,9,13	0,0,1	7,9,2	171	-1
645	0,1,1,0,1	23,9,3,12,7	0,1,1	9,21,14	102	-1
646	0,0,0,0,1	6,5,6,14,2	0,0,0	22,42,17	74	-1
649	35,29,27,41,27	42,53,78,71,74	18,22,19	26,8,33	1024	-1
650	0,0,1,0,0	0,2,2,6,2	1,1,0	0,1,2	111	-1
651	0,0,0,0,0	0,3,0,0,2	0,1,1	4,6,0	85	-1
654	0,0,0,3,1	8,6,12,12,5	1,1,0	7,14,7	975	-1
655	1,5,3,1,5	24,29,31,32,30	4,3,1	18,22,21	2132	-1
656	3,4,2,4,10	0,0,0,0,0	4,3,1	0,1,0	2677	-1
657	3,4,2,5,11	24,37,30,37,49	4,3,1	26,34,23	467	-1
658	0,0,0,0,0	3,3,6,10,3	1,0,0	4,3,0	714	-1
661	0,0,0,0,1	4,13,6,11,10	0,0,1	3,3,9	2549	-1
662	0,0,0,0,0	9,4,2,4,2	1,0,0	1,4,0	227	-1
671	0,0,0,0,1	80,62,87,89,93	0,0,0	47,48,34	150	-1
673	0,0,0,0,0	0,0,0,0,1	1,0,0	1,4,1	1604	-1
678	0,2,0,1,0	121,148,142,178,136	0,0,0	54,49,68	2379	-1
679	4,4,3,4,0	84,71,92,99,68	1,1,1	57,33,58	727	-1
683	34,27,18,38,22	186,171,195,205,209	11,15,7	76,108,64	108	-1
685	1,0,0,0,0	2,2,1,1,0	0,0,0	2,1,0	2547	-1
686	0,0,0,1,0	194,199,212,227,193	0,0,0	86,95,104	86	-1
687	0,0,0,0,0	2,7,13,11,14	0,2,1	8,25,3	187	-1
689	1,1,1,6,0	8,5,17,9,8	1,4,3	2,11,10	92	-1
693	2,4,4,3,2	23,24,38,27,33	1,2,1	8,13,20	381	-1
698	0,0,0,0,1	13,6,4,7,7	0,0,0	8,12,6	168	-1
701	0,0,0,0,0	9,13,15,10,12	0,2,0	13,24,16	147	-1
706	1,0,0,0,0	8,13,14,14,13	1,0,0	20,23,13	347	-1
710	0,0,0,0,0	0,0,2,1,0	0,2,0	1,3,0	263	-1
724	3,0,0,3,0	103,124,111,106,97	3,5,7	165,223,210	1232	-1
726	0,0,0,2,0	2,2,8,5,4	0,0,0	4,3,4	92	-1
731	0,1,0,0,0	7,4,1,4,1	0,0,0	1,10,4	1219	-1
733	2,1,0,4,3	50,36,61,88,98	0,1,2	21,15,42	1844	-1
739	6,12,7,12,14	34,54,56,72,51	4,12,8	47,44,30	66	-1
740	1,0,0,0,1	9,2,6,2,5	0,0,1	8,4,2	105	-1
743	0,0,1,0,2	7,12,12,9,3	0,2,0	4,13,10	80	-1
746	0,0,1,0,0	11,12,7,8,15	0,0,0	9,11,8	91	-1
750	1,0,0,1,0	1,0,1,2,0	0,0,0	0,2,0	112	-1
751	12,17,6,13,9	178,182,185,207,238	8,5,9	190,110,219	68	-1
752	0,0,0,2,0	1,0,1,0,2	2,0,0	0,0,1	407	-1
755	0,0,0,2,1	4,8,2,5,2	0,0,0	4,9,5	1293	-1
756	0,0,0,0,1	9,21,25,19,29	0,0,0	7,15,6	1197	-1
757	1378,1390,1407,1329,1552	0,0,0,0,1	858,1293,1099	0,0,0	1268	-1
758	1,0,1,0,1	6235,6338,6899,6045,7458	0,0,0	3737,3930,4677	231	-1
764	1,2,0,2,0	7,5,4,10,4	0,0,0	6,2,5	230	-1
767	3,7,13,10,7	180,192,222,248,271	3,1,2	57,55,71	3299	-1
768	0,1,2,2,2	11,10,2,11,9	1,0,1	4,14,12	232	-1
769	0,0,0,1,0	1700,1948,2259,2135,2458	0,0,0	1098,845,1351	529	-1
776	24,24,34,23,32	1,5,0,7,8	20,11,21	2,0,1	120	-1
777	24,24,34,23,32	1399,1295,1597,1321,1553	20,11,21	754,356,725	115	-1
779	0,0,0,2,0	0,0,0,0,1	0,0,0	0,2,1	671	-1
780	0,0,0,2,0	22,21,21,25,17	0,0,0	45,100,49	620	-1
781	0,0,0,3,0	19,28,26,34,21	2,1,3	13,20,18	2662	-1
782	0,1,2,2,0	4,1,2,1,2	0,2,0	4,0,0	225	-1
787	0,0,0,0,1	16,15,21,15,7	0,0,0	4,2,2	138	-1
793	2,0,0,0,0	90,107,95,109,81	0,0,0	35,36,31	770	-1
796	0,4,1,1,0	12,10,5,22,5	0,1,0	8,21,16	406	-1
800	0,0,0,0,0	0,0,0,1,0	0,2,1	3,8,4	632	-1
801	5,2,3,10,4	7,11,5,3,7	10,6,4	2,8,1	164	-1
802	3,0,0,5,0	14,5,13,2,8	5,0,3	0,2,3	68	-1
805	1,4,4,2,6	5,9,8,7,9	0,5,3	6,10,11	156	-1
809	3,3,6,4,4	31,24,20,14,30	1,3,3	25,10,22	187	-1
810	6,7,3,0,5	23,18,25,37,17	0,2,4	23,12,11	174	-1
811	1,2,4,3,5	52,69,54,73,71	2,0,3	26,16,28	239	-1
813	6,5,6,9,5	32,53,45,55,69	0,1,3	19,9,21	135	-1
817	0,0,0,0,0	120,102,114,121,94	0,0,1	53,36,76	113	-1
820	0,3,2,1,2	20,27,18,26,30	2,4,2	28,57,28	83	-1
824	0,0,2,0,1	68,96,85,73,95	1,1,0	56,63,72	75	-1
825	0,0,2,0,0	15,9,16,13,23	1,0,0	17,45,26	402	-1
826	1,5,0,1,1	12,16,16,17,27	3,1,3	32,31,19	2583	-1
829	0,0,0,0,0	3,4,3,8,3	0,0,1	15,41,15	134	-1
830	15,2,10,7,2	58,52,79,65,79	6,6,8	57,54,35	236	-1
833	11,10,9,8,8	140,131,202,194,196	19,8,9	166,137,127	76	-1
834	1,0,0,0,0	5,1,1,2,3	0,0,0	8,6,3	232	-1
835	0,0,0,1,0	2,0,4,4,1	0,1,0	1,6,5	1601	-1
836	2,3,0,0,0	8,4,11,4,10	2,1,1	15,21,11	91	-1
837	0,2,3,0,3	28,23,27,21,41	1,2,4	34,45,31	729	-1
838	5,1,2,0,4	5,7,4,11,7	1,0,1	4,5,5	289	-1
839	0,0,0,0,0	9,5,11,13,8	0,2,0	7,5,11	268	-1
842	46,46,54,61,75	503,491,508,550,603	23,30,43	216,210,242	496	-1
843	0,0,0,0,0	229,227,244,302,270	0,2,0	92,137,143	143	-1
844	0,0,0,0,0	274,344,319,328,368	0,2,0	130,165,175	152	-1
848	1,0,2,6,1	22,11,25,29,21	1,3,3	24,33,20	379	-1
853	13,12,6,12,10	172,174,201,219,198	4,4,1	147,152,125	93	-1
854	19,19,17,19,20	161,205,207,213,200	11,8,10	131,106,117	180	-1
856	0,0,2,0,0	1,2,4,5,2	0,0,0	1,3,1	1132	-1
858	0,0,0,1,1	1,1,3,2,4	0,5,0	1,2,2	69	-1
861	0,0,0,0,0	1,0,2,2,1	1,0,0	0,0,0	255	-1
865	8,5,10,8,18	169,147,191,169,121	18,21,13	183,168,148	5058	-1
866	2,0,1,0,0	125,137,133,165,149	0,0,0	144,143,141	274	-1
868	5,1,2,4,0	22,29,35,32,15	2,1,0	38,48,25	378	-1
871	13,13,12,19,12	12,6,16,16,16	2,8,4	7,2,3	248	-1
872	13,13,12,19,13	16,5,15,8,12	2,8,4	5,7,3	252	-1
874	4,1,1,4,3	1,14,17,5,4	5,0,2	17,15,7	2394	-1
880	15,9,10,9,10	101,88,88,82,84	5,11,8	84,136,79	85	-1
890	0,0,2,2,0	24,11,11,22,8	0,1,0	9,12,7	78	-1
891	0,0,0,1,0	7,3,11,8,3	0,0,0	0,3,4	307	-1
905	28,1,0,0,50	12,22,17,10,18	21,12,20	6,4,13	84	-1
908	0,2,1,3,0	4,7,6,6,8	3,4,3	38,49,11	1812	-1
909	0,1,0,0,0	7,2,3,4,11	0,0,1	14,29,12	793	-1
913	4,1,1,1,1	20,18,25,31,26	2,1,0	10,5,13	370	-1
914	1,1,2,4,1	27,16,32,21,19	9,4,6	40,92,48	264	-1
915	3,0,1,3,0	19,20,15,21,22	0,9,3	54,56,48	128	-1
919	0,2,0,0,0	4,6,2,3,10	0,0,0	3,8,5	723	-1
922	6,12,7,12,3	201,177,204,250,149	5,2,5	52,90,45	83	-1
923	1,0,0,0,0	0,1,5,4,0	0,0,0	2,1,1	83	-1
924	1,0,0,0,0	0,0,5,2,0	0,0,0	2,0,1	211	-1
925	0,0,0,0,0	3,2,2,0,3	1,0,0	2,0,0	104	-1
926	0,0,0,0,0	52,51,51,53,34	0,1,0	46,36,36	1002	-1
927	0,1,0,0,0	5,1,3,0,4	0,1,0	3,0,1	1012	-1
928	0,0,0,0,0	0,0,3,3,0	0,1,0	0,0,2	2493	-1
934	6,5,2,2,2	33,33,40,24,36	4,3,3	62,57,49	295	-1
938	1,5,3,3,1	9,20,18,25,13	3,0,0	6,5,9	510	-1
944	0,1,0,0,0	0,0,0,0,0	0,0,0	3,0,0	1642	-1
946	1,1,0,1,0	0,0,1,0,0	3,3,0	0,0,3	79	-1
949	0,3,1,2,1	0,2,2,1,0	0,1,4	1,2,5	3232	-1
952	0,0,0,2,0	0,0,0,0,0	1,1,1	0,1,0	646	-1
958	0,1,2,0,0	26,19,47,23,20	0,0,0	7,7,18	89	-1
959	0,1,0,0,0	2,0,0,0,1	1,0,3	0,2,7	1390	-1
960	2,2,3,5,1	0,0,2,2,0	1,2,1	0,3,1	672	-1
961	54,64,68,39,63	179,208,185,166,193	13,8,14	50,67,75	75	-1
962	66,81,73,47,69	332,496,503,325,474	11,16,11	63,105,91	253	-1
969	0,0,0,2,0	8,12,7,11,7	0,1,0	5,17,7	84	-1
970	1,1,0,4,1	4,11,6,9,9	0,3,0	7,11,2	99	-1
973	7,10,7,13,3	33,26,48,26,29	0,0,2	23,27,41	873	-1
974	3,0,1,0,0	28,17,28,17,18	3,4,0	22,33,16	2922	-1
976	4,1,6,2,1	1,0,0,0,0	0,2,1	0,4,0	130	-1
977	8,3,4,1,4	51,64,49,53,57	4,7,3	86,152,86	436	-1
978	0,0,0,0,1	5,18,18,18,32	0,0,0	4,19,4	79	-1
979	0,0,0,0,0	2,2,2,3,1	0,1,0	6,3,2	419	-1
985	24,10,30,23,19	26,16,34,27,30	14,13,18	11,14,33	76	-1
986	12,13,11,3,19	180,167,187,181,216	20,7,9	139,86,162	82	-1
987	7,4,2,8,8	96,121,139,137,118	2,0,1	83,79,78	153	-1
997	2,0,0,0,0	30,45,48,36,28	0,0,0	22,29,19	2753	-1
998	3,6,2,7,8	77,61,76,52,83	3,10,1	45,69,44	134	-1
1002	2,0,0,0,0	11,14,12,16,15	0,0,0	15,37,16	1501	-1
1003	0,0,0,0,0	3,5,0,3,1	1,1,0	5,8,1	1535	-1
1004	3,0,2,4,0	53,50,58,54,61	0,6,3	45,43,35	79	-1
1007	0,3,3,1,1	27,34,35,25,28	0,0,0	15,15,20	3191	-1
1009	0,1,0,0,3	17,11,9,16,4	5,4,0	21,40,18	76	-1
1016	1,2,2,1,3	8,31,34,27,24	0,1,1	10,7,11	237	-1
1017	1,2,3,2,8	17,26,17,14,25	5,0,0	3,8,9	89	-1
1020	5,11,1,4,2	0,1,1,2,2	0,4,1	1,2,0	1013	-1
1022	6,2,2,8,6	3,7,4,8,0	4,5,5	2,3,3	1062	-1
1025	2,1,0,0,0	5,8,2,12,9	0,1,2	4,16,7	1100	-1
1026	0,0,0,0,0	5,6,17,6,3	0,0,1	15,14,10	186	-1
1027	0,0,0,0,0	51,76,87,103,109	1,0,0	30,36,36	89	-1
1028	0,0,0,0,0	22,42,54,61,57	1,0,0	27,18,19	76	-1
1029	0,0,0,0,0	0,1,0,0,2	1,0,0	0,0,1	298	-1
1030	0,0,0,0,0	23,24,28,26,29	1,0,0	12,16,20	71	-1
1031	0,0,0,0,0	19,25,34,18,29	1,0,0	23,19,9	88	-1
1032	1,1,0,5,2	12,14,8,7,14	4,7,0	9,11,13	102	-1
1034	0,1,0,3,1	46,58,39,50,58	0,5,1	18,11,17	72	-1
1035	6,4,3,2,17	54,35,45,37,62	0,5,2	15,9,14	148	-1
1036	4,3,4,0,5	47,54,67,50,76	2,6,3	16,23,23	91	-1
1037	9,5,4,4,10	28,24,27,29,31	7,6,5	8,5,12	159	-1
1038	11,16,7,11,13	124,159,147,140,148	1,1,1	51,52,53	106	-1
1039	7,9,13,4,3	86,144,142,133,131	5,7,2	116,152,85	94	-1
1041	0,1,1,0,0	79,92,77,103,88	0,0,0	74,163,107	261	-1
1042	1,0,0,0,0	45,30,41,48,32	0,0,0	28,37,21	462	-1
1043	4,5,3,12,3	69,71,57,66,70	2,1,4	44,45,51	179	-1
1044	2,5,2,0,5	51,43,53,53,44	5,1,2	77,101,44	81	-1
1046	0,0,0,1,0	2,0,0,2,0	0,0,1	0,0,0	136	-1
1047	0,0,0,1,0	10,0,5,3,1	0,0,1	5,14,5	103	-1
1048	0,0,0,1,0	6,11,6,7,2	0,1,0	13,4,6	83	-1
1050	124,125,139,163,156	409,466,490,511,507	61,48,73	288,198,303	393	-1
1051	31,29,19,27,20	0,3,0,0,0	40,15,28	0,4,0	363	-1
1056	0,0,0,0,1	0,0,0,0,0	0,0,0	1,3,0	1100	-1
1057	3,8,6,6,10	6,9,5,7,10	5,1,3	3,3,2	88	-1
1061	6,14,22,8,8	1,0,3,0,1	9,12,7	2,0,0	383	-1
1062	0,0,0,1,0	27,30,22,23,34	0,3,0	14,17,13	332	-1
1064	0,4,0,4,2	79,94,107,114,110	2,0,1	71,101,100	91	-1
1070	0,0,0,0,0	5,9,2,3,0	1,1,0	14,33,7	1747	-1
1076	38,40,51,36,40	0,0,0,1,0	7,17,9	0,0,0	700	-1
1079	3,1,3,6,2	0,0,0,0,0	2,2,2	0,1,0	184	-1
1080	1,0,0,0,0	1,2,0,2,1	0,0,1	0,1,2	151	-1
1081	0,0,0,0,0	0,1,0,0,0	0,0,1	0,0,0	976	-1
1082	2,0,1,0,0	9,14,6,9,7	0,3,1	7,10,3	278	-1
1087	0,0,1,0,0	1,0,0,0,0	0,0,1	1,10,2	100	-1
1088	1,2,1,0,0	28,27,25,30,19	1,2,1	11,23,32	1582	-1
1104	0,0,1,0,0	6,3,5,3,1	1,0,0	0,0,0	222	-1
1105	1,0,0,0,2	2,0,0,0,0	0,2,3	0,0,0	759	-1
1106	1,0,0,0,2	0,6,20,2,2	0,2,3	1,6,5	762	-1
1107	2,2,0,3,1	97,92,115,104,109	1,3,3	70,62,83	378	-1
1108	0,2,0,0,1	1,3,2,2,0	0,3,3	3,4,2	117	-1
1111	0,0,3,2,1	121,176,161,164,210	2,2,0	84,114,93	76	-1
1113	0,0,0,0,0	30,36,34,43,28	1,0,1	86,127,51	941	-1
1116	0,2,0,0,0	5,2,9,3,1	1,2,6	12,35,17	3698	-1
1129	0,1,0,1,1	2,3,13,9,1	1,0,0	4,0,3	75	-1
1130	0,2,0,0,1	17,16,10,10,7	1,5,4	16,41,19	757	-1
1135	2,0,0,0,2	9,17,19,11,9	0,1,0	13,19,11	73	-1
1139	2,0,0,0,0	0,0,1,2,0	0,0,1	1,1,1	575	-1
1140	0,0,0,0,0	4,0,0,0,1	0,0,1	1,3,2	913	-1
1141	4,3,4,5,5	0,0,0,0,0	3,3,5	3,2,0	395	-1
1142	3,0,0,0,3	6,15,5,14,1	0,1,0	10,11,6	384	-1
1143	0,2,0,1,0	24,3,4,11,14	0,1,0	13,11,3	768	-1
1145	0,0,0,0,0	4,5,2,20,8	0,0,1	13,15,9	1458	-1
1147	0,0,0,0,0	6,2,3,2,0	1,1,1	18,21,9	76	-1
1148	2,0,0,0,0	21,13,21,25,16	0,0,0	11,15,9	524	-1
1150	0,0,1,0,0	205,136,211,164,174	0,0,0	218,169,243	999	-1
1151	15,5,9,5,10	2,2,4,3,2	8,12,11	3,0,1	1026	-1
1152	1,0,0,0,0	13,22,15,17,13	0,0,0	32,37,17	74	-1
1153	3,0,0,2,0	21,25,12,21,19	1,3,0	19,30,13	228	-1
1154	0,5,0,0,0	15,21,14,22,19	1,0,1	5,8,15	126	-1
1155	1,1,2,3,4	18,34,15,30,24	0,3,0	12,19,11	104	-1
1157	2,1,2,5,2	21,26,22,36,34	0,2,1	20,16,15	165	-1
1158	0,2,1,1,2	29,25,41,49,34	0,0,1	36,18,31	114	-1
1160	6,2,5,0,9	204,264,262,247,394	1,1,6	298,190,351	325	-1
1161	0,0,1,0,0	5,15,8,13,6	1,0,0	1,5,4	92	-1
1162	1,1,0,0,0	5,1,5,3,1	0,4,0	3,10,5	905	-1
1163	2,6,3,1,2	12,17,42,32,21	3,1,1	19,14,13	388	-1
1168	10,8,14,12,12	51,63,73,66,69	5,7,8	63,62,69	209	-1
1175	0,0,0,4,0	6,3,6,6,2	1,2,0	6,12,6	1794	-1
1176	1,0,1,0,0	5,1,2,0,4	1,4,0	1,0,1	1040	-1
1177	0,2,1,1,0	7,6,7,10,7	0,0,0	4,2,2	236	-1
1178	0,2,1,1,1	24,20,34,28,33	0,0,0	7,3,5	200	-1
1179	25,16,19,14,34	4,7,4,6,1	19,26,28	3,1,1	82	-1
1180	17,10,4,7,17	219,239,222,238,240	15,12,14	248,195,216	78	-1
1187	0,1,0,3,3	17,22,24,14,29	1,0,4	4,17,19	85	-1
1188	0,1,1,2,2	16,24,19,23,14	0,2,1	18,6,7	80	-1
1191	41,47,43,32,32	0,2,0,1,0	10,22,37	0,2,1	155	-1
1195	4,6,1,6,3	32,17,21,23,20	6,8,4	17,27,17	89	-1
1198	36,24,29,27,20	0,0,0,0,2	16,16,15	1,1,0	273	-1
1199	41,29,30,34,27	2,1,5,2,2	23,21,17	3,3,0	310	-1
1200	6,6,1,10,7	22,22,34,25,25	7,5,2	24,34,17	233	-1
1206	5,7,3,10,7	2,1,7,11,12	5,1,5	17,21,18	359	-1
1207	0,5,1,0,2	1,2,0,2,0	0,1,1	0,2,1	643	-1
1213	0,8,2,1,4	56,82,67,66,54	0,1,1	13,15,9	1173	-1
1214	0,0,1,0,0	43,31,27,41,39	0,0,0	24,29,22	884	-1
1219	5,5,1,6,1	0,0,0,1,1	1,2,0	0,0,0	239	-1
1220	1,0,0,3,1	144,148,128,149,184	1,0,0	90,91,98	211	-1
1223	2,2,1,3,2	11,13,26,10,18	0,3,0	4,18,2	73	-1
1226	0,0,0,2,0	3,7,5,14,4	0,0,2	35,66,34	87	-1
1227	0,0,1,2,4	29,42,20,22,20	0,2,2	52,120,54	1389	-1
1235	2,0,4,0,1	11,12,9,7,10	1,2,1	9,6,3	1426	-1
1237	0,2,5,0,0	31,42,52,32,37	6,1,5	46,73,66	225	-1
1238	6,6,6,2,2	0,0,0,1,0	4,4,2	0,2,0	1099	-1
1240	1,0,0,0,0	4,1,4,5,1	0,1,0	9,2,4	97	-1
1242	0,1,0,0,0	10,7,14,6,15	0,0,0	7,2,0	1468	-1
1244	24,21,20,33,17	86,92,70,113,82	9,17,9	56,55,41	212	-1
1251	0,0,0,0,0	1,2,2,3,0	0,0,2	4,3,4	172	-1
1255	4,7,3,0,1	68,54,82,81,66	0,3,1	66,76,69	1066	-1
1256	0,3,11,4,2	13,20,18,9,21	1,7,4	16,22,12	491	-1
1258	2,1,3,3,6	32,34,45,47,33	0,0,0	49,50,45	383	-1
1267	2,3,3,1,5	0,0,0,0,0	1,7,5	1,0,0	228	-1
1268	2,3,3,1,5	5,4,4,10,14	1,7,5	7,12,6	237	-1
1269	0,0,1,0,0	19,25,24,25,25	1,0,1	25,34,34	1285	-1
1270	2,1,1,1,2	34,33,36,36,35	1,1,3	43,25,16	66	-1
1272	11,4,1,6,2	36,19,8,10,12	1,3,0	12,4,12	172	-1
1274	1,0,1,0,3	9,2,12,11,3	0,0,0	2,7,8	1404	-1
1275	0,0,2,0,0	11,7,15,12,8	0,0,0	4,7,14	244	-1
1280	1,0,0,0,0	2658,1982,2092,2706,1120	0,0,0	497,1187,542	80	-1
1290	10,14,19,15,19	392,552,544,586,587	58,48,17	742,814,606	86	-1
1293	0,0,0,2,0	2,0,0,1,0	0,0,0	1,4,1	1064	-1
1296	1,0,0,0,0	1,4,2,3,3	0,0,0	4,9,7	106	-1
1297	0,0,3,2,0	22,17,9,15,6	0,1,1	25,64,21	74	-1
1299	0,0,0,0,0	0,1,2,0,0	0,1,0	1,1,3	1378	-1
1300	0,1,0,0,0	73,69,65,110,78	0,0,0	82,83,73	127	-1
1301	1,1,2,3,6	27,24,26,32,22	2,8,6	57,103,66	258	-1
1303	7,2,4,6,4	0,2,0,0,0	4,5,3	0,0,0	1014	-1
1308	68,53,68,55,99	19,14,21,21,22	19,42,33	7,12,9	961	-1
1309	30,19,13,26,36	794,768,960,942,1087	15,16,29	1034,1291,1255	120	-1
1313	14,1,8,10,6	118,175,153,164,115	4,3,3	50,56,71	95	-1
1314	2,3,3,1,1	7,2,9,15,2	1,1,0	4,3,8	429	-1
1319	0,0,0,0,1	2,4,2,4,0	0,0,0	4,6,6	106	-1
1322	0,0,0,0,1	7,5,7,4,4	0,0,0	14,25,8	233	-1
1324	0,1,1,0,0	4,6,3,4,9	0,0,0	11,18,12	192	-1
1332	0,0,0,0,0	7,5,3,6,10	0,1,0	20,36,17	1075	-1
1340	0,1,1,0,1	6,10,14,14,8	0,2,0	14,17,4	69	-1
1343	7,4,2,4,5	40,27,37,30,43	0,1,1	13,3,13	234	-1
1344	5,2,0,2,4	0,0,1,0,0	0,1,0	0,0,0	617	-1
1345	2,0,0,0,1	26,33,50,42,36	0,0,0	17,4,10	328	-1
1346	0,0,0,0,0	162,134,153,112,119	0,0,1	207,246,179	598	-1
1347	0,2,0,0,0	5,6,7,4,9	1,0,0	18,27,6	1018	-1
1349	0,0,0,0,0	1,0,1,0,0	2,0,0	1,1,0	434	-1
1352	4,1,1,2,1	8,8,6,7,5	2,1,2	7,19,9	235	-1
1354	2,0,1,1,0	3,6,4,2,0	0,0,0	21,80,18	875	-1
1355	0,2,1,0,5	14,21,8,12,7	1,11,1	24,29,18	81	-1
1356	9,3,4,5,5	72,99,98,72,85	3,4,5	84,132,86	239	-1
1364	0,1,0,1,0	27,34,29,29,51	0,1,2	34,26,20	85	-1
1371	1,0,0,0,0	0,3,0,1,1	0,1,0	1,7,1	451	-1
1372	1,0,2,0,0	41,59,51,58,52	6,0,3	50,52,48	82	-1
1376	0,0,1,0,1	4,6,4,2,1	0,0,0	12,8,5	193	-1
1377	1,0,0,3,1	34,21,19,19,10	0,0,3	20,17,12	79	-1
1379	44,55,48,57,47	922,981,1261,943,1097	21,11,32	456,306,643	596	-1
1386	2,11,4,5,6	28,39,35,29,18	1,8,2	30,50,25	398	-1
1390	0,1,0,0,1	2,1,0,1,0	2,0,1	0,2,0	383	-1
1391	0,1,0,0,1	4,0,3,1,0	2,0,1	1,0,3	907	-1
1394	2,0,0,0,1	13,14,12,15,11	0,2,1	43,95,28	849	-1
1395	0,1,0,0,0	405,415,371,378,387	0,0,0	107,163,125	100	-1
1396	0,1,0,0,0	624,761,629,705,786	0,0,0	187,178,188	103	-1
1404	1,5,1,0,1	39,42,53,50,96	0,2,0	26,27,33	91	-1
1405	0,1,1,0,2	14,10,14,19,17	1,1,0	17,9,15	93	-1
1409	5,8,3,10,3	0,1,0,0,0	4,3,8	0,0,0	119	-1
1412	3,2,0,1,0	17,9,12,10,7	4,2,2	45,87,37	91	-1
1413	1,2,0,0,0	9,22,11,20,19	1,3,1	74,139,58	96	-1
1414	0,1,0,0,0	30,27,23,25,15	0,0,0	55,110,38	752	-1
1418	5,1,2,3,2	34,31,41,34,34	2,4,1	25,37,28	2432	-1
1419	0,0,0,2,0	212,237,218,259,216	3,3,3	337,450,348	143	-1
1420	0,0,0,2,0	96,81,71,92,94	3,3,3	110,133,99	140	-1
1421	1,2,0,4,2	265,215,210,216,233	2,0,2	316,336,278	97	-1
1422	1,2,0,4,2	164,129,129,142,106	2,0,2	187,190,175	118	-1
1424	17,6,18,7,6	87,72,69,101,66	8,7,6	54,54,45	253	-1
1432	0,0,3,3,0	35,37,62,45,50	0,0,1	35,38,32	412	-1
1435	4,0,1,3,0	16,14,18,19,24	0,1,1	12,15,10	337	-1
1436	3,2,3,12,6	1,0,0,0,0	2,2,3	0,0,0	94	-1
1437	4,4,6,12,7	57,71,94,94,106	3,2,5	40,38,47	215	-1
1438	6,4,3,2,6	48,50,79,46,53	0,0,3	43,13,36	205	-1
1442	0,2,2,0,1	0,0,0,0,0	0,0,0	1,0,0	688	-1
1443	35,46,30,45,27	408,476,491,541,430	22,23,29	330,280,285	100	-1
1444	117,129,139,110,101	1,0,0,2,3	95,81,91	0,0,0	249	-1
1445	5,5,17,16,20	279,272,221,266,246	10,14,10	258,193,267	219	-1
1446	0,1,0,1,0	25,18,12,25,14	0,0,0	81,209,105	73	-1
1448	0,0,0,0,0	1,0,2,0,6	0,1,1	1,1,1	77	-1
1449	0,0,1,1,3	9,27,16,13,14	0,2,1	8,8,1	140	-1
1452	6,3,4,0,1	94,63,62,65,62	1,5,5	95,93,101	172	-1
1460	1,1,0,1,0	4,3,2,3,4	1,4,0	4,7,7	67	-1
1462	0,0,1,0,0	13,10,6,17,8	1,4,0	21,16,12	116	-1
1463	1,7,1,8,1	9,16,4,19,9	2,3,1	10,7,3	82	-1
1464	6,7,5,3,3	18,24,21,28,17	4,4,3	19,12,14	257	-1
1466	0,0,0,0,2	9,14,15,15,11	1,2,0	19,19,18	237	-1
1467	0,1,0,0,0	19,16,24,21,16	0,0,0	24,19,22	915	-1
1472	0,2,1,1,0	58,61,46,91,46	1,0,0	32,46,36	2598	-1
1474	10,6,4,14,8	149,121,116,147,119	9,8,4	123,40,117	76	-1
1475	1,0,0,0,0	42,55,65,56,45	0,0,0	65,81,85	1726	-1
1477	0,1,1,1,1	7,16,9,14,4	3,2,3	5,6,6	74	-1
1480	0,3,2,1,6	154,144,207,216,211	0,1,0	79,72,66	217	-1
1481	0,3,0,0,0	1,7,3,3,2	0,0,0	1,4,3	128	-1
1490	1,0,2,0,0	0,3,1,0,0	0,2,1	0,0,0	107	-1
1493	1,0,1,4,4	3,6,4,9,8	2,1,0	17,19,18	279	-1
1500	24,31,38,44,38	438,440,418,419,494	25,15,27	294,184,340	145	-1
1501	1,2,2,3,2	1,0,0,0,0	4,6,4	0,0,0	450	-1
1506	2,2,0,0,0	27,35,26,26,16	0,0,3	35,47,24	268	-1
1507	0,1,0,0,0	0,0,0,0,0	0,0,0	0,1,0	1417	-1
1508	0,1,0,0,0	12,9,9,17,7	0,0,0	7,8,5	551	-1
1511	1,0,0,0,0	6,3,2,4,6	0,0,0	6,5,7	84	-1
1512	1,0,0,0,0	0,0,3,2,3	0,0,0	6,6,8	126	-1
1523	3,1,0,1,2	11,13,14,13,12	0,0,1	15,26,12	142	-1
1525	2,0,0,0,0	27,36,31,30,21	0,2,0	50,59,41	722	-1
1526	5,4,1,3,1	16,23,13,30,18	5,5,3	36,30,40	121	-1
1527	3,4,6,5,0	82,72,75,72,86	3,0,1	59,52,70	69	-1
1539	5,9,6,12,7	18,19,22,19,21	5,9,8	23,32,31	1654	-1
1559	4,2,3,3,1	94,128,124,101,88	0,1,4	65,43,62	324	-1
1561	0,1,0,3,1	11,17,18,22,13	1,1,1	12,17,11	70	-1
1562	0,0,3,2,1	17,10,11,19,11	1,2,3	22,33,17	82	-1
1570	2,0,0,0,0	1114,1219,1447,1334,1346	0,0,0	900,681,904	337	-1
1571	2,0,0,0,0	1005,961,1199,954,1017	0,0,0	975,707,1065	174	-1
1574	7,10,8,16,9	60,61,59,61,88	8,3,3	36,35,40	277	-1
1577	0,0,0,0,0	53,57,75,72,75	1,0,2	49,90,82	2439	-1
1580	1,0,0,3,0	10,4,9,2,9	0,0,0	14,17,12	156	-1
1581	2,0,0,4,0	10,15,13,14,5	1,5,0	26,12,12	115	-1
1582	0,0,0,0,0	2,0,0,0,1	2,2,0	2,10,5	248	-1
1583	0,1,2,3,0	3,5,6,3,3	0,3,0	5,6,3	107	-1
1584	3,0,3,1,1	0,3,2,1,1	0,6,0	1,1,0	1480	-1
1593	0,4,1,1,2	30,18,28,46,27	2,1,6	24,64,29	76	-1
1597	0,1,0,0,0	4,1,2,1,0	0,0,0	2,3,2	344	-1
1601	22,14,21,7,12	1,0,1,3,0	13,26,17	1,3,3	84	-1
1602	2,0,2,0,0	18,21,16,29,18	0,3,0	31,36,21	168	-1
1603	3,1,0,3,0	107,126,121,139,73	0,3,1	67,69,53	88	-1
1605	0,1,0,0,2	23,14,22,23,16	0,0,0	23,30,22	548	-1
1609	9,16,6,11,2	10,20,21,18,23	12,10,9	17,29,16	1332	-1
1618	5,2,8,5,2	102,118,116,108,77	0,1,1	111,110,123	2518	-1
1619	0,0,0,0,0	5,6,6,7,3	0,1,0	14,23,7	359	-1
1634	0,0,0,1,0	2,4,3,5,5	0,0,0	10,34,12	613	-1
1635	0,0,0,0,0	4,6,8,3,4	0,0,1	0,2,6	144	-1
1640	1,2,1,7,1	5,0,4,0,2	1,2,1	3,1,2	673	-1
1643	18,14,8,22,15	134,127,169,198,172	19,11,14	92,83,73	124	-1
1644	1,0,1,0,1	169,135,150,194,151	0,0,0	142,86,101	70	-1
1645	40,32,29,40,48	0,0,0,0,1	31,28,27	0,0,0	226	-1
1646	68,47,38,56,62	124,86,110,170,120	33,40,33	93,85,105	71	-1
1647	0,0,0,0,0	24,17,27,20,10	0,1,0	26,14,26	92	-1
1649	5,3,3,3,8	33,48,45,46,51	4,0,8	50,37,48	129	-1
1651	0,0,3,0,0	3,1,5,6,2	0,0,0	8,3,9	248	-1
1653	2,0,1,0,0	20,10,18,17,13	1,2,3	11,16,8	452	-1
1659	0,5,0,3,1	0,0,0,1,0	0,1,1	0,0,0	460	-1
1662	12,10,0,7,2	8,9,18,13,9	1,2,2	3,13,8	226	-1
1663	1,0,0,1,0	22,13,11,10,19	0,0,0	10,24,10	1376	-1
1665	0,0,2,0,0	28,30,34,26,27	0,0,0	28,21,26	483	-1
1666	1,3,1,3,0	372,381,372,412,432	1,0,0	454,301,411	76	-1
1668	0,0,0,1,0	8,13,11,20,10	0,0,0	16,18,14	87	-1
1675	5,2,1,1,5	0,1,1,1,1	1,1,3	0,1,0	153	-1
1676	0,1,1,0,1	5,4,0,8,1	0,0,0	4,4,0	125	-1
1677	2,0,0,4,0	4,10,5,2,12	0,1,0	3,2,3	75	-1
1678	0,1,2,3,1	3,2,0,8,1	0,1,2	1,2,1	108	-1
1679	0,3,0,2,0	2,8,9,3,5	2,13,3	14,31,12	304	-1
1688	4,4,8,2,0	2,1,1,0,0	1,2,1	0,0,1	168	-1
1689	4,2,2,2,0	12,5,14,13,11	0,2,1	2,5,7	129	-1
1692	3,1,6,3,10	17,13,19,13,23	1,4,4	14,19,16	1546	-1
1693	2,3,2,1,3	1,0,0,0,0	2,4,2	1,0,0	2244	-1
1697	1,0,1,2,2	0,1,3,0,0	0,0,2	0,0,0	456	-1
1699	3,0,0,0,1	82,62,47,59,55	0,0,0	94,98,84	267	-1
1700	9,6,1,1,1	0,0,0,0,1	1,2,3	0,0,0	596	-1
1701	30,9,12,18,14	50,39,45,56,36	20,17,18	83,109,74	248	-1
1702	2,5,4,1,4	35,29,31,30,33	0,5,3	76,83,61	376	-1
1708	27,17,20,22,19	338,342,401,448,450	27,17,29	613,381,729	139	-1
1709	9,4,4,11,6	257,216,270,278,251	10,3,11	282,282,315	84	-1
1710	6,2,4,2,2	26,34,22,24,25	7,4,5	14,20,17	216	-1
1711	1,1,1,7,1	17,21,27,29,41	4,2,1	10,27,21	94	-1
1716	0,0,0,1,1	1,0,0,0,0	1,4,1	2,5,2	197	-1
1732	0,1,0,2,3	6,14,15,11,5	0,0,1	9,7,8	83	-1
1733	0,0,1,2,0	0,0,0,1,0	1,0,0	0,0,0	469	-1
1737	0,0,0,0,0	0,0,1,1,0	0,1,2	0,5,0	2007	-1
1738	5,1,6,5,6	92,119,106,124,120	5,6,2	70,92,79	70	-1
1739	0,0,0,0,0	21,35,38,30,27	0,0,2	44,29,46	877	-1
1740	3,3,4,4,2	33,22,39,35,30	7,2,2	33,36,43	82	-1
1743	1,0,3,2,0	1,1,0,1,0	11,7,2	0,0,2	179	-1
1744	0,0,1,0,0	7,8,6,1,4	0,0,2	12,19,10	164	-1
1745	0,0,0,0,0	14,18,21,17,13	0,0,2	17,39,17	94	-1
1746	6,7,3,6,9	27,13,27,14,27	9,192,17	37,1507,96	648	-1
1747	0,4,3,0,4	53,71,118,80,63	0,2,1	78,900,145	691	-1
1751	4,2,13,1,13	328,452,565,462,510	4,2,2	439,273,539	93	-1
1756	3,1,5,0,0	35,34,30,46,18	1,4,7	51,55,36	93	-1
1757	2,5,1,4,3	21,33,38,33,21	6,4,6	53,63,43	134	-1
1758	4,6,0,1,0	27,38,29,58,35	2,2,0	12,14,14	372	-1
1762	0,0,0,0,0	34,44,50,48,38	0,0,2	27,32,28	238	-1
1763	7,8,3,3,5	8,24,17,21,26	2,0,2	23,23,15	192	-1
1764	20,7,8,16,4	59,56,63,62,63	8,8,10	39,92,38	64	-1
1766	0,0,0,0,0	70,46,50,47,50	0,0,2	72,106,72	268	-1
1767	1,0,5,2,2	21,12,47,32,28	1,1,3	39,57,40	372	-1
1769	0,0,0,1,0	2,1,9,3,6	0,0,0	14,11,15	1017	-1
1770	0,0,0,0,0	51,64,78,91,70	0,0,2	68,49,89	1527	-1
1771	10,13,17,11,27	1,3,3,2,0	4,10,10	3,3,1	483	-1
1775	3,0,0,0,0	0,1,0,2,0	0,3,2	7,12,3	760	-1
1779	6,1,7,9,2	5,0,1,0,0	7,8,7	1,4,0	856	-1
1780	6,1,7,9,2	9,4,8,3,1	7,8,7	16,40,8	854	-1
1787	0,4,5,3,1	23,25,30,25,25	6,6,7	26,31,24	112	-1
1788	0,0,0,0,0	515,624,573,641,665	1,0,0	546,475,555	129	-1
1792	0,2,0,1,0	1559,1950,1944,2009,2297	0,0,0	1111,1538,1503	81	-1
1794	0,0,1,0,0	4,2,4,5,2	1,2,1	4,5,5	103	-1
1798	2,0,1,0,0	2,6,12,4,8	1,0,0	14,11,6	80	-1
1811	0,0,0,0,0	15,5,15,8,16	0,2,0	13,17,9	2300	-1
1812	11,8,13,12,10	0,0,0,2,3	3,3,5	1,1,1	2095	-1
1814	4,6,7,7,9	38,62,63,55,49	2,14,11	61,62,40	80	-1
1816	7,7,8,11,3	44,67,30,60,41	2,6,4	64,117,101	70	-1
1817	10,7,5,9,2	54,53,44,54,42	3,2,10	82,125,126	84	-1
1818	3,2,1,2,1	80,75,63,71,56	3,3,1	89,176,108	77	-1
1820	1,2,0,0,0	58,43,63,42,79	4,6,3	51,60,59	539	-1
1822	4,0,1,0,0	10,8,10,6,11	0,0,1	6,3,10	558	-1
1825	31,45,49,28,36	8,13,11,6,9	30,18,13	6,3,10	91	-1
1826	7,10,10,4,3	51,82,109,74,75	0,1,2	49,27,33	2189	-1
1829	7,7,6,24,14	8,8,5,10,5	7,2,8	2,2,2	71	-1
1830	7,9,6,10,14	172,151,185,154,203	3,6,7	56,29,75	169	-1
1831	8,8,8,12,12	117,146,155,143,167	5,3,6	74,66,82	79	-1
1835	0,1,5,2,0	52,41,62,60,52	0,5,1	39,35,46	113	-1
1836	0,1,0,0,0	0,0,0,0,0	0,0,0	0,2,0	409	-1
1837	6,4,0,3,1	2,2,1,1,1	2,3,4	9,18,2	1327	-1
1838	8,8,10,10,12	25,40,35,49,29	5,4,4	18,28,14	735	-1
1839	0,0,1,4,1	27,18,18,21,15	0,0,0	30,34,29	542	-1
1840	4,4,2,1,1	0,3,7,0,4	1,0,1	6,3,0	165	-1
1841	0,0,0,1,0	0,1,0,0,3	1,0,0	2,0,0	3054	-1
1842	1,0,0,0,0	0,0,0,0,0	0,0,0	0,1,0	973	-1
1843	1,0,3,0,0	0,0,3,4,2	1,1,1	4,4,1	1056	-1
1847	0,2,0,3,0	4,5,5,2,4	0,0,0	3,8,4	90	-1
1848	0,0,0,1,0	2,4,9,8,2	0,0,1	2,7,3	94	-1
1853	3,5,0,2,3	19,18,20,19,13	1,1,0	7,14,19	70	-1
1856	0,0,0,1,0	77,82,82,111,60	0,4,0	102,124,114	946	-1
1857	0,0,0,1,0	0,1,0,1,1	0,4,0	2,4,0	936	-1
1858	0,0,0,0,0	4,15,10,13,2	0,0,1	5,20,14	227	-1
1865	1,1,4,2,4	281,332,311,320,304	0,2,1	393,373,347	205	-1
1867	4,7,8,3,3	215,241,240,252,252	4,4,1	166,140,166	141	-1
1869	2,3,3,0,4	146,145,153,153,131	2,3,3	184,155,153	277	-1
1871	0,3,0,0,1	14,18,12,11,7	0,0,2	21,23,3	534	-1
1875	40,35,48,24,30	11,12,8,9,6	34,78,43	11,9,11	96	-1
1876	66,55,76,55,53	30,47,45,52,41	52,109,72	46,68,72	114	-1
1878	9,1,3,18,2	0,0,0,0,1	3,2,0	0,0,0	98	-1
1887	0,0,0,0,2	9,9,19,18,28	1,0,0	9,10,13	111	-1
1892	0,0,0,0,0	1,5,8,4,8	0,1,0	9,21,8	765	-1
1896	0,0,1,0,0	18,17,9,10,11	0,0,0	20,15,13	371	-1
1898	0,0,0,0,0	2327,2434,2895,2990,3090	0,0,2	1716,1149,1794	159	-1
1902	0,0,1,2,0	6,9,4,3,2	1,2,0	21,22,20	860	-1
1903	0,0,0,1,0	18,15,7,9,18	0,0,0	12,20,17	375	-1
1904	6,1,1,2,1	16,14,11,9,6	0,2,2	12,13,4	793	-1
1905	0,0,2,1,3	25,32,21,25,18	2,1,0	8,7,13	684	-1
1906	123,135,110,139,103	27,23,18,16,20	183,172,148	32,48,27	86	-1
1907	123,135,110,139,103	17,12,5,9,5	183,172,148	8,2,4	77	-1
1908	30,25,25,26,16	229,279,278,269,205	23,22,8	197,353,214	170	-1
1912	1,0,0,0,0	10,10,7,13,9	0,0,0	13,16,13	259	-1
1913	1,0,0,0,0	15,5,7,20,5	0,0,0	16,31,15	78	-1
1914	1,6,17,19,26	171,200,275,226,370	10,1,15	88,30,130	212	-1
1915	0,0,0,0,2	29,37,33,51,31	0,4,1	115,151,91	78	-1
1921	1,5,8,5,10	1,0,0,0,0	0,2,2	0,0,0	144	-1
1924	1,0,0,0,0	40,56,94,68,52	0,0,0	42,82,62	231	-1
1925	5,4,3,1,1	64,87,95,65,84	1,1,1	46,35,43	83	-1
1926	0,0,0,4,3	39,44,47,25,46	0,0,0	22,38,30	80	-1
1929	0,4,4,0,1	28,37,39,36,26	0,9,2	26,41,29	281	-1
1930	1,0,0,0,0	4,2,0,0,0	0,2,0	7,15,7	1293	-1
1932	0,0,1,0,2	1378,1375,1678,1534,1715	0,0,0	989,627,1041	282	-1
1934	0,0,0,2,0	1,0,4,0,0	0,0,0	3,2,6	447	-1
1937	2,4,7,5,2	8,8,6,6,7	5,13,7	5,12,11	532	-1
1939	1,0,1,0,0	9,27,13,8,8	1,1,1	11,23,11	132	-1
1941	2,0,1,1,4	72,62,65,62,62	0,1,2	153,193,132	76	-1
1944	0,0,0,0,0	5,4,4,6,3	0,0,2	4,4,4	197	-1
1945	8,4,8,10,10	7,13,11,16,6	1,2,5	8,10,12	196	-1
1946	0,1,0,0,0	3,6,4,8,7	0,0,1	4,8,3	391	-1
1947	0,0,1,0,2	0,3,2,1,3	1,2,2	1,5,2	785	-1
1948	5,8,6,7,5	3,11,4,11,8	3,3,2	10,8,3	277	-1
1949	3,4,2,2,4	2,3,0,1,0	1,2,1	0,0,1	102	-1
1950	1,3,0,2,0	0,1,0,0,0	1,0,0	2,1,6	430	-1
1952	10,8,5,7,17	233,229,229,234,214	8,14,5	169,179,122	67	-1
1953	0,1,0,0,1	344,293,375,376,328	2,5,0	373,285,271	97	-1
1954	2,3,2,0,1	0,0,0,0,0	3,8,2	1,2,0	247	-1
1956	0,0,0,0,0	0,0,1,0,0	0,1,0	1,1,1	398	-1
1957	19,30,25,27,14	57,73,83,48,71	13,12,14	44,44,57	177	-1
1958	20,24,33,27,14	135,144,146,100,140	19,9,18	93,94,97	192	-1
1959	31,34,28,19,20	189,198,189,178,179	17,15,17	126,109,130	303	-1
1960	42,43,41,45,47	0,0,0,0,1	36,14,29	1,0,1	804	-1
1961	43,52,57,68,51	55,79,65,93,75	27,16,22	20,28,41	270	-1
1962	74,72,73,88,59	197,169,202,184,161	36,16,26	95,101,88	434	-1
1963	63,71,64,71,57	60,84,92,105,85	27,14,20	20,22,36	122	-1
1964	53,56,63,57,42	261,258,298,304,259	22,16,29	105,110,99	188	-1
1965	31,37,46,41,25	248,280,305,331,289	23,16,17	87,100,98	446	-1
1966	0,5,0,2,0	311,358,423,361,433	0,0,1	157,110,150	183	-1
1972	0,4,0,0,0	10,6,11,12,16	1,1,0	4,8,6	514	-1
1981	0,0,0,0,0	4,2,2,2,5	0,2,0	0,1,0	166	-1
1983	1,1,0,0,0	6,4,6,11,6	0,3,4	2,10,2	90	-1
1984	3,3,2,0,1	26,27,18,24,15	1,0,0	14,12,11	75	-1
1991	0,0,1,0,0	3,0,1,0,0	0,0,0	2,6,2	3191	-1
2003	0,3,0,0,0	1,0,4,4,1	0,0,1	3,4,1	274	-1
2004	0,0,0,0,3	1,2,1,3,0	0,0,0	2,4,2	222	-1
2009	2,0,3,1,1	29,20,19,23,26	0,5,5	52,55,29	571	-1
2014	1,0,0,0,0	3,3,0,0,0	0,0,0	2,2,2	109	-1
2017	0,0,1,1,0	17,14,17,15,10	3,2,1	25,45,23	272	-1
2019	8,8,14,10,5	0,3,0,0,0	8,10,9	1,0,0	84	-1
2020	1,2,0,3,1	19,24,9,21,8	0,2,2	29,49,22	978	-1
2021	116,91,74,112,91	158,176,118,145,133	162,193,156	208,308,217	86	-1
2024	2,3,0,2,2	2,3,2,0,0	7,7,6	1,0,2	104	-1
2025	2,3,0,2,2	7,19,18,19,8	7,7,6	36,51,23	79	-1
2027	5,13,5,1,2	78,62,82,70,70	0,2,4	32,41,48	78	-1
2028	3,1,6,7,1	37,44,66,77,43	1,1,4	26,30,35	93	-1
2029	2,1,1,1,1	21,22,27,28,14	2,1,5	23,22,10	85	-1
2030	0,0,1,0,0	2,0,0,1,0	0,0,0	0,1,1	470	-1
2034	5,2,6,3,2	55,53,101,75,65	2,0,4	71,66,50	80	-1
2035	0,0,0,0,0	0,0,1,0,0	0,1,0	1,3,4	998	-1
2044	0,0,1,0,0	14,19,18,18,13	0,0,0	12,16,15	1017	-1
2045	3,6,3,11,3	55,49,57,87,74	6,0,6	47,30,36	864	-1
2047	0,0,0,0,0	3,9,2,4,2	1,0,0	6,6,8	861	-1
2052	1,0,0,0,0	1,2,4,0,0	0,0,0	1,1,11	270	-1
2054	6,5,5,7,3	29,58,29,51,64	4,3,4	39,63,45	90	-1
2059	4,12,12,13,12	2,2,1,4,4	8,9,9	8,2,2	173	-1
2061	0,0,2,0,0	440,419,441,437,400	0,0,1	564,681,474	189	-1
2062	13,9,14,7,3	9,12,8,5,6	26,29,23	3,10,8	570	-1
2063	0,3,0,0,0	21,27,37,45,30	4,2,1	64,65,61	83	-1
2064	0,0,0,0,0	29,38,34,48,19	1,0,0	24,11,26	145	-1
2066	1,1,0,2,0	14,3,5,5,4	1,0,2	5,12,4	369	-1
2067	1,0,0,2,0	1,0,0,0,0	1,4,4	2,0,0	89	-1
2068	1,0,0,2,0	0,0,0,1,0	1,4,4	1,5,0	77	-1
2071	3,1,0,0,0	13,7,5,9,5	3,11,4	63,130,47	439	-1
2074	6,3,3,8,1	33,32,28,33,19	2,2,1	10,12,16	1440	-1
2079	0,0,0,1,0	34,27,36,36,31	2,0,1	63,53,38	1138	-1
2080	1,3,2,0,1	13,21,24,27,11	2,2,2	7,14,21	110	-1
2082	2,0,0,0,1	842,755,856,747,782	0,0,1	406,312,564	390	-1
2085	0,0,0,0,0	0,3,0,2,0	0,0,1	1,0,1	1454	-1
2087	0,0,0,0,0	3,5,5,10,3	0,0,1	9,9,7	1529	-1
2088	0,0,0,1,0	4,9,2,7,1	0,0,1	2,8,7	1532	-1
2089	0,0,0,1,0	3,3,15,13,8	1,1,0	5,9,9	526	-1
2090	3,6,1,10,8	30,48,23,46,28	2,13,6	16,47,35	1167	-1
2091	0,0,0,1,0	20,35,19,22,9	1,2,0	27,22,23	463	-1
2092	1,0,0,3,0	16,28,26,24,18	2,3,1	32,28,13	75	-1
2094	0,0,0,1,1	13,14,11,20,9	3,2,1	24,32,16	97	-1
2098	1,1,0,1,0	0,0,0,0,0	0,0,0	1,0,0	71	-1
2103	3,3,8,7,1	74,69,59,86,77	7,6,5	91,99,63	714	-1
2104	1,0,1,1,3	5,5,9,11,12	0,0,0	1,4,2	1137	-1
2108	0,0,0,1,0	14,19,13,8,10	0,0,0	21,21,13	79	-1
2109	9,5,6,5,4	99,74,79,92,63	4,12,0	53,100,63	110	-1
2111	6,2,1,2,4	53,72,70,76,64	1,4,0	40,56,54	234	-1
2116	1,0,0,0,0	2,2,9,0,4	0,0,0	1,3,3	807	-1
2128	46,65,53,67,49	37,49,41,42,38	52,91,59	41,39,36	116	-1
2135	5,1,3,2,0	24,18,13,14,10	1,3,2	19,41,14	229	-1
2136	0,1,1,1,0	75,78,41,92,36	0,0,0	46,70,29	949	-1
2138	0,0,0,2,0	2,0,0,0,0	0,0,0	0,0,2	1683	-1
2139	0,0,1,1,0	15,5,7,2,4	0,0,0	8,8,10	165	-1
2142	38,18,19,19,10	18,25,23,15,13	6,5,5	1,3,5	252	-1
2144	1,0,1,0,0	81,57,29,70,27	0,1,0	110,200,78	162	-1
2145	0,2,3,6,2	2,4,6,2,2	0,1,0	1,4,2	924	-1
2146	6,8,3,8,9	98,85,86,95,82	8,2,11	79,68,82	227	-1
2152	1,4,6,3,4	58,62,83,72,62	1,4,2	32,30,34	217	-1
2157	2,0,2,1,3	200,227,250,182,208	0,3,0	63,85,76	533	-1
2160	0,0,0,0,0	352,382,320,346,241	0,0,1	162,414,254	99	-1
2162	3,3,0,1,1	15,13,11,11,18	1,1,2	25,48,21	336	-1
2165	5,2,5,0,2	469,510,579,517,599	5,0,4	211,176,303	246	-1
2166	0,0,0,0,0	310,326,365,342,340	0,0,2	212,194,206	70	-1
2167	0,0,0,0,0	195,201,224,182,165	0,0,2	196,204,187	94	-1
2170	0,0,0,0,0	20,22,27,35,31	15,26,16	369,465,352	800	-1
2171	0,0,0,0,0	22,26,22,43,36	7,2,10	393,660,435	217	-1
2174	2,1,5,1,3	121,155,152,181,176	0,0,3	105,80,72	1250	-1
2177	0,1,1,1,0	7,7,8,9,7	3,1,0	6,14,5	75	-1
2183	0,0,1,0,0	29,11,7,16,8	1,1,0	16,12,17	83	-1
2184	2,0,2,1,1	21,14,6,13,9	3,1,3	14,13,15	2326	-1
2185	1,0,0,0,0	6,14,13,19,13	2,2,0	10,12,8	86	-1
2186	9,23,15,22,17	67,105,113,113,102	5,4,2	57,70,61	190	-1
2187	11,7,15,3,9	63,88,86,89,57	12,2,11	43,64,41	208	-1
2188	0,2,2,1,3	21,18,27,31,26	5,7,1	13,24,15	76	-1
2189	71,74,73,65,98	520,521,549,524,561	12,28,15	120,108,124	337	-1
2194	0,0,0,2,1	14,26,17,18,30	0,0,1	9,15,13	1663	-1
2197	0,0,0,0,0	1,0,0,0,2	0,0,1	0,0,0	110	-1
2200	0,0,0,1,1	0,0,0,0,0	0,0,0	0,0,1	617	-1
2208	0,0,0,0,0	10,7,12,10,8	1,0,1	16,15,18	156	-1
2218	0,0,0,0,0	0,0,0,3,1	0,0,1	0,2,0	171	-1
2223	5,0,7,1,3	22,18,17,14,28	4,5,8	18,35,11	679	-1
2229	0,1,0,2,1	17,19,14,19,16	0,0,1	16,23,9	123	-1
2230	4,2,3,3,2	15,17,28,18,13	0,3,3	19,12,27	69	-1
2232	0,0,0,0,1	2,3,2,3,3	0,0,0	5,7,3	807	-1
2233	2,6,8,11,1	209,272,254,277,290	2,3,1	153,157,132	236	-1
2234	0,0,2,0,0	116,137,154,151,150	0,0,0	84,117,96	273	-1
2236	0,2,0,0,0	5,8,8,4,7	0,2,1	6,7,3	742	-1
2237	0,0,0,2,1	35,47,42,50,36	2,0,1	50,51,56	235	-1
2242	0,0,0,1,0	12,4,17,14,12	0,2,0	24,25,17	899	-1
2245	22,40,31,22,54	1,0,1,0,0	10,13,21	0,0,0	3770	-1
2248	0,1,1,3,5	1,0,1,2,0	2,7,1	2,5,2	198	-1
2252	1,0,2,1,1	50,67,88,64,70	0,2,0	14,6,19	71	-1
2253	1,0,0,0,0	73,112,109,93,65	0,0,0	27,25,35	84	-1
2259	0,0,0,0,1	1,0,0,0,0	0,1,1	0,0,0	238	-1
2269	0,0,1,0,0	5,0,4,4,1	1,0,0	0,4,2	800	-1
2272	0,2,1,1,1	16,25,36,24,25	0,1,1	31,20,23	81	-1
2279	2,0,0,0,0	18,24,16,16,13	0,0,0	22,29,9	177	-1
2282	0,0,0,3,0	142,107,104,100,132	0,0,1	71,72,92	1116	-1
2283	11,19,22,18,11	0,3,2,0,0	19,9,13	0,0,2	2836	-1
2284	34,42,37,26,27	124,120,127,124,140	24,16,26	68,65,99	1668	-1
2287	1,1,0,2,0	16,20,30,31,34	0,0,0	29,39,33	584	-1
2289	2,2,0,0,1	2,4,3,1,4	0,0,0	2,0,2	504	-1
2295	0,0,1,0,0	2,4,3,3,1	0,0,0	7,11,6	111	-1
2297	3,0,0,0,1	170,213,209,214,240	0,0,0	33,55,41	82	-1
2299	24,7,5,12,5	100,133,128,169,155	1,3,0	32,43,39	119	-1
2301	1,1,0,0,1	6,7,7,6,4	0,4,2	17,13,11	2395	-1
2302	1,1,0,0,1	1,1,0,0,0	0,4,2	0,3,0	2456	-1
2312	10,13,28,20,25	147,220,341,283,276	4,15,24	132,216,168	1025	-1
2313	0,0,0,0,0	5,11,11,17,9	0,4,0	21,17,17	81	-1
2314	0,1,1,0,0	6,8,12,11,14	0,3,1	17,18,16	76	-1
2315	0,0,0,6,3	3,1,8,10,3	0,0,1	3,3,2	103	-1
2317	7,1,0,2,0	8,8,17,13,15	3,2,2	10,6,2	330	-1
2318	3,1,0,3,0	4,4,8,1,2	4,2,1	9,24,14	2120	-1
2320	1,0,0,0,1	0,1,0,3,0	0,1,0	7,2,0	521	-1
2321	1,0,0,0,1	1,0,1,1,1	0,1,0	2,9,1	608	-1
2322	3,0,0,0,0	0,0,0,0,0	0,3,0	0,0,1	108	-1
2323	2,0,0,1,1	10,7,13,11,10	1,5,0	8,18,9	189	-1
2324	0,1,1,0,0	2,0,0,1,1	0,0,0	0,1,1	834	-1
2325	0,2,2,4,0	8,7,12,8,5	0,2,0	13,5,5	271	-1
2328	0,0,0,0,0	9,12,2,8,7	0,1,0	83,172,84	126	-1
2330	0,0,3,0,0	16,9,24,19,28	0,1,0	9,5,11	534	-1
2331	1,0,1,1,0	3,10,17,18,21	1,0,0	7,2,8	1126	-1
2333	3,2,0,0,0	1,0,1,0,0	1,1,0	0,0,0	481	-1
2335	2,0,0,0,0	6,1,1,8,2	1,2,0	1,11,1	1375	-1
2341	2,0,1,0,0	23,38,30,35,18	0,0,0	20,20,30	99	-1
2342	2,1,0,1,1	10,8,16,8,7	1,0,2	19,21,15	96	-1
2352	4,4,6,8,9	26,46,43,48,58	4,0,6	45,45,36	76	-1
2353	17,4,7,11,8	21,29,27,29,25	2,6,5	18,23,16	69	-1
2360	0,0,0,1,0	18,13,25,24,13	0,0,0	9,7,6	69	-1
2361	4,8,2,5,0	52,100,86,104,53	0,0,0	7,14,18	72	-1
2362	0,0,1,0,0	8,19,26,17,18	0,0,0	5,4,10	414	-1
2367	2,1,1,0,1	17,27,16,11,19	0,0,0	6,12,13	928	-1
2368	0,0,0,0,0	2,4,5,4,0	0,0,2	1,4,1	482	-1
2370	0,0,0,0,0	2,1,2,4,3	0,0,2	3,0,3	520	-1
2374	1,2,0,2,1	15,10,9,9,14	1,3,0	15,19,17	531	-1
2375	1,0,0,0,0	5,2,5,7,9	0,0,0	20,44,17	452	-1
2377	0,0,0,3,0	8,8,13,8,8	0,0,0	6,13,3	160	-1
2378	1,0,1,0,0	3,0,1,1,0	0,0,0	3,7,6	1617	-1
2379	0,0,0,0,0	2,0,0,2,0	1,0,0	7,2,4	2234	-1
2391	1,0,0,0,0	3,7,3,3,3	1,0,6	4,2,0	1917	-1
2394	0,0,0,0,0	0,0,0,1,0	1,2,0	0,0,0	1093	-1
2395	0,0,0,1,0	8,9,12,11,9	0,1,0	8,5,6	687	-1
2396	0,0,1,1,1	3,8,6,7,4	0,1,1	7,5,7	77	-1
2399	0,0,1,1,0	10,2,6,13,5	0,0,0	19,16,21	421	-1
2403	0,0,0,1,0	3,8,10,7,5	1,0,0	21,24,19	1374	-1
2407	2,0,0,0,0	11,13,6,9,5	1,3,4	13,32,14	82	-1
2408	0,0,0,1,0	11,8,12,7,5	0,1,1	24,36,10	112	-1
2409	0,1,0,0,2	38,22,30,32,25	3,1,1	28,41,27	71	-1
2410	3,1,6,7,2	34,35,40,63,36	5,5,3	42,56,42	79	-1
2411	320,339,377,450,517	2,10,6,3,7	194,246,164	2,5,1	498	-1
2412	7,9,8,4,16	0,0,0,0,0	3,3,1	0,0,1	435	-1
2413	7,9,8,4,16	625,538,631,707,679	3,3,1	296,244,249	429	-1
2414	7,9,8,4,16	0,0,3,1,0	3,3,1	1,0,0	399	-1
2417	1,1,2,2,0	16,10,4,9,7	4,2,3	24,18,8	77	-1
2418	12,15,10,11,8	64,90,83,111,59	9,19,14	116,146,123	377	-1
2420	4,3,3,4,5	74,116,107,74,74	3,1,1	64,41,94	239	-1
2423	0,0,0,2,1	6,6,11,10,12	1,1,1	6,12,8	201	-1
2424	1,1,0,0,2	18,22,10,6,21	0,0,0	4,11,11	169	-1
2431	7,6,16,5,6	86,71,60,96,52	4,0,2	37,42,45	81	-1
2432	2,2,0,1,1	42,34,50,43,24	0,0,1	41,25,22	113	-1
2433	1,0,0,2,1	806,800,867,707,887	2,2,3	602,791,649	80	-1
2434	1,0,0,2,1	0,0,0,1,0	2,2,3	0,0,0	272	-1
2435	1,0,0,2,1	876,822,819,667,824	2,2,3	585,804,663	75	-1
2447	0,0,1,0,0	5,3,2,3,1	0,1,0	3,11,1	156	-1
2453	1,0,0,1,0	5,3,2,0,5	0,0,0	2,5,1	225	-1
2454	5,8,7,18,6	157,152,126,167,173	13,13,11	153,184,120	454	-1
2458	0,1,0,0,0	17,9,14,8,10	0,0,0	4,2,2	285	-1
2459	0,2,0,5,0	11,8,9,14,10	1,2,1	5,3,6	173	-1
2460	1,1,0,3,0	5,6,4,9,3	1,0,0	1,7,0	182	-1
2461	0,5,2,1,3	171,170,172,150,179	0,0,1	105,89,92	125	-1
2467	6,0,8,10,5	59,63,80,54,82	4,5,5	30,36,36	81	-1
2468	3,2,1,2,2	140,166,169,194,211	1,0,2	114,127,119	93	-1
2474	2,0,0,0,1	1,0,0,0,0	0,0,0	0,0,1	615	-1
2475	3,0,0,0,2	0,1,0,1,2	0,0,0	0,1,1	510	-1
2476	1,0,0,0,1	0,0,0,0,0	0,0,0	0,1,0	631	-1
2478	0,0,0,1,2	0,0,0,2,0	1,0,1	0,0,0	2228	-1
2480	21,8,18,9,11	75,62,78,89,55	8,7,7	63,66,86	113	-1
2482	0,0,0,1,0	4,2,9,8,6	0,0,0	3,6,2	2172	-1
2487	0,0,0,0,0	0,1,0,3,0	0,1,0	5,37,6	1674	-1
2488	1,0,0,0,0	35,52,24,47,34	0,0,0	30,33,44	100	-1
2489	1,0,0,0,0	0,1,0,0,3	0,0,0	0,1,0	103	-1
2490	4,8,2,9,6	41,39,30,46,36	2,5,4	46,29,32	136	-1
2491	0,0,1,0,0	0,1,1,9,0	0,0,0	2,4,0	799	-1
2492	0,0,0,1,0	0,2,0,3,4	0,0,0	0,0,2	188	-1
2501	0,0,1,0,0	47,46,57,60,54	0,0,0	44,68,41	194	-1
2502	5,2,2,2,1	23,24,41,20,25	6,3,5	31,69,30	79	-1
2503	31,25,36,20,32	229,241,260,276,265	5,8,5	119,106,144	301	-1
2504	1,0,1,0,0	6,3,3,7,0	0,1,2	3,13,9	69	-1
2511	0,1,0,0,0	7,11,0,14,3	3,2,1	9,52,14	1393	-1
2512	2,0,0,0,0	28,24,14,33,31	0,1,0	11,48,12	81	-1
2514	3,6,7,11,4	165,250,251,276,285	4,2,1	108,71,96	121	-1
2518	0,0,4,1,0	22,22,14,32,9	8,1,3	29,52,23	804	-1
2519	4,0,1,1,0	1,0,1,3,1	1,0,0	0,3,1	953	-1
2520	0,3,3,1,0	7,2,2,4,4	0,0,0	2,1,1	86	-1
2521	1,0,3,3,0	0,3,2,1,0	1,0,0	0,5,1	151	-1
2524	49,44,66,41,36	0,0,1,2,1	74,56,72	2,0,0	922	-1
2525	28,32,48,28,28	0,0,0,2,0	47,39,51	0,0,2	891	-1
2527	18,24,17,16,24	1,1,0,0,0	17,25,15	1,1,1	842	-1
2529	2,4,1,0,8	11,9,11,9,6	2,2,1	6,5,9	117	-1
2532	2,0,0,0,2	7,2,6,13,11	1,2,1	15,16,8	2181	-1
2538	4,1,1,1,0	0,0,0,0,0	3,2,1	0,1,0	139	-1
2540	0,0,0,0,0	23,25,22,22,17	2,0,1	19,10,19	92	-1
2544	15,11,16,16,8	59,58,67,71,53	14,14,8	64,55,63	87	-1
2547	4,3,5,5,5	0,2,2,1,0	4,5,3	0,2,0	182	-1
2548	0,1,0,0,0	18,7,8,17,7	0,1,0	6,8,9	317	-1
2549	0,1,0,0,0	20,27,33,45,27	0,1,0	28,36,32	219	-1
2552	3,1,3,9,7	14,24,20,27,23	6,9,1	12,20,11	108	-1
2557	13,11,13,10,15	3,3,0,2,0	28,66,28	1,6,1	58	-1
2561	2,0,0,0,0	8,3,3,6,8	0,1,0	7,3,7	266	-1
2562	3,0,1,1,3	17,7,12,11,7	1,0,3	5,4,7	350	-1
2567	0,1,1,0,0	0,0,0,0,0	0,0,0	0,1,0	260	-1
2569	1,2,1,1,0	0,0,0,2,0	0,0,1	0,6,0	272	-1
2572	3,0,3,9,5	0,2,0,0,2	2,4,4	3,2,0	499	-1
2573	0,0,3,4,1	28,30,16,20,13	2,4,3	43,31,29	482	-1
2579	1,0,0,2,0	11,3,2,14,2	1,2,0	14,20,9	98	-1
2583	0,1,0,0,0	1,0,0,0,2	1,0,0	2,0,0	226	-1
2588	1,0,0,0,0	8,5,4,12,9	1,4,1	25,65,29	100	-1
2590	3,5,5,7,3	41,31,14,32,30	13,13,11	47,86,59	89	-1
2592	1,0,0,1,0	2,1,0,7,0	0,0,0	0,0,1	916	-1
2593	8,3,2,4,1	8,5,12,13,6	2,2,2	3,12,8	143	-1
2597	0,0,0,1,1	6,2,0,3,2	4,2,1	9,17,9	1193	-1
2600	11,14,8,17,15	98,95,53,141,111	5,9,7	72,55,60	78	-1
2602	1,5,0,1,9	9,4,8,7,3	4,19,1	14,29,15	1426	-1
2603	0,0,0,0,2	52,37,34,45,35	0,0,0	67,91,56	524	-1
2605	0,0,0,0,0	7,2,5,4,7	0,1,0	2,1,1	83	-1
2610	2,3,1,5,2	17,21,28,19,30	7,7,3	25,29,30	68	-1
2612	0,1,2,0,1	44,39,43,49,40	2,1,3	41,44,42	97	-1
2613	0,0,0,0,0	2,0,1,0,0	0,2,0	3,5,1	77	-1
2614	2,2,6,2,2	35,51,33,41,26	4,2,4	32,57,38	624	-1
2615	3,2,7,2,2	0,0,0,0,0	4,2,4	0,0,1	1054	-1
2616	1,0,1,0,0	42,33,49,52,43	0,0,0	52,65,40	295	-1
2617	8,2,1,4,1	32,34,38,19,59	2,6,4	27,44,51	835	-1
2619	3,0,0,1,0	38,36,51,46,43	1,0,0	43,51,43	81	-1
2631	0,0,0,1,0	46,28,23,45,35	0,0,0	20,56,27	107	-1
2633	1,1,2,1,0	6,14,18,17,19	2,0,0	6,12,7	1164	-1
2637	1,0,1,5,0	0,0,4,1,2	0,0,0	9,15,8	1083	-1
2640	1,2,2,0,1	96,76,86,88,47	0,1,0	90,95,88	231	-1
2647	0,3,0,2,0	57,64,57,80,62	1,0,0	71,91,66	503	-1
2648	0,0,0,0,0	4,3,6,4,7	0,1,1	2,4,7	641	-1
2649	2,0,0,0,0	1,5,7,1,1	0,1,1	1,2,3	766	-1
2650	0,0,0,0,0	1,0,2,0,0	0,1,1	0,0,1	1104	-1
2657	0,0,0,0,1	3,5,11,5,7	0,0,0	1,8,5	1225	-1
2660	6,9,7,4,7	96,118,126,147,114	7,11,15	104,172,137	80	-1
2664	0,0,2,1,4	0,1,1,2,1	1,1,1	0,0,0	327	-1
2665	0,0,2,1,4	5,8,6,9,6	1,1,1	5,9,5	263	-1
2666	20,17,19,14,16	198,197,225,261,251	10,1,7	105,53,81	164	-1
2667	12,8,13,17,12	186,150,192,165,154	1,2,2	70,51,77	71	-1
2668	2,0,0,4,1	60,54,54,75,54	0,2,0	38,42,47	188	-1
2669	3,3,0,12,3	0,0,0,2,0	3,3,6	0,0,0	532	-1
2670	1,3,0,8,2	63,67,51,69,71	3,1,6	47,48,53	223	-1
2679	3,1,1,6,1	3,7,6,10,7	2,1,3	10,12,12	71	-1
2681	12,4,4,6,1	0,0,1,3,1	4,15,15	1,4,1	106	-1
2686	1,0,0,0,0	13,16,35,34,22	0,1,1	18,19,30	105	-1
2691	1,1,1,1,0	25,22,28,29,20	2,3,3	61,69,41	196	-1
2693	1,1,1,1,0	11,3,0,1,3	2,3,3	2,3,2	2571	-1
2694	1,0,0,0,0	3,3,3,1,0	0,0,0	1,0,0	73	-1
2698	1,2,0,0,0	12,14,3,3,4	0,3,0	3,5,2	122	-1
2708	0,0,0,1,2	4,8,3,3,1	1,5,0	11,9,10	296	-1
2710	0,1,2,1,3	0,1,0,0,1	0,0,7	0,0,0	251	-1
2711	2,0,0,4,1	15,22,36,41,22	1,4,2	17,24,16	108	-1
2713	5,7,2,4,5	21,49,62,43,63	2,6,3	25,12,19	110	-1
2717	0,0,0,0,1	21,45,43,37,37	0,0,0	27,47,47	153	-1
2727	0,0,2,3,0	34,44,45,33,45	0,0,0	19,23,18	645	-1
2730	1,1,4,9,1	4,5,0,2,2	1,1,1	2,5,3	1542	-1
2732	0,0,0,0,1	37,62,43,44,47	0,0,0	52,64,48	145	-1
2733	0,1,0,0,1	64,58,81,76,78	0,0,0	35,54,53	107	-1
2736	5,0,2,6,2	7,9,8,14,15	3,1,0	3,3,4	138	-1
2737	196,150,156,170,167	928,757,810,906,807	112,70,102	420,290,468	289	-1
2738	1,0,0,0,1	486,477,571,602,629	1,0,1	454,381,358	662	-1
2739	2,4,5,3,2	25,57,42,31,30	0,3,1	11,20,13	236	-1
2742	0,0,0,0,0	0,0,0,4,0	0,1,0	1,17,3	675	-1
2743	0,1,0,3,0	3,0,0,5,1	0,3,1	4,14,5	100	-1
2744	0,1,1,0,2	8,3,2,5,2	0,3,0	8,7,3	2263	-1
2745	13,9,19,20,10	282,314,326,273,279	9,2,8	173,146,171	137	-1
2746	318,381,464,443,412	0,0,0,0,0	212,147,224	1,0,0	231	-1
2747	0,0,1,1,0	49,62,67,58,60	1,2,0	83,148,70	369	-1
2750	0,0,0,1,0	6,1,4,4,0	0,0,0	5,9,1	3227	-1
2751	3,2,1,3,1	1,1,0,2,1	10,5,1	1,3,0	3305	-1
2752	1,0,1,0,0	3,3,3,7,4	0,0,0	1,4,4	100	-1
2761	2,1,2,3,1	13,8,5,14,15	0,1,0	5,15,8	1523	-1
2766	2,1,0,0,0	60,73,58,77,69	0,1,0	29,43,35	745	-1
2770	0,2,2,0,1	3032,3771,4765,6465,3706	1,1,0	3354,2117,4277	87	-1
2771	0,4,1,3,1	3425,4240,5137,7137,3895	5,0,0	3488,2509,4748	77	-1
2775	1,0,0,1,0	2,5,5,11,10	0,0,0	5,5,3	184	-1
2784	0,0,0,0,0	3,0,2,1,1	0,0,2	0,4,0	226	-1
2788	0,0,0,0,0	2,1,0,4,0	1,2,1	3,10,1	74	-1
2789	1,3,12,15,7	37,39,56,56,44	3,5,9	44,53,42	134	-1
2790	0,0,0,0,1	72,84,68,70,51	0,0,0	75,51,51	71	-1
2794	0,0,0,1,0	2,6,10,2,11	0,1,0	21,12,13	2161	-1
2797	0,2,0,0,1	14,30,24,17,28	0,2,0	3,9,10	80	-1
2799	0,2,0,0,0	8,3,2,4,5	0,0,1	4,2,4	218	-1
2800	0,2,0,0,0	4,1,4,6,7	0,0,1	9,8,5	152	-1
2801	0,0,0,0,1	42,25,32,41,23	0,0,0	35,50,23	72	-1
2802	0,0,0,0,1	20,35,26,38,19	0,0,0	22,30,22	163	-1
2803	0,0,0,0,1	50,86,88,62,88	0,0,0	28,35,35	105	-1
2806	0,1,0,1,0	83,84,66,75,56	0,0,0	65,92,38	203	-1
2807	0,1,0,0,0	3,4,0,4,1	0,0,0	4,1,0	116	-1
2808	32,28,19,43,10	53,45,35,53,31	49,37,19	86,84,37	184	-1
2811	2,3,2,1,5	23,29,35,36,15	2,2,5	28,17,25	97	-1
2813	11,5,6,15,15	192,185,198,213,198	12,4,11	205,106,175	200	-1
2815	0,3,1,0,2	49,46,71,62,63	0,4,0	43,62,45	115	-1
2816	1,0,0,4,1	48,47,41,84,60	0,1,0	60,61,59	465	-1
2818	5,2,0,0,0	83,39,30,70,34	0,3,1	34,27,25	1218	-1
2828	9,14,10,10,15	0,1,0,1,1	15,13,17	0,1,0	119	-1
2833	0,0,0,0,0	37,47,29,51,36	0,1,0	54,98,55	659	-1
2835	0,0,0,1,0	118,116,101,112,107	0,0,0	59,89,73	79	-1
2837	0,0,0,1,1	31,33,24,52,40	0,0,0	74,68,40	1464	-1
2842	5,0,1,1,0	20,20,12,16,12	2,2,2	6,15,6	926	-1
2845	0,1,2,1,1	8,7,21,25,16	0,1,0	13,22,12	1295	-1
2847	1,0,3,1,1	13,13,13,9,11	2,3,0	14,23,16	77	-1
2852	1,1,1,1,1	9,14,14,8,6	2,1,1	4,5,3	141	-1
2855	0,0,0,0,0	2,1,3,0,0	0,1,0	0,6,3	235	-1
2859	26,40,42,40,63	184,201,255,228,264	39,9,41	138,60,202	267	-1
2860	0,0,2,0,0	1,2,4,5,1	1,0,0	14,14,6	438	-1
2862	0,1,0,0,0	19,33,37,40,32	0,0,0	54,64,28	1097	-1
2863	2,0,1,2,1	6,13,10,11,9	0,1,1	11,12,13	131	-1
2865	10,2,14,8,7	100,127,123,121,139	5,8,2	90,85,118	70	-1
2867	0,0,0,2,0	146,152,158,167,167	0,0,0	115,70,121	171	-1
2871	1,5,8,3,1	76,87,88,94,87	3,0,1	28,36,32	337	-1
2878	3,0,0,0,1	13,16,7,8,5	2,7,1	5,32,27	119	-1
2883	6,13,8,12,6	21,29,9,26,18	4,4,6	11,28,11	514	-1
2884	9,7,2,10,9	80,60,44,85,38	2,4,1	62,71,43	100	-1
2885	0,0,0,0,1	36,37,42,19,45	0,0,0	21,19,23	104	-1
2887	3,1,1,1,4	26,41,35,37,28	4,4,1	42,51,49	350	-1
2889	0,2,2,2,2	6,6,5,8,2	0,0,2	3,10,4	200	-1
2896	0,0,0,0,0	2,3,1,2,1	0,3,0	3,6,5	701	-1
2898	0,0,1,0,0	1,2,3,1,3	0,0,0	7,2,5	140	-1
2900	1,1,0,1,0	2,2,2,6,0	1,1,0	2,4,3	127	-1
2904	0,0,0,0,0	1,2,5,3,3	2,0,1	11,15,6	415	-1
2905	1,0,0,0,0	4,9,3,12,2	0,0,1	7,9,9	87	-1
2906	0,1,0,0,0	13,16,13,4,15	0,0,1	33,80,21	641	-1
2907	4,2,0,2,3	18,27,12,22,13	3,4,1	52,82,38	111	-1
2909	0,0,0,1,0	0,0,0,0,2	0,0,1	0,0,0	1677	-1
2910	2,1,1,1,0	10,7,15,11,9	1,2,2	7,19,8	184	-1
2911	7,3,6,3,0	0,0,0,2,0	7,5,10	0,0,0	214	-1
2916	0,1,3,2,2	0,2,5,1,0	0,1,0	2,0,4	95	-1
2919	0,2,0,1,0	5,0,4,6,2	0,0,0	1,6,3	796	-1
2921	1,0,0,2,0	24,39,28,44,22	0,1,0	8,24,6	183	-1
2922	1,0,0,2,0	0,0,0,1,0	0,1,0	0,0,0	271	-1
2923	109,93,113,126,93	2117,2215,2633,2485,2879	57,14,58	1494,1133,1842	137	-1
2928	0,2,0,0,0	2,1,0,2,0	1,1,0	0,1,0	96	-1
2929	0,1,0,0,0	5,3,0,3,0	0,0,0	2,3,1	87	-1
2943	8,2,2,4,9	19,21,17,30,17	0,1,3	12,11,13	75	-1
2944	2,4,8,1,1	2,6,0,0,1	1,8,1	2,1,1	247	-1
2946	0,1,3,0,9	5,7,15,6,6	0,2,0	6,1,3	82	-1
2949	9,9,10,14,11	53,67,45,51,47	2,2,8	21,32,24	84	-1
2950	10,4,2,9,6	54,51,42,64,50	5,4,1	24,40,28	100	-1
2964	0,3,3,2,2	38,51,49,47,45	1,4,0	44,31,33	251	-1
2973	3,5,7,3,1	105,92,104,90,89	0,0,0	24,26,17	892	-1
2976	1,1,4,1,5	85,65,53,74,41	7,8,7	55,53,55	1955	-1
2990	1,2,1,2,4	0,0,2,0,1	5,1,1	0,1,0	1509	-1
2992	0,2,0,1,0	24,20,10,21,17	8,3,2	67,121,57	450	-1
2994	32,11,21,27,6	18,17,16,16,7	25,13,16	33,19,7	1764	-1
2995	3,2,1,1,1	35,29,28,36,9	1,3,3	20,25,28	78	-1
2996	3,0,1,0,0	1,1,2,6,0	0,0,0	5,2,3	80	-1
2997	0,0,0,1,0	4,0,4,4,4	0,0,0	3,1,1	202	-1
2998	0,0,0,0,0	31,60,34,41,50	0,2,3	80,109,73	1487	-1
3001	223,255,198,300,223	2745,3090,3134,3534,3389	147,136,143	1482,1160,1453	116	-1
3002	126,102,141,142,124	0,0,1,0,0	67,26,61	0,0,0	311	-1
3005	2,0,0,0,0	21,36,23,15,28	0,0,0	57,58,45	345	-1
3006	2,0,0,0,0	62,47,42,30,33	0,0,0	45,78,40	312	-1
3009	0,0,1,0,0	1,1,0,7,2	1,1,1	1,3,8	149	-1
3010	0,0,0,0,0	4,1,1,1,0	0,1,0	5,4,1	171	-1
3011	0,1,1,0,0	7,4,1,7,5	1,0,1	7,5,1	477	-1
3017	1,0,0,0,1	24,21,40,40,29	0,0,1	14,33,25	84	-1
3018	0,0,0,0,0	4,5,5,5,6	0,0,1	6,3,3	138	-1
3026	0,0,0,1,0	22,20,26,15,29	0,0,1	13,31,18	189	-1
3030	1,0,0,0,0	1,3,3,1,2	1,0,0	3,5,1	641	-1
3031	0,0,0,0,0	4,0,0,3,1	0,1,0	1,1,1	74	-1
3034	0,3,0,1,0	34,30,22,35,21	1,1,0	17,18,17	161	-1
3041	0,1,0,0,0	45,49,52,43,41	1,0,0	32,54,34	77	-1
3042	0,1,0,0,0	10,2,10,5,6	1,0,0	5,4,6	418	-1
3047	0,0,0,0,0	2,1,0,0,4	0,1,0	3,26,10	2044	-1
3051	0,3,0,0,0	3,0,2,0,0	1,1,2	2,3,0	601	-1
3052	0,0,0,0,0	0,1,0,0,2	0,2,0	0,0,0	335	-1
3056	0,2,3,3,3	10,10,13,11,16	6,10,3	55,64,36	87	-1
3057	1,0,1,0,0	5,6,4,6,5	0,2,0	28,44,27	144	-1
3063	14,19,12,8,11	55,57,59,66,39	2,18,9	26,17,24	71	-1
3070	1,2,1,1,3	15,13,27,20,11	1,2,0	15,31,21	1583	-1
3073	4,5,12,4,4	39,40,51,45,50	0,8,8	31,31,34	179	-1
3074	0,0,0,0,0	9,31,26,26,35	0,2,0	7,17,24	111	-1
3077	0,0,0,0,0	0,3,1,0,0	0,1,0	1,2,0	370	-1
3081	8,6,1,5,4	109,146,90,125,127	7,12,10	173,229,181	149	-1
3082	2,3,3,4,2	24,14,17,22,16	3,1,4	6,6,3	238	-1
3084	0,0,0,1,0	10,2,5,4,2	3,1,2	10,17,16	86	-1
3085	0,0,0,0,0	8,9,7,5,2	1,0,0	7,25,10	86	-1
3093	5,5,1,3,2	15,30,12,15,23	1,1,1	5,22,17	73	-1
3094	0,1,1,2,3	0,0,0,0,0	0,1,1	1,2,1	228	-1
3095	1,0,1,0,0	0,0,1,1,0	2,5,0	0,0,1	228	-1
3104	0,1,0,0,0	294,324,255,305,278	0,0,0	266,307,295	1539	-1
3107	0,2,1,3,0	0,0,0,0,0	6,8,5	0,0,1	1566	-1
3118	1,2,3,2,3	0,2,2,2,1	0,1,1	0,0,0	486	-1
3120	178,170,225,206,167	0,0,0,3,8	107,90,109	0,0,1	225	-1
3127	35,31,22,39,26	0,0,0,0,1	31,15,37	0,0,1	587	-1
3130	6,13,6,11,7	23,32,40,35,24	5,3,0	10,28,17	80	-1
3131	0,0,0,1,0	2,11,8,3,2	0,0,0	20,40,9	856	-1
3137	0,0,0,1,0	0,1,0,0,1	0,0,0	0,0,4	472	-1
3141	6,2,4,2,1	0,0,0,0,0	3,13,1	0,3,0	2129	-1
3143	4,4,3,10,6	146,193,203,194,220	2,14,5	81,93,104	1417	-1
3145	0,0,0,0,0	0,1,0,0,0	1,0,1	0,0,0	863	-1
3147	2,2,1,0,2	0,0,0,0,1	0,1,1	0,0,0	628	-1
3148	2,0,1,0,2	0,0,0,1,0	0,0,1	0,0,0	1945	-1
3149	2,0,1,0,0	58,71,64,52,49	0,0,0	76,92,79	151	-1
3150	2,0,3,0,0	64,65,51,53,51	5,0,0	50,80,64	227	-1
3155	1,1,0,0,0	26,12,18,22,16	1,2,0	6,21,11	113	-1
3156	0,1,0,0,1	0,0,0,1,0	0,0,0	0,5,3	755	-1
3157	0,1,0,0,1	0,7,5,6,4	0,0,0	1,9,1	1142	-1
3159	0,2,0,0,0	1,4,2,1,1	0,0,0	8,19,3	255	-1
3164	0,0,0,2,0	2133,2368,2582,2445,2923	0,0,0	1064,1099,1292	195	-1
3165	14,2,4,16,6	933,1201,1378,1267,1382	15,5,12	713,464,859	1088	-1
3166	0,0,0,0,2	0,0,0,0,0	0,0,0	1,2,0	97	-1
3169	15,6,7,7,4	52,69,59,62,30	20,29,27	181,356,174	111	-1
3172	0,3,0,0,1	9,9,19,13,11	3,3,3	54,71,45	406	-1
3173	0,1,0,0,0	11,9,1,4,2	1,0,0	9,17,3	1534	-1
3176	0,0,0,0,0	2,4,2,1,1	0,1,0	1,6,1	108	-1
3181	0,2,0,1,1	35,65,41,52,60	2,0,2	37,19,39	114	-1
3185	0,2,0,0,0	18,20,22,15,25	0,0,1	13,27,15	2708	-1
3187	5,6,12,17,8	11,6,6,5,4	10,5,9	0,6,5	1348	-1
3191	13,16,14,12,13	0,0,0,0,1	6,12,11	0,0,0	1801	-1
3192	25,35,50,42,33	264,257,337,341,353	20,9,14	114,98,144	77	-1
3193	2,0,0,1,0	246,442,687,456,493	1,0,0	207,592,333	3539	-1
3203	8,4,10,8,17	0,0,0,0,0	3,8,8	1,0,0	493	-1
3207	0,0,1,0,0	97,97,121,148,147	0,0,0	37,72,31	411	-1
3210	0,0,0,0,0	0,0,4,1,1	0,0,1	0,2,1	279	-1
3213	8,4,1,5,5	30,27,20,17,35	7,10,7	51,87,66	2299	-1
3215	0,0,0,1,0	0,2,0,2,0	0,0,0	2,0,0	321	-1
3216	1,1,0,1,1	3,0,1,0,1	9,1,2	0,6,1	89	-1
3217	0,0,0,1,0	1,2,0,2,1	3,1,0	0,0,4	107	-1
3219	0,4,7,3,4	44,46,52,58,40	2,0,0	26,40,24	91	-1
3222	1,0,0,0,1	0,1,0,0,0	2,3,0	1,0,0	113	-1
3223	6,4,4,7,5	95,92,78,93,87	8,15,11	191,176,124	146	-1
3226	4,0,0,0,0	14,16,22,21,16	1,1,2	60,82,42	76	-1
3227	2,1,2,0,3	1,4,6,9,0	6,10,9	17,33,28	83	-1
3230	6,3,4,1,1	4,0,0,1,0	17,20,12	0,1,0	119	-1
3232	1,0,0,4,0	9,6,1,5,4	0,0,1	5,9,3	90	-1
3233	0,0,0,1,0	2,2,4,5,5	0,0,0	4,7,3	72	-1
3235	1,1,0,1,0	5,3,4,3,7	2,1,0	2,4,3	955	-1
3236	1,2,0,1,0	5,6,8,7,5	2,1,0	6,7,2	891	-1
3249	17,24,18,24,17	83,76,60,90,86	21,44,33	112,139,128	93	-1
3250	1,1,1,0,1	0,0,0,0,0	2,1,2	1,1,0	108	-1
3253	6,7,1,5,8	45,84,86,86,76	8,10,5	99,99,127	71	-1
3257	0,1,0,2,0	1,6,6,1,6	2,0,1	3,14,4	765	-1
3258	0,0,0,1,0	1,1,2,6,2	2,0,2	6,6,1	734	-1
3260	5,5,10,7,5	0,0,0,0,0	5,8,8	0,0,1	1783	-1
3261	0,1,0,0,0	8,16,15,7,12	2,5,0	22,21,19	1704	-1
3263	1,1,1,1,1	12,23,13,22,11	2,1,0	6,7,1	1603	-1
3264	0,0,1,0,0	9,4,4,11,2	0,0,0	18,12,24	1547	-1
3265	2,0,4,3,5	0,1,3,4,0	0,2,5	5,2,1	809	-1
3267	0,0,0,0,0	8,4,3,5,6	1,0,0	14,11,10	246	-1
3277	1,0,0,0,0	0,0,1,0,0	1,2,0	0,0,0	983	-1
3278	0,1,1,0,0	24,30,35,38,30	0,0,0	13,10,14	78	-1
3279	0,1,1,1,2	20,20,33,19,16	0,3,1	30,30,19	157	-1
3280	5,2,0,3,1	49,55,51,52,61	0,0,1	30,30,45	133	-1
3282	0,0,0,2,1	5,5,7,9,7	2,3,1	15,17,11	1384	-1
3286	0,0,0,1,0	88,101,115,115,108	0,0,0	72,43,76	169	-1
3289	2,1,0,0,0	5,0,5,0,0	0,0,1	0,0,0	154	-1
3290	2,1,0,0,0	0,1,0,1,0	0,0,1	0,0,1	205	-1
3291	1,1,0,0,0	1,1,3,0,0	1,4,0	20,58,15	784	-1
3294	0,0,0,1,0	286,315,349,296,338	0,0,0	224,141,231	629	-1
3296	1,3,12,4,11	79,62,81,76,87	6,21,2	105,136,88	76	-1
3297	10,8,8,22,10	17,24,24,23,25	21,11,15	66,33,48	78	-1
3311	5,1,0,0,0	10,15,16,20,15	0,0,0	25,22,21	258	-1
3312	0,1,0,0,0	41,29,34,36,31	0,0,0	46,40,24	786	-1
3313	0,0,0,1,0	248,318,358,376,403	0,0,1	157,247,195	306	-1
3315	0,1,3,0,1	715,691,795,819,678	0,0,0	744,869,733	282	-1
3325	532,512,719,754,837	0,0,0,0,2	523,604,615	0,0,0	149	-1
3326	0,0,0,0,2	2,6,7,15,10	2,1,0	13,35,15	568	-1
3332	1,0,2,1,0	23,18,22,25,15	0,0,0	7,12,9	1721	-1
3334	4,0,1,3,1	0,1,2,3,0	1,0,0	0,0,0	279	-1
3335	4,0,1,3,1	114,138,199,191,100	1,0,0	21,48,71	285	-1
3336	2,0,0,2,2	0,0,0,0,2	0,0,0	0,0,1	280	-1
3337	2,0,0,2,2	6,4,2,1,4	0,0,0	0,3,1	293	-1
3342	1,0,1,0,0	8,14,3,8,8	2,1,1	8,13,14	74	-1
3347	0,0,1,0,0	0,1,0,0,1	0,0,0	1,0,0	92	-1
3349	11,9,13,9,14	223,250,272,282,249	2,3,6	74,84,76	283	-1
3350	0,0,4,0,0	7,10,1,3,1	0,0,0	3,13,7	248	-1
3351	0,0,1,2,2	9,4,13,13,4	0,1,0	10,19,9	76	-1
3361	1,0,1,0,1	7,17,14,9,17	0,3,1	9,12,8	77	-1
3362	2,2,1,1,1	22,31,37,17,21	0,0,0	5,3,9	466	-1
3363	9,11,10,6,8	2,3,4,1,2	1,2,0	1,0,1	484	-1
3367	3,3,6,4,3	51,41,40,32,33	2,7,4	102,174,88	551	-1
3371	1,0,1,1,2	2,5,15,12,4	0,0,3	1,5,2	240	-1
3373	44,51,62,49,42	265,285,323,324,321	71,117,73	430,427,365	79	-1
3376	0,0,0,1,1	70,86,104,108,84	0,0,0	28,31,42	88	-1
3377	0,1,2,0,0	19,35,25,30,17	0,0,2	15,24,23	177	-1
3386	0,0,1,0,0	1139,1181,1166,1316,1057	0,2,0	1098,1246,1016	189	-1
3391	0,2,0,0,4	5,7,12,11,17	2,4,6	34,41,42	306	-1
3394	3,0,0,0,1	22,25,47,25,28	2,0,0	19,13,12	329	-1
3398	0,0,0,0,0	0,0,1,0,0	1,0,0	0,0,0	383	-1
3399	5,3,4,1,1	91,68,98,76,88	3,5,2	60,77,71	103	-1
3400	24,32,36,31,29	218,277,231,252,226	39,42,37	244,281,234	102	-1
3406	1,0,0,0,0	3,6,10,4,3	0,2,1	14,8,4	1688	-1
3411	0,0,0,0,0	135,141,111,158,77	0,1,1	116,159,128	200	-1
3412	28,28,13,20,11	4,14,3,6,4	8,25,13	3,6,16	1228	-1
3413	4,3,1,5,4	29,43,37,39,37	8,22,6	109,238,112	1044	-1
3415	3,8,2,11,8	66,44,57,61,41	14,21,3	65,128,89	279	-1
3416	13,21,44,21,19	0,0,1,0,0	5,12,4	0,0,0	89	-1
3421	2,2,6,4,3	4,4,8,2,3	2,4,4	2,6,4	916	-1
3422	0,2,0,1,0	5,6,3,3,4	1,2,1	4,5,6	907	-1
3423	2,1,2,2,5	23,26,31,27,22	6,4,1	26,46,45	275	-1
3424	2,1,2,2,5	14,9,8,12,2	6,4,1	6,7,7	2472	-1
3430	8,8,13,12,9	50,35,44,42,67	10,14,3	29,31,42	119	-1
3431	8,6,12,9,8	0,0,2,1,0	10,11,3	0,0,1	112	-1
3432	0,0,0,0,0	3,10,7,6,2	0,0,1	19,40,14	1136	-1
3433	1,4,3,3,1	0,0,1,0,0	0,6,4	0,0,0	659	-1
3434	1,4,3,3,1	7,1,4,8,6	0,6,4	8,18,9	673	-1
3435	1,7,2,6,3	29,43,46,49,39	2,0,1	34,52,37	193	-1
3436	1,1,1,0,1	1,12,3,10,15	0,0,0	3,7,5	284	-1
3443	1,0,0,3,0	14,9,9,24,5	0,1,0	9,15,9	90	-1
3444	1,0,0,3,0	32,19,34,52,23	0,1,0	38,27,22	155	-1
3448	0,3,0,0,0	0,0,1,3,0	0,0,1	0,2,1	889	-1
3450	9,2,3,3,2	5,1,0,4,1	2,1,4	5,6,3	985	-1
3451	0,2,2,1,1	34,27,30,43,22	0,0,0	32,25,35	99	-1
3458	13,15,23,23,17	531,552,591,544,567	24,29,59	560,1077,755	133	-1
3462	1,2,3,2,1	0,2,0,0,0	7,2,1	0,0,0	91	-1
3463	1,0,3,2,1	14,17,19,17,12	6,2,0	22,37,16	273	-1
3468	0,0,0,1,0	7,3,5,7,6	1,0,0	7,5,3	1303	-1
3470	8,2,1,7,3	0,1,3,1,0	1,4,0	0,0,0	2294	-1
3472	0,0,1,0,0	0,0,0,0,0	0,0,0	0,3,0	998	-1
3473	0,0,0,0,0	0,0,1,0,1	0,3,0	0,0,1	856	-1
3477	577,661,707,665,703	4040,4475,4746,4649,4742	374,263,419	2703,1823,2802	756	-1
3478	1,0,1,0,0	19,24,4,23,20	0,2,0	10,26,21	93	-1
3497	0,0,0,2,3	8,15,8,23,12	1,2,0	8,12,10	522	-1
3507	2,1,6,3,2	47,44,59,49,21	2,3,6	40,27,46	268	-1
3510	0,0,0,1,0	2,0,4,1,2	1,0,0	1,0,0	653	-1
3511	0,1,0,0,1	2,1,5,0,4	1,0,0	0,2,0	179	-1
3513	0,0,3,0,0	4,5,5,1,3	0,0,0	4,3,2	1890	-1
3518	35,8,7,24,13	147,105,90,125,89	18,25,6	140,175,154	616	-1
3519	25,20,24,20,27	256,213,189,196,147	21,23,26	164,179,159	83	-1
3522	0,0,1,0,0	0,0,0,0,0	5,2,1	0,1,0	1244	-1
3523	0,0,1,0,0	0,0,1,0,1	5,2,1	2,2,4	1755	-1
3527	0,0,0,1,2	48,54,64,96,65	1,0,1	90,64,52	1083	-1
3532	0,0,0,0,0	6,10,6,17,2	2,0,0	11,27,17	87	-1
3533	0,0,0,0,0	6,6,5,4,3	2,0,0	14,16,11	199	-1
3536	3,0,6,2,3	11,25,21,19,21	1,1,0	9,20,2	83	-1
3538	1,1,1,1,0	0,2,0,0,0	1,0,2	1,0,0	183	-1
3544	2,1,5,3,0	10,15,14,10,13	5,6,9	15,29,14	1617	-1
3545	1,0,1,2,1	93,66,71,85,71	1,5,4	81,97,84	2006	-1
3548	0,2,0,1,2	0,1,2,0,0	1,3,0	0,2,0	93	-1
3550	0,0,0,0,0	43,38,39,33,27	0,1,0	22,18,23	279	-1
3556	1,4,0,0,0	20,14,26,13,14	9,5,2	43,71,40	541	-1
3559	7,5,4,7,7	88,108,97,92,99	7,15,7	97,160,121	69	-1
3561	1,0,0,0,0	25,40,45,54,38	0,0,1	32,23,28	73	-1
3562	4,12,7,11,2	33,33,39,30,24	8,27,8	29,44,32	75	-1
3564	0,0,4,3,1	21,13,20,15,14	0,0,0	2,0,3	1409	-1
3567	0,1,1,2,0	12,19,6,8,9	4,1,3	17,14,16	128	-1
3574	1,0,1,3,2	11,13,8,25,15	0,1,0	13,16,6	1272	-1
3575	1,2,2,3,1	12,15,11,16,13	0,1,2	32,38,12	1943	-1
3576	2,0,0,0,0	7,10,12,22,16	0,0,0	10,17,8	335	-1
3577	0,4,0,0,2	15,26,10,11,19	0,0,2	14,14,24	73	-1
3581	4,1,0,1,1	7,7,2,1,3	1,0,1	1,0,1	1284	-1
3582	0,0,0,0,0	0,2,3,0,2	0,2,0	0,23,5	934	-1
3583	0,0,0,1,0	4,0,5,3,4	0,0,1	0,8,5	76	-1
3589	0,0,0,2,0	6,4,7,1,2	0,2,1	2,10,3	1381	-1
3591	0,1,0,0,0	1,2,5,1,0	1,0,0	0,2,2	83	-1
3592	0,0,0,1,0	1,5,2,3,4	0,1,0	1,5,1	81	-1
3594	5,3,4,1,0	16,24,25,23,12	1,1,5	6,12,21	251	-1
3596	6,3,2,3,4	59,62,71,84,61	2,1,0	26,38,53	2466	-1
3599	0,0,0,0,1	13,17,17,23,21	0,0,0	20,34,18	81	-1
3600	0,0,0,0,1	18,29,22,16,32	0,0,0	20,28,23	831	-1
3602	7,6,4,5,8	20,23,42,33,10	2,11,1	9,15,6	70	-1
3604	3,1,1,1,2	22,24,21,20,22	4,1,0	34,51,44	687	-1
3608	10,16,27,35,22	801,874,981,1065,1020	71,46,65	5255,6397,5388	83	-1
3612	12,8,9,4,4	0,2,1,0,4	5,4,6	5,3,0	1335	-1
3613	12,8,9,4,4	80,69,82,82,74	5,4,6	81,82,53	1287	-1
3614	2,4,5,0,3	0,0,0,0,1	2,4,3	0,0,0	99	-1
3618	6,7,13,13,18	106,124,125,122,109	3,5,5	71,54,85	1802	-1
3620	0,4,0,3,2	14,18,10,12,12	2,1,0	12,14,11	70	-1
3622	5,3,4,1,2	1,0,0,0,0	1,4,4	0,0,0	205	-1
3625	0,2,1,6,2	41,17,29,30,23	6,9,2	57,127,39	227	-1
3627	0,1,0,0,0	11,7,14,5,7	1,0,0	9,14,16	690	-1
3628	2,1,0,0,1	1,1,0,5,1	4,2,1	5,3,5	1124	-1
3629	2,1,0,0,1	23,14,13,24,12	5,2,1	10,31,20	345	-1
3630	3,2,0,0,0	5,10,22,9,10	2,2,1	9,24,14	72	-1
3631	3,4,0,4,2	142,155,171,174,95	1,4,2	129,125,119	77	-1
3632	8,5,5,4,6	130,131,155,173,94	1,1,3	122,117,114	206	-1
3633	0,0,0,1,2	4,5,12,5,6	1,0,0	6,12,5	276	-1
3635	30,24,23,20,21	0,1,0,1,0	46,88,36	1,0,0	109	-1
3636	2,1,0,1,0	7,10,8,14,10	2,1,0	29,85,30	1874	-1
3638	1,0,3,0,4	1265,1580,1484,1283,1538	0,2,1	1206,1181,1337	112	-1
3639	222,292,215,240,206	16,31,14,23,11	213,309,250	41,48,33	36	-1
3641	0,0,0,0,0	3,0,0,2,2	0,0,1	0,4,2	146	-1
3642	0,0,0,0,0	0,0,2,1,0	0,0,1	0,2,1	623	-1
3643	1,0,2,2,0	24,30,22,23,22	2,1,4	45,60,47	1395	-1
3644	8,8,3,2,4	35,46,34,43,38	3,7,4	69,92,81	77	-1
3647	55,44,45,63,59	190,221,276,271,313	23,30,24	135,143,135	78	-1
3649	1,0,1,0,0	0,0,1,0,1	0,5,1	0,3,0	83	-1
3650	0,0,0,0,0	2,2,1,5,3	2,5,0	18,16,17	1417	-1
3651	0,0,0,4,1	9,4,1,4,5	2,2,1	28,20,16	1012	-1
3652	3,14,8,5,4	203,239,213,233,234	1,1,0	110,88,141	85	-1
3653	65,83,94,86,95	3,5,7,7,7	39,31,39	4,6,3	107	-1
3658	6,6,9,22,10	0,0,1,1,2	11,13,19	2,1,2	274	-1
3663	0,0,0,0,0	9,6,9,20,10	3,3,1	36,103,31	386	-1
3664	1,2,1,0,0	0,0,0,0,0	0,0,0	1,0,0	936	-1
3665	118,147,120,153,132	1132,1274,1291,1368,1174	119,185,88	1301,1706,1140	221	-1
3667	1,0,0,1,1	0,2,6,4,0	0,0,0	0,0,1	257	-1
3669	0,0,0,1,0	6,8,9,8,2	0,0,0	3,5,1	78	-1
3670	0,1,3,2,1	7,4,4,7,6	0,2,0	2,3,1	62	-1
3673	0,2,0,0,0	27,24,14,31,27	1,0,0	53,55,57	225	-1
3675	7,10,12,10,5	28,28,25,18,24	0,0,0	6,5,7	603	-1
3677	0,1,1,1,2	37,38,44,36,33	2,0,2	36,46,42	279	-1
3679	287,159,165,336,1	4,2,2,3,3	0,87,0	0,0,1	108	-1
3680	2,1,1,7,0	1643,1501,1598,2113,1378	0,1,0	533,483,693	89	-1
3683	0,0,0,1,0	6,8,13,15,15	1,0,0	5,13,10	197	-1
3692	1,0,0,0,3	5,4,5,4,1	0,0,0	8,2,0	498	-1
3697	2,6,1,5,0	27,14,28,26,10	0,8,0	24,29,22	101	-1
3698	0,0,1,2,1	1,6,2,3,2	5,12,3	8,29,14	1203	-1
3699	9,13,8,8,4	354,366,373,387,356	6,3,6	181,96,234	281	-1
3702	0,2,1,1,1	11,11,13,29,3	3,5,2	47,112,55	207	-1
3704	2,2,0,1,0	17,15,7,24,7	0,0,0	13,11,6	513	-1
3707	1,3,0,1,0	41,41,36,39,52	2,2,3	61,50,88	287	-1
3708	1,0,0,0,0	1,2,1,0,0	1,0,0	0,0,0	1007	-1
3709	1,0,0,0,0	22,19,30,18,28	1,0,0	18,16,20	1078	-1
3711	1,2,3,1,1	144,158,153,125,136	1,0,0	60,67,55	304	-1
3712	21,30,19,24,19	105,123,120,106,135	15,13,7	27,58,57	184	-1
3713	11,4,8,12,6	80,114,120,115,104	4,4,7	60,60,61	217	-1
3714	0,0,0,1,0	1,0,1,1,0	1,2,0	0,3,2	117	-1
3715	1,0,0,0,0	0,1,1,4,0	0,0,0	2,6,2	205	-1
3722	1,0,0,0,0	0,2,0,0,0	0,4,1	0,0,0	146	-1
3727	1,0,0,3,1	2,4,2,0,6	0,0,0	1,1,1	126	-1
3728	0,0,0,3,1	28,43,29,27,23	0,0,0	5,2,6	72	-1
3729	0,0,1,3,1	0,1,0,0,1	1,2,1	1,0,0	936	-1
3730	3,0,1,3,1	1,1,6,9,6	1,2,2	6,8,5	940	-1
3731	4,1,1,3,1	7,4,1,4,4	2,2,2	12,12,5	943	-1
3732	4,2,1,5,2	0,2,3,10,2	2,2,4	11,16,8	432	-1
3733	1,0,2,5,4	76,78,93,82,65	1,4,1	80,76,86	744	-1
3737	0,0,3,1,0	11,6,8,5,4	0,1,0	3,1,3	328	-1
3739	0,0,1,0,1	134,202,208,189,176	0,0,1	130,115,146	134	-1
3740	9,4,4,6,1	61,58,59,75,55	4,8,6	118,142,126	160	-1
3744	2,10,8,10,5	124,130,166,165,128	7,3,4	69,57,57	839	-1
3747	0,0,0,0,0	0,1,0,1,0	0,1,0	0,1,0	184	-1
3752	7,2,2,4,2	22,23,25,26,19	0,6,1	18,26,24	404	-1
3753	7,2,2,4,2	0,3,0,0,0	0,6,1	0,0,1	473	-1
3757	4,0,0,2,0	8,6,8,13,10	1,0,0	16,13,12	139	-1
3758	0,0,1,1,0	1,7,5,3,8	0,1,2	19,16,11	1106	-1
3759	3,5,7,9,6	43,72,62,61,59	0,0,3	31,19,24	70	-1
3760	3,5,7,9,6	1,2,2,2,3	0,0,3	0,0,0	111	-1
3761	0,1,0,0,0	2,5,0,3,2	0,0,0	4,3,1	1121	-1
3762	1,5,0,4,0	3,2,16,15,6	1,1,2	4,4,7	456	-1
3768	7,8,2,7,2	117,138,142,174,127	12,6,17	187,146,186	330	-1
3777	0,0,2,1,1	26,20,20,24,9	3,8,4	40,76,55	817	-1
3778	0,0,0,0,0	17,16,19,24,12	1,2,1	52,34,42	1025	-1
3781	2,1,2,0,0	12,8,15,7,20	3,0,0	9,5,8	208	-1
3784	4,1,2,5,1	3,5,7,3,6	3,4,6	6,8,6	981	-1
3785	4,1,2,5,1	0,0,0,0,0	3,4,6	1,0,0	2294	-1
3789	9,10,8,5,5	832,756,825,750,920	5,3,11	662,385,789	416	-1
3790	2,2,0,2,1	706,899,925,848,980	1,0,0	523,268,571	88	-1
3792	22,17,17,19,11	43,40,48,61,49	4,3,10	11,6,23	325	-1
3805	8,22,14,11,9	67,117,129,97,112	5,4,11	58,61,74	102	-1
3809	10,6,3,8,3	16,7,11,11,14	2,2,7	11,6,12	103	-1
3810	2,1,0,1,0	12,11,16,17,15	1,2,3	11,4,8	70	-1
3813	0,0,0,0,0	7,5,4,3,2	0,1,1	24,61,32	1781	-1
3817	7,8,10,14,3	2,2,4,13,4	7,9,6	2,2,3	74	-1
3821	0,0,0,0,0	13,15,5,9,6	1,0,0	18,103,22	151	-1
3824	8,4,2,4,1	4,5,5,4,3	5,7,1	8,10,7	241	-1
3825	1,0,0,0,0	4,11,3,4,1	0,1,0	11,22,6	72	-1
3831	1,0,1,0,2	18,15,13,16,11	1,4,0	12,7,14	582	-1
3841	3,0,0,0,0	66,44,73,59,64	0,0,0	42,52,49	220	-1
3846	2,1,1,1,1	15,11,17,16,19	2,3,0	11,13,19	82	-1
3849	0,1,0,0,0	1,1,0,0,0	0,0,1	0,0,0	526	-1
3854	0,3,0,0,1	4,0,2,2,3	0,2,0	10,12,12	120	-1
3856	0,0,0,0,1	0,2,0,0,1	0,0,0	1,0,2	525	-1
3858	1,6,10,2,0	25,23,26,25,19	3,2,5	7,11,9	85	-1
3859	0,0,1,5,0	7,7,5,3,6	0,0,0	1,8,7	99	-1
3860	0,0,1,1,1	1636,1596,1870,1976,2013	0,1,0	660,506,752	155	-1
3861	2,1,0,1,4	7,4,9,13,2	1,2,4	18,23,18	520	-1
3862	12,6,5,7,8	42,44,51,72,45	5,4,4	23,15,26	117	-1
3864	0,0,0,0,0	0,0,0,1,1	0,1,0	3,3,6	95	-1
3865	6,8,10,12,4	79,79,94,78,105	9,9,4	82,87,99	142	-1
3866	4,6,8,2,9	140,120,142,128,177	11,13,10	165,108,151	96	-1
3867	40,22,24,40,34	170,222,287,279,208	30,11,22	180,96,172	79	-1
3869	6,10,5,6,8	0,1,0,0,0	4,5,9	0,0,0	327	-1
3871	6,11,15,14,3	139,168,173,174,147	5,6,2	123,99,139	1278	-1
3872	9,3,5,10,7	0,0,0,0,0	13,10,9	0,0,1	91	-1
3876	2,0,0,0,0	102,103,110,89,90	0,0,0	206,239,172	204	-1
3877	4,2,2,2,1	77,91,129,91,103	6,4,0	197,250,134	84	-1
3883	0,0,0,0,0	4,6,3,1,2	4,2,1	22,25,6	324	-1
3884	1,1,0,0,1	1,4,1,4,4	2,3,1	13,26,7	71	-1
3887	0,5,2,3,0	16,11,13,18,17	2,1,0	13,5,6	640	-1
3888	11,19,10,18,23	27,41,40,45,51	1,5,1	16,23,9	83	-1
3889	10,8,12,3,17	44,39,60,67,63	1,4,4	10,27,7	88	-1
3891	0,1,0,0,0	128,162,182,156,190	4,0,0	215,188,207	378	-1
3892	0,1,0,3,0	32,7,18,13,12	0,3,2	39,31,35	2480	-1
3893	0,2,0,0,1	8,5,7,4,2	2,3,4	23,34,15	1837	-1
3899	7,10,2,9,10	105,153,161,133,107	2,0,4	66,33,54	298	-1
3900	0,0,0,0,0	4610,4418,4940,4980,5024	0,1,0	21852,30963,25321	94	-1
3907	5,5,4,9,2	15,13,8,16,18	2,1,1	20,4,14	586	-1
3910	4,12,5,9,5	62,74,111,95,92	1,2,3	32,32,26	320	-1
3915	0,0,1,0,0	0,1,3,1,0	1,0,0	1,0,0	268	-1
3927	1,0,0,0,0	2,3,7,2,7	0,0,0	4,4,3	472	-1
3934	0,0,1,0,0	0,0,0,0,2	0,0,0	0,0,3	107	-1
3936	0,0,0,0,0	7,8,8,3,5	0,3,0	8,13,8	582	-1
3940	0,0,0,1,0	15,11,10,12,9	0,0,0	24,64,21	345	-1
3941	0,1,0,1,0	7,14,12,21,14	0,0,0	19,49,20	161	-1
3944	1,0,0,1,1	25,26,26,43,29	2,4,4	37,92,49	116	-1
3945	6,6,3,8,1	23,41,49,49,31	4,7,4	44,54,42	83	-1
3946	22,29,15,30,22	129,132,145,144,151	11,9,8	118,96,93	72	-1
3949	0,0,0,1,0	131,183,195,211,184	0,0,0	111,96,90	562	-1
3953	18,28,22,20,17	121,134,169,154,155	16,17,15	62,57,77	1931	-1
3955	1,1,2,0,0	31,13,27,35,15	1,0,0	24,34,15	229	-1
3960	4,7,3,3,2	2157,2584,2860,2576,3087	5,1,3	1283,784,1443	185	-1
3961	3,3,2,1,1	23,17,32,23,38	1,2,3	12,22,24	84	-1
3963	0,0,0,0,1	2,7,5,11,7	0,0,0	1,6,2	1005	-1
3964	8,4,0,5,1	0,0,0,0,0	3,7,6	5,0,0	2305	-1
3965	0,0,0,1,0	20,18,21,15,20	0,0,0	9,18,18	372	-1
3972	0,0,0,0,0	8,3,5,8,5	1,0,0	5,12,13	411	-1
3974	4,3,5,0,2	23,24,35,30,21	1,3,5	38,74,32	89	-1
3975	0,0,0,0,0	36,39,24,38,29	0,1,0	48,60,47	673	-1
3976	1,0,1,0,1	3209,3559,3739,4160,4071	1,0,1	2650,2955,2257	117	-1
3977	23,22,22,46,21	94,71,78,79,67	18,23,14	65,79,74	195	-1
3979	1,4,0,1,0	21,13,13,6,14	2,2,1	23,36,25	307	-1
3981	7,4,5,5,6	0,0,0,0,2	2,3,5	0,0,0	655	-1
3983	0,0,0,0,0	1,0,0,0,0	2,1,0	0,0,0	222	-1
3985	6,2,5,6,1	129,111,108,118,113	3,0,3	68,53,73	323	-1
3991	1,0,0,0,1	2,0,1,3,1	0,0,0	0,4,7	1437	-1
3993	0,0,1,1,1	5,5,1,2,1	1,2,1	0,7,3	96	-1
3994	4,0,1,0,0	0,0,0,0,1	0,0,0	0,1,0	84	-1
3995	9,2,3,8,3	20,22,22,38,35	3,2,4	17,37,20	110	-1
3996	0,1,0,3,0	16,24,9,17,24	2,0,2	20,15,14	86	-1
4000	2,4,3,5,1	2,1,0,0,0	2,1,1	0,2,1	599	-1
4003	3,3,5,6,3	1,0,0,1,2	2,2,1	1,1,3	486	-1
4006	6,2,1,4,0	3430,3398,3538,3894,3528	0,0,1	1885,1968,2059	1167	-1
4007	1,1,0,1,1	4,12,10,5,7	3,5,0	18,30,17	74	-1
4010	0,0,0,0,0	0,2,0,0,4	0,0,1	1,12,1	121	-1
4012	0,1,0,0,1	12,34,22,32,15	2,2,2	38,69,25	154	-1
4013	8,13,11,12,11	4,0,3,1,1	8,22,13	6,3,1	227	-1
4014	8,12,11,14,10	16,10,25,17,12	7,20,15	20,32,23	230	-1
4015	0,1,0,2,2	1,0,0,2,1	6,4,3	0,0,0	414	-1
4016	1,0,0,0,2	1,1,4,4,1	0,0,1	10,43,5	2423	-1
4017	0,0,2,1,0	20,19,23,11,13	2,11,0	27,37,16	489	-1
4018	17,21,7,26,15	97,84,89,122,78	40,32,49	102,151,112	1264	-1
4023	2,0,3,1,4	4,6,5,0,10	0,0,3	2,3,7	244	-1
4031	1,1,0,1,0	27,19,22,31,26	0,1,0	19,26,26	224	-1
4032	1,1,0,1,0	1,0,1,1,0	0,1,0	0,2,2	204	-1
4033	1,1,0,1,0	9,5,4,4,4	0,1,0	2,7,8	184	-1
4034	1,1,0,1,0	1,0,1,2,0	0,1,0	0,0,0	169	-1
4035	0,2,1,0,2	14,8,9,14,4	0,0,0	4,18,5	94	-1
4036	0,2,1,0,2	9,24,15,8,8	0,0,0	8,14,18	70	-1
4038	0,0,1,0,0	133,122,148,130,170	0,0,0	35,35,40	138	-1
4039	0,0,1,0,0	61,70,66,62,71	0,0,0	27,23,26	136	-1
4040	0,0,0,0,0	24,35,40,36,33	2,1,2	21,24,20	209	-1
4048	4,1,2,3,4	3,4,2,5,2	0,1,2	12,13,4	275	-1
4052	0,1,0,0,0	99,100,111,129,105	0,0,0	182,211,166	236	-1
4053	10,15,14,19,9	239,280,275,266,316	10,12,18	203,159,194	103	-1
4054	19,24,28,27,24	1,0,0,0,1	10,19,22	0,0,0	258	-1
4055	22,28,40,38,39	136,182,189,173,198	11,20,30	129,126,132	108	-1
4056	16,21,32,28,23	3,0,2,2,3	9,17,21	3,0,1	76	-1
4057	1,0,0,0,0	6,8,17,15,12	0,2,2	7,8,11	223	-1
4068	6,7,3,9,2	25,15,14,11,13	0,2,4	5,12,4	80	-1
4070	9,11,9,22,20	293,265,245,307,276	10,13,11	285,166,271	89	-1
4071	30,25,24,45,23	258,250,252,266,279	37,14,20	268,192,261	177	-1
4078	1,1,7,7,4	80,50,32,56,45	26,22,13	120,144,127	2263	-1
4093	2,1,0,0,0	0,0,1,1,0	0,0,0	1,5,3	1457	-1
4095	5,10,9,6,8	25,24,32,21,26	8,13,12	57,82,47	88	-1
4096	5,8,6,6,3	1,0,0,0,0	7,9,7	0,0,0	74	-1
4103	1,2,1,0,1	46,67,35,45,57	0,1,1	14,20,17	1110	-1
4105	1,2,1,0,0	14,19,24,19,27	0,3,5	74,86,92	1007	-1
4113	1,1,2,5,3	10,13,6,6,6	1,4,1	8,6,4	78	-1
4114	0,0,2,0,0	10,10,11,13,11	1,2,0	8,6,2	88	-1
4115	2,4,4,4,2	18,32,29,21,12	1,5,4	15,30,23	88	-1
4116	3,1,0,3,3	0,1,0,0,0	4,0,4	0,0,0	438	-1
4117	3,3,3,2,3	0,1,0,0,0	1,1,0	0,0,0	321	-1
4118	0,3,1,0,0	7,11,15,13,5	0,1,1	22,15,21	80	-1
4119	1,1,3,3,2	20,31,23,33,32	1,2,1	12,9,5	824	-1
4121	0,0,0,4,1	213,239,255,271,304	0,0,0	169,157,164	649	-1
4122	26,25,26,33,27	146,215,200,265,262	13,24,20	188,227,162	76	-1
4128	2,0,2,3,0	1,1,1,3,0	0,0,0	2,1,2	1690	-1
4131	3,4,2,1,1	15,17,13,14,17	0,2,1	26,26,21	153	-1
4132	0,0,2,0,1	1,0,3,1,1	0,1,0	0,2,0	651	-1
4133	0,1,1,1,2	51,57,37,66,36	1,0,1	27,33,26	67	-1
4134	18,20,13,29,9	67,40,56,67,58	8,20,10	16,43,28	91	-1
4138	4,2,1,4,4	116,128,113,130,128	0,5,1	41,35,40	1719	-1
4145	4,0,3,3,2	33,26,33,42,29	2,5,2	28,49,20	1282	-1
4146	4,0,3,3,2	0,0,0,1,0	2,5,2	0,0,0	285	-1
4149	0,1,0,0,0	99,88,74,97,73	0,0,0	89,97,117	142	-1
4153	0,4,3,2,0	5,3,2,3,3	1,2,1	1,9,6	985	-1
4154	0,4,3,2,0	8,11,22,12,16	1,2,1	2,29,10	700	-1
4155	0,4,3,2,0	16,26,22,24,12	1,2,1	9,74,24	625	-1
4156	2,1,1,0,2	3,5,4,5,13	0,1,0	6,5,2	84	-1
4163	0,0,0,0,0	2,0,1,0,0	0,1,0	0,0,1	113	-1
4164	0,0,0,0,0	5,2,4,4,0	0,1,0	8,21,12	116	-1
4166	0,0,0,0,0	0,0,2,0,0	1,0,2	0,0,0	1097	-1
4167	0,0,0,0,2	12,8,6,5,10	0,1,2	4,8,8	2061	-1
